2008_000034 0.2204 6.00 234.00 45.00 362.00 4 80
2008_000051 0.1787 279.00 111.00 294.00 136.00 0 116
2008_000051 0.1925 182.00 102.00 193.00 136.00 0 96
2008_000051 0.1661 120.00 70.00 138.00 109.00 7 99
2008_000145 0.1597 201.00 249.00 247.00 375.00 0 106
2008_000272 0.2674 51.00 197.00 74.00 272.00 0 93
2008_000398 0.1845 1.00 272.00 26.00 385.00 4 106
2008_000522 0.1608 299.00 99.00 375.00 197.00 0 116
2008_000677 0.2179 243.00 144.00 262.00 201.00 0 84
2008_000691 0.1703 332.00 246.00 375.00 331.00 0 69
2008_000705 0.2000 455.00 232.00 475.00 285.00 2 101
2008_000705 0.2038 475.00 231.00 497.00 286.00 0 73
2008_000795 0.2095 216.00 291.00 252.00 332.00 0 110
2008_000885 0.3197 95.00 181.00 125.00 273.00 4 94
2008_000911 0.2298 76.00 198.00 147.00 438.00 4 98
2008_001060 0.1751 13.00 163.00 64.00 258.00 0 107
2008_001077 0.2665 359.00 31.00 394.00 139.00 0 104
2008_001199 0.1189 392.00 10.00 405.00 42.00 0 84
2008_001199 0.2034 395.00 238.00 420.00 284.00 0 98
2008_001199 0.2119 235.00 215.00 282.00 307.00 1 115
2008_001199 0.1925 223.00 178.00 244.00 219.00 2 86
2008_001304 0.2021 1.00 256.00 19.00 309.00 0 85
2008_001304 0.2203 13.00 254.00 34.00 309.00 0 77
2008_001304 0.2263 26.00 255.00 49.00 309.00 8 78
2008_001304 0.2393 43.00 254.00 63.00 308.00 0 90
2008_001304 0.2244 58.00 255.00 76.00 308.00 2 79
2008_001304 0.2397 73.00 254.00 93.00 308.00 0 112
2008_001304 0.2202 88.00 253.00 106.00 307.00 0 94
2008_001304 0.2233 102.00 252.00 120.00 306.00 0 84
2008_001304 0.2342 116.00 254.00 135.00 307.00 0 120
2008_001304 0.2299 131.00 252.00 150.00 306.00 3 102
2008_001304 0.2557 146.00 250.00 165.00 305.00 1 92
2008_001304 0.2505 162.00 250.00 180.00 304.00 4 108
2008_001304 0.2284 177.00 251.00 194.00 304.00 3 112
2008_001304 0.2519 190.00 250.00 209.00 304.00 3 108
2008_001304 0.2282 206.00 249.00 222.00 304.00 1 102
2008_001304 0.2362 220.00 249.00 237.00 303.00 0 81
2008_001304 0.2833 235.00 249.00 253.00 304.00 1 88
2008_001304 0.1797 313.00 55.00 330.00 99.00 0 97
2008_001333 0.1861 257.00 123.00 275.00 176.00 0 104
2008_001333 0.1806 235.00 133.00 253.00 182.00 0 100
2008_001486 0.2023 320.00 109.00 364.00 201.00 4 107
2008_001593 0.1676 116.00 54.00 286.00 181.00 0 104
2008_001594 0.1477 16.00 119.00 30.00 146.00 3 104
2008_001594 0.1616 5.00 109.00 23.00 148.00 1 129
2008_001636 0.1851 273.00 146.00 290.00 188.00 0 93
2008_001636 0.1515 290.00 147.00 305.00 187.00 1 105
2008_001638 0.1750 338.00 276.00 350.00 314.00 0 91
2008_001638 0.1786 335.00 271.00 345.00 311.00 4 121
2008_001862 0.1199 45.00 35.00 60.00 65.00 2 94
2008_001910 0.2068 276.00 210.00 313.00 319.00 1 134
2008_001928 0.1980 398.00 238.00 420.00 278.00 0 43
2008_002082 0.1295 399.00 143.00 407.00 169.00 4 95
2008_002082 0.1062 404.00 143.00 413.00 170.00 0 107
2008_002153 0.2401 214.00 135.00 250.00 236.00 1 104
2008_002153 0.2161 242.00 130.00 269.00 222.00 0 95
2008_002199 0.2125 395.00 217.00 406.00 236.00 7 99
2008_002250 0.2099 473.00 117.00 481.00 137.00 0 112
2008_002292 0.1653 1.00 1.00 500.00 375.00 0 85
2008_002330 0.2361 127.00 79.00 157.00 173.00 1 91
2008_002330 0.1840 252.00 103.00 284.00 177.00 0 106
2008_002372 0.2057 1.00 1.00 344.00 480.00 0 109
2008_002378 0.1538 487.00 207.00 500.00 285.00 3 99
2008_002467 0.2453 68.00 50.00 182.00 312.00 1 93
2008_002467 0.1989 222.00 89.00 309.00 298.00 3 93
2008_002467 0.2283 359.00 87.00 447.00 309.00 0 104
2008_002567 0.2201 247.00 166.00 270.00 225.00 3 99
2008_002606 0.1376 148.00 317.00 257.00 372.00 0 90
2008_002775 0.2178 96.00 162.00 188.00 375.00 0 103
2008_002864 0.1878 164.00 168.00 192.00 245.00 0 85
2008_002864 0.2243 211.00 157.00 230.00 229.00 2 123
2008_002864 0.1958 269.00 150.00 310.00 258.00 0 122
2008_002870 0.2281 109.00 1.00 214.00 197.00 0 122
2008_003076 0.2392 314.00 164.00 350.00 238.00 1 120
2008_003076 0.2094 411.00 1.00 435.00 53.00 0 85
2008_003076 0.2120 370.00 3.00 389.00 51.00 1 129
2008_003076 0.2318 385.00 8.00 413.00 54.00 4 108
2008_003186 0.1934 114.00 150.00 155.00 293.00 0 101
2008_003280 0.1396 328.00 279.00 347.00 340.00 0 93
2008_003280 0.1461 338.00 276.00 352.00 333.00 1 129
2008_003280 0.1677 88.00 207.00 100.00 234.00 1 108
2008_003289 0.2024 255.00 215.00 278.00 292.00 3 99
2008_003289 0.1888 84.00 212.00 102.00 291.00 0 122
2008_003289 0.2129 219.00 214.00 236.00 276.00 9 83
2008_003467 0.2208 13.00 11.00 168.00 325.00 0 108
2008_003514 0.1859 257.00 166.00 278.00 195.00 9 68
2008_003514 0.1691 264.00 173.00 285.00 201.00 0 72
2008_003591 0.1876 346.00 1.00 478.00 290.00 4 105
2008_003621 0.1945 458.00 151.00 472.00 198.00 0 105
2008_003722 0.2017 232.00 151.00 299.00 287.00 0 101
2008_003722 0.1992 80.00 203.00 146.00 343.00 0 94
2008_003904 0.1240 144.00 164.00 154.00 177.00 0 85
2008_003904 0.2016 155.00 164.00 166.00 186.00 4 68
2008_003969 0.1607 34.00 88.00 163.00 375.00 1 129
2008_004016 0.1912 168.00 264.00 235.00 400.00 3 93
2008_004056 0.2112 199.00 145.00 212.00 174.00 6 93
2008_004090 0.1829 195.00 235.00 268.00 375.00 3 99
2008_004126 0.2189 341.00 241.00 419.00 367.00 2 117
2008_004178 0.2677 411.00 115.00 487.00 314.00 0 92
2008_004308 0.1955 1.00 122.00 33.00 243.00 7 99
2008_004384 0.1637 136.00 270.00 155.00 339.00 3 99
2008_004389 0.1481 25.00 329.00 49.00 375.00 3 93
2008_004431 0.2053 218.00 170.00 238.00 232.00 0 100
2008_004460 0.2620 250.00 126.00 265.00 163.00 4 121
2008_004487 0.1866 232.00 149.00 249.00 182.00 0 79
2008_004501 0.2005 283.00 78.00 311.00 173.00 0 60
2008_004564 0.2069 437.00 147.00 467.00 249.00 0 112
2008_004564 0.1686 318.00 182.00 339.00 245.00 3 94
2008_004659 0.1945 142.00 1.00 317.00 500.00 0 74
2008_004778 0.1662 63.00 172.00 117.00 216.00 2 108
2008_004795 0.2273 237.00 128.00 258.00 170.00 0 116
2008_004795 0.2093 103.00 97.00 128.00 167.00 3 99
2008_004814 0.1376 365.00 349.00 394.00 375.00 6 113
2008_004814 0.1273 398.00 346.00 425.00 365.00 9 68
2008_004814 0.1017 402.00 363.00 429.00 375.00 0 107
2008_004814 0.2503 15.00 34.00 61.00 130.00 0 85
2008_004898 0.2106 17.00 94.00 53.00 173.00 0 102
2008_004926 0.2219 172.00 233.00 290.00 375.00 4 68
2008_004926 0.2334 316.00 191.00 354.00 306.00 0 55
2008_004926 0.2086 17.00 115.00 43.00 172.00 0 75
2008_004948 0.2383 266.00 225.00 287.00 293.00 4 97
2008_004948 0.1872 151.00 233.00 182.00 321.00 3 99
2008_004948 0.2099 14.00 304.00 46.00 375.00 0 107
2008_004948 0.1663 106.00 339.00 129.00 375.00 1 129
2008_004948 0.2416 157.00 200.00 178.00 257.00 2 96
2008_004979 0.2014 176.00 55.00 222.00 228.00 0 116
2008_004982 0.2117 241.00 1.00 336.00 318.00 0 89
2008_005023 0.1806 244.00 191.00 278.00 290.00 1 120
2008_005023 0.1656 218.00 223.00 246.00 289.00 8 105
2008_005023 0.1757 1.00 461.00 24.00 500.00 0 92
2008_005089 0.1345 325.00 303.00 360.00 374.00 2 118
2008_005089 0.1336 375.00 270.00 409.00 346.00 6 113
2008_005089 0.1690 225.00 272.00 249.00 321.00 7 99
2008_005140 0.2348 202.00 60.00 306.00 430.00 6 101
2008_005182 0.1957 111.00 1.00 211.00 257.00 0 92
2008_005204 0.1959 9.00 12.00 28.00 205.00 7 99
2008_005204 0.1479 91.00 11.00 104.00 112.00 0 97
2008_005204 0.1773 165.00 13.00 181.00 95.00 0 94
2008_005204 0.1663 329.00 17.00 334.00 70.00 1 68
2008_005204 0.1857 386.00 19.00 395.00 85.00 0 107
2008_005204 0.2187 426.00 19.00 442.00 116.00 1 105
2008_005204 0.2239 15.00 9.00 41.00 221.00 2 106
2008_005204 0.1660 96.00 10.00 127.00 154.00 6 113
2008_005204 0.1587 173.00 11.00 207.00 144.00 0 107
2008_005204 0.1650 245.00 13.00 280.00 133.00 0 91
2008_005204 0.1979 317.00 15.00 332.00 103.00 0 85
2008_005204 0.2187 368.00 17.00 390.00 119.00 1 98
2008_005204 0.2296 27.00 7.00 109.00 278.00 0 114
2008_005204 0.2509 108.00 8.00 188.00 270.00 3 117
2008_005204 0.1912 187.00 10.00 264.00 265.00 4 68
2008_005204 0.2248 262.00 12.00 332.00 254.00 4 107
2008_005204 0.2509 323.00 14.00 384.00 244.00 0 147
2008_005204 0.2117 378.00 15.00 442.00 237.00 1 95
2008_005204 0.2250 435.00 18.00 493.00 229.00 0 77
2008_005257 0.1882 383.00 133.00 406.00 200.00 2 102
2008_005347 0.2018 378.00 197.00 401.00 262.00 8 89
2008_005399 0.2136 134.00 198.00 160.00 287.00 4 117
2008_005399 0.1882 164.00 192.00 185.00 281.00 0 106
2008_005399 0.1961 177.00 198.00 203.00 277.00 0 92
2008_005399 0.2022 191.00 184.00 212.00 270.00 0 84
2008_005399 0.2295 204.00 183.00 227.00 258.00 1 68
2008_005399 0.1703 222.00 195.00 242.00 250.00 0 107
2008_005399 0.2015 233.00 179.00 267.00 249.00 0 92
2008_005646 0.1940 259.00 298.00 306.00 375.00 20 84
2008_005677 0.2216 229.00 100.00 242.00 145.00 0 89
2008_005677 0.2316 220.00 105.00 235.00 152.00 3 86
2008_005677 0.1881 207.00 89.00 222.00 152.00 3 84
2008_005812 0.2222 65.00 105.00 123.00 268.00 1 111
2008_005869 0.2050 48.00 243.00 79.00 336.00 1 81
2008_005869 0.1179 1.00 254.00 27.00 350.00 0 93
2008_005869 0.1889 265.00 341.00 299.00 375.00 13 90
2008_005881 0.1766 188.00 180.00 244.00 257.00 0 92
2008_005904 0.2000 251.00 1.00 452.00 304.00 0 108
2008_005939 0.1878 1.00 323.00 46.00 433.00 4 107
2008_006024 0.1884 256.00 225.00 346.00 375.00 0 89
2008_006027 0.2007 153.00 265.00 217.00 375.00 0 93
2008_006052 0.0890 157.00 1.00 461.00 137.00 0 110
2008_006072 0.1951 96.00 1.00 328.00 487.00 0 115
2008_006104 0.2608 90.00 47.00 265.00 486.00 0 82
2008_006120 0.1784 216.00 190.00 242.00 257.00 2 111
2008_006120 0.1662 159.00 202.00 183.00 243.00 0 85
2008_006120 0.1555 135.00 185.00 163.00 242.00 0 93
2008_006120 0.1932 184.00 215.00 206.00 289.00 1 109
2008_006120 0.1564 159.00 241.00 177.00 298.00 0 116
2008_006144 0.2104 162.00 1.00 305.00 359.00 1 88
2008_006144 0.1974 371.00 156.00 438.00 375.00 2 89
2008_006144 0.1941 480.00 82.00 500.00 302.00 5 93
2008_006144 0.1868 1.00 213.00 51.00 375.00 0 89
2008_006144 0.2022 1.00 1.00 105.00 330.00 0 92
2008_006144 0.2038 98.00 63.00 154.00 238.00 0 116
2008_006144 0.2234 255.00 1.00 323.00 285.00 0 85
2008_006148 0.1704 97.00 287.00 169.00 375.00 4 95
2008_006282 0.2084 1.00 121.00 105.00 372.00 0 84
2008_006282 0.1896 64.00 101.00 160.00 337.00 0 89
2008_006282 0.1889 106.00 78.00 192.00 297.00 0 97
2008_006282 0.2100 170.00 61.00 244.00 275.00 0 75
2008_006282 0.1930 231.00 47.00 298.00 257.00 0 104
2008_006282 0.2156 289.00 42.00 356.00 251.00 0 84
2008_006282 0.2133 353.00 36.00 412.00 244.00 3 93
2008_006282 0.2079 404.00 38.00 470.00 261.00 1 109
2008_006605 0.2132 103.00 262.00 138.00 358.00 11 95
2008_006605 0.1638 93.00 247.00 117.00 355.00 2 94
2008_006605 0.1821 351.00 261.00 359.00 335.00 3 88
2008_006605 0.1785 76.00 257.00 104.00 352.00 0 85
2008_006701 0.1948 50.00 179.00 158.00 500.00 0 85
2008_006701 0.1793 185.00 172.00 312.00 500.00 0 97
2008_006701 0.2185 152.00 176.00 259.00 500.00 2 96
2008_006710 0.1630 445.00 306.00 471.00 334.00 0 73
2008_006710 0.1993 122.00 328.00 145.00 375.00 0 90
2008_006710 0.1547 308.00 234.00 324.00 262.00 0 116
2008_006731 0.1860 86.00 381.00 141.00 493.00 0 89
2008_006792 0.2097 113.00 1.00 294.00 487.00 4 80
2008_006815 0.2461 171.00 30.00 302.00 461.00 0 87
2008_006815 0.2896 47.00 46.00 176.00 458.00 0 100
2008_006890 0.1874 294.00 97.00 427.00 363.00 0 84
2008_006941 0.2055 167.00 28.00 258.00 250.00 0 122
2008_006952 0.1771 224.00 159.00 243.00 195.00 0 92
2008_007134 0.2102 86.00 455.00 130.00 500.00 0 85
2008_007134 0.1776 146.00 463.00 178.00 500.00 0 93
2008_007134 0.2000 202.00 465.00 235.00 500.00 0 91
2008_007134 0.2032 254.00 327.00 310.00 493.00 0 117
2008_007134 0.2229 78.00 175.00 142.00 357.00 10 127
2008_007134 0.2130 139.00 172.00 193.00 359.00 0 96
2008_007134 0.2153 196.00 174.00 250.00 364.00 0 89
2008_007134 0.2041 258.00 174.00 312.00 361.00 0 93
2008_007134 0.1723 83.00 321.00 141.00 482.00 4 117
2008_007134 0.2007 141.00 324.00 195.00 485.00 0 85
2008_007134 0.1874 80.00 17.00 140.00 221.00 0 112
2008_007134 0.1992 141.00 14.00 195.00 224.00 2 93
2008_007134 0.2331 198.00 12.00 253.00 222.00 0 93
2008_007134 0.2214 259.00 9.00 314.00 221.00 0 143
2008_007219 0.1708 57.00 1.00 101.00 31.00 1 60
2008_007219 0.2418 94.00 77.00 183.00 226.00 0 91
2008_007567 0.2181 103.00 307.00 150.00 375.00 0 122
2008_007585 0.2022 75.00 153.00 102.00 236.00 0 96
2008_007585 0.2184 2.00 225.00 37.00 328.00 1 86
2008_007591 0.1567 488.00 1.00 500.00 88.00 0 97
2008_007591 0.1968 446.00 1.00 489.00 86.00 0 55
2008_007591 0.2023 413.00 1.00 447.00 81.00 4 99
2008_007591 0.1826 378.00 1.00 416.00 79.00 0 107
2008_007591 0.2025 346.00 1.00 379.00 82.00 0 106
2008_007591 0.2099 312.00 1.00 348.00 78.00 0 101
2008_007591 0.2068 290.00 1.00 321.00 78.00 5 92
2008_007591 0.1845 271.00 1.00 291.00 76.00 0 104
2008_007591 0.1569 156.00 14.00 167.00 52.00 0 97
2008_007704 0.1816 276.00 30.00 322.00 167.00 0 96
2008_007737 0.1627 154.00 185.00 202.00 328.00 3 101
2008_007737 0.1815 96.00 211.00 131.00 308.00 0 90
2008_007811 0.2314 102.00 50.00 333.00 500.00 2 92
2008_007923 0.2118 178.00 319.00 244.00 490.00 0 93
2008_007923 0.1890 113.00 357.00 189.00 500.00 0 100
2008_007954 0.2206 398.00 93.00 456.00 229.00 0 106
2008_007954 0.2060 92.00 1.00 228.00 361.00 0 93
2008_007966 0.1962 166.00 205.00 189.00 292.00 0 81
2008_007966 0.2256 267.00 116.00 289.00 163.00 19 77
2008_007966 0.1991 249.00 131.00 272.00 162.00 9 143
2008_007986 0.1998 100.00 265.00 148.00 360.00 0 88
2008_008362 0.1578 484.00 203.00 494.00 236.00 0 95
2008_008362 0.1814 199.00 246.00 215.00 284.00 0 84
2008_008362 0.1897 180.00 235.00 196.00 264.00 0 89
2008_008388 0.1624 352.00 208.00 373.00 268.00 0 85
2008_008588 0.1347 223.00 356.00 249.00 375.00 0 85
2008_008700 0.2214 114.00 1.00 249.00 500.00 3 112
2009_000121 0.1773 86.00 1.00 181.00 210.00 3 99
2009_000121 0.1775 212.00 1.00 332.00 202.00 0 107
2009_000121 0.1276 313.00 1.00 375.00 190.00 0 107
2009_000121 0.2067 130.00 17.00 278.00 481.00 0 97
2009_000171 0.1523 293.00 323.00 315.00 401.00 3 117
2009_000201 0.2471 156.00 76.00 245.00 411.00 0 120
2009_000247 0.1747 181.00 113.00 218.00 148.00 3 99
2009_000247 0.2090 355.00 96.00 374.00 171.00 0 84
2009_000247 0.2039 405.00 98.00 430.00 159.00 0 95
2009_000247 0.2204 181.00 135.00 218.00 251.00 2 80
2009_000247 0.1903 55.00 113.00 75.00 170.00 0 92
2009_000247 0.2009 66.00 136.00 103.00 207.00 0 101
2009_000257 0.1844 446.00 48.00 500.00 173.00 0 84
2009_000328 0.1983 203.00 276.00 220.00 321.00 0 85
2009_000411 0.2088 230.00 208.00 256.00 254.00 0 85
2009_000414 0.1775 111.00 207.00 283.00 433.00 0 104
2009_000552 0.1535 144.00 128.00 188.00 169.00 9 68
2009_000573 0.1650 228.00 180.00 278.00 236.00 0 136
2009_000742 0.2496 127.00 100.00 188.00 344.00 4 97
2009_000763 0.2395 186.00 191.00 278.00 415.00 14 117
2009_000783 0.1699 419.00 6.00 500.00 159.00 1 108
2009_000783 0.1288 423.00 258.00 500.00 375.00 0 107
2009_000783 0.2018 1.00 49.00 125.00 249.00 0 88
2009_000783 0.2323 80.00 1.00 141.00 74.00 11 95
2009_000840 0.2063 149.00 113.00 226.00 387.00 3 90
2009_000992 0.2366 157.00 1.00 331.00 246.00 11 95
2009_001011 0.1700 187.00 110.00 225.00 235.00 1 115
2009_001011 0.1639 106.00 77.00 144.00 270.00 0 92
2009_001011 0.1569 59.00 74.00 107.00 273.00 0 116
2009_001011 0.1626 4.00 92.00 52.00 268.00 0 107
2009_001024 0.1800 207.00 154.00 297.00 217.00 2 89
2009_001024 0.1626 449.00 316.00 492.00 375.00 0 92
2009_001054 0.1198 1.00 1.00 81.00 80.00 0 92
2009_001106 0.1848 431.00 232.00 452.00 285.00 0 104
2009_001120 0.1675 303.00 310.00 400.00 374.00 0 100
2009_001181 0.1907 238.00 293.00 255.00 333.00 1 106
2009_001207 0.2323 139.00 72.00 198.00 333.00 0 90
2009_001278 0.2217 205.00 143.00 247.00 296.00 2 89
2009_001309 0.1829 9.00 216.00 244.00 500.00 9 68
2009_001398 0.1427 157.00 301.00 183.00 397.00 1 94
2009_001398 0.1594 5.00 304.00 38.00 386.00 1 91
2009_001414 0.2190 391.00 96.00 442.00 262.00 0 93
2009_001414 0.1616 99.00 90.00 141.00 214.00 2 115
2009_001414 0.1586 125.00 81.00 152.00 176.00 0 85
2009_001593 0.2162 103.00 39.00 250.00 461.00 0 77
2009_001743 0.1410 156.00 227.00 255.00 289.00 3 88
2009_001799 0.1812 376.00 234.00 456.00 375.00 2 91
2009_001799 0.1831 272.00 238.00 353.00 375.00 3 99
2009_001799 0.1809 255.00 238.00 300.00 375.00 0 92
2009_001799 0.1700 181.00 180.00 221.00 375.00 0 92
2009_001799 0.1638 133.00 234.00 210.00 375.00 0 84
2009_001799 0.1875 9.00 227.00 127.00 375.00 0 84
2009_001799 0.1678 1.00 193.00 29.00 324.00 0 93
2009_001810 0.1794 50.00 245.00 238.00 485.00 14 152
2009_001818 0.2142 144.00 13.00 265.00 455.00 3 99
2009_001848 0.2624 132.00 8.00 250.00 479.00 1 74
2009_001907 0.2014 172.00 12.00 287.00 309.00 1 149
2009_002137 0.1761 184.00 163.00 248.00 280.00 0 97
2009_002185 0.1986 225.00 76.00 276.00 272.00 0 92
2009_002185 0.1405 12.00 53.00 35.00 99.00 0 96
2009_002185 0.1625 24.00 56.00 45.00 102.00 0 92
2009_002185 0.1482 37.00 55.00 54.00 106.00 2 117
2009_002328 0.1897 128.00 15.00 190.00 144.00 3 72
2009_002372 0.2244 75.00 65.00 112.00 140.00 0 85
2009_002372 0.2274 157.00 149.00 179.00 229.00 0 110
2009_002372 0.1807 269.00 145.00 292.00 208.00 3 117
2009_002372 0.1897 284.00 116.00 337.00 188.00 0 111
2009_002433 0.1628 320.00 181.00 329.00 201.00 17 87
2009_002433 0.2304 296.00 194.00 309.00 227.00 0 75
2009_002433 0.2080 238.00 198.00 250.00 234.00 6 101
2009_002464 0.1763 204.00 136.00 500.00 375.00 13 90
2009_002475 0.1766 50.00 10.00 163.00 311.00 0 85
2009_002521 0.2369 94.00 61.00 186.00 430.00 1 87
2009_002573 0.2798 74.00 71.00 91.00 112.00 3 90
2009_002594 0.1959 190.00 118.00 267.00 258.00 0 55
2009_002649 0.2101 103.00 14.00 251.00 489.00 0 93
2009_002675 0.1813 1.00 1.00 123.00 375.00 1 104
2009_002675 0.2129 78.00 1.00 402.00 375.00 0 85
2009_002675 0.2073 343.00 1.00 499.00 375.00 0 122
2009_002732 0.1426 208.00 204.00 320.00 274.00 0 143
2009_002749 0.2271 16.00 37.00 93.00 432.00 3 105
2009_002790 0.1826 312.00 116.00 323.00 165.00 0 86
2009_002790 0.1933 324.00 114.00 338.00 163.00 0 111
2009_002856 0.2173 107.00 104.00 213.00 434.00 0 100
2009_002940 0.2377 112.00 112.00 184.00 332.00 0 106
2009_002940 0.1877 184.00 105.00 246.00 313.00 0 93
2009_002940 0.1930 240.00 96.00 302.00 296.00 4 112
2009_002940 0.1986 294.00 78.00 342.00 265.00 0 111
2009_002940 0.1937 320.00 88.00 405.00 274.00 0 119
2009_002940 0.1750 92.00 85.00 146.00 296.00 2 110
2009_002940 0.1689 158.00 75.00 211.00 152.00 0 101
2009_002940 0.1741 223.00 71.00 266.00 135.00 0 114
2009_002940 0.1813 341.00 67.00 388.00 114.00 22 70
2009_002940 0.1725 1.00 1.00 22.00 158.00 0 89
2009_002940 0.2208 12.00 1.00 93.00 149.00 0 92
2009_002940 0.2235 15.00 146.00 85.00 276.00 0 101
2009_002940 0.1543 1.00 161.00 24.00 288.00 0 107
2009_002940 0.1616 1.00 299.00 27.00 375.00 0 93
2009_002940 0.1982 19.00 274.00 84.00 375.00 4 129
2009_002940 0.1773 121.00 332.00 176.00 375.00 0 84
2009_002940 0.1721 179.00 324.00 233.00 375.00 0 84
2009_002940 0.1601 235.00 317.00 282.00 375.00 0 116
2009_002940 0.1814 286.00 299.00 330.00 375.00 0 97
2009_002940 0.1684 321.00 291.00 375.00 375.00 3 106
2009_002940 0.1936 371.00 275.00 417.00 375.00 7 59
2009_003003 0.2254 204.00 47.00 345.00 500.00 2 93
2009_003114 0.2255 3.00 1.00 176.00 500.00 0 117
2009_003144 0.2053 169.00 270.00 200.00 375.00 0 95
2009_003144 0.2009 259.00 255.00 288.00 365.00 5 91
2009_003144 0.1812 290.00 258.00 314.00 341.00 2 106
2009_003144 0.1902 454.00 243.00 474.00 293.00 0 110
2009_003154 0.1957 205.00 190.00 232.00 240.00 341 127
2009_003154 0.1498 229.00 184.00 244.00 232.00 0 107
2009_003154 0.1405 203.00 180.00 213.00 233.00 1 105
2009_003154 0.1646 216.00 175.00 227.00 188.00 0 85
2009_003154 0.1780 206.00 175.00 218.00 189.00 0 93
2009_003191 0.1904 145.00 223.00 235.00 496.00 1 119
2009_003191 0.2121 1.00 261.00 40.00 493.00 1 91
2009_003214 0.1337 290.00 242.00 371.00 280.00 3 111
2009_003269 0.2015 114.00 166.00 225.00 313.00 1 102
2009_003347 0.2156 210.00 110.00 283.00 315.00 1 87
2009_003517 0.2317 115.00 37.00 240.00 489.00 0 97
2009_003588 0.2178 1.00 1.00 195.00 500.00 0 77
2009_003588 0.2292 232.00 158.00 391.00 500.00 0 91
2009_003664 0.2221 314.00 210.00 363.00 342.00 4 117
2009_003795 0.1864 156.00 222.00 179.00 304.00 5 124
2009_003795 0.1912 386.00 247.00 409.00 345.00 0 97
2009_003899 0.1938 84.00 31.00 208.00 372.00 0 106
2009_003914 0.1458 5.00 1.00 123.00 162.00 0 85
2009_003965 0.2057 355.00 87.00 375.00 158.00 0 85
2009_004031 0.1860 73.00 1.00 497.00 333.00 6 93
2009_004050 0.1510 388.00 357.00 413.00 375.00 4 106
2009_004085 0.2263 116.00 236.00 155.00 370.00 1 93
2009_004247 0.0661 84.00 191.00 317.00 247.00 1 87
2009_004309 0.1813 418.00 169.00 452.00 239.00 0 101
2009_004324 0.0960 139.00 107.00 448.00 219.00 0 41
2009_004332 0.1449 197.00 195.00 354.00 500.00 3 99
2009_004518 0.1854 322.00 185.00 345.00 225.00 5 124
2009_004537 0.1788 148.00 264.00 167.00 311.00 0 77
2009_004542 0.1900 100.00 64.00 217.00 461.00 1 120
2009_004542 0.1985 121.00 11.00 176.00 205.00 0 104
2009_004551 0.1998 203.00 189.00 249.00 239.00 0 96
2009_004551 0.1729 254.00 191.00 285.00 244.00 0 107
2009_004579 0.1801 31.00 14.00 153.00 493.00 3 99
2009_004579 0.2173 190.00 14.00 314.00 495.00 22 90
2009_004749 0.2052 369.00 1.00 485.00 348.00 0 97
2009_004749 0.1841 164.00 1.00 331.00 375.00 0 71
2009_004856 0.1854 23.00 1.00 243.00 333.00 3 99
2009_005038 0.2013 92.00 270.00 166.00 500.00 0 97
2009_005038 0.2468 297.00 155.00 315.00 194.00 0 92
2009_005082 0.1693 333.00 124.00 399.00 179.00 22 70
2009_005150 0.2710 9.00 8.00 247.00 497.00 4 98
2009_005171 0.1517 172.00 158.00 182.00 180.00 0 95
2009_005171 0.1562 2.00 159.00 12.00 201.00 0 93
2009_005171 0.1533 120.00 166.00 138.00 184.00 0 95
2009_005190 0.2461 124.00 113.00 187.00 356.00 0 86
2009_005288 0.2002 127.00 225.00 159.00 316.00 6 120
2009_005302 0.2267 36.00 103.00 87.00 274.00 1 91
2009_005302 0.2456 108.00 107.00 156.00 279.00 0 104
2009_005302 0.2479 161.00 108.00 211.00 284.00 0 112
2009_005302 0.2340 213.00 112.00 261.00 291.00 3 93
2009_005302 0.2542 276.00 110.00 325.00 294.00 0 84
2009_005302 0.2980 336.00 106.00 391.00 296.00 0 92
2009_005302 0.2363 389.00 111.00 444.00 297.00 0 85
2009_005302 0.2266 451.00 113.00 500.00 293.00 17 87
2010_000050 0.1899 138.00 51.00 374.00 483.00 0 97
2010_000083 0.1634 76.00 239.00 85.00 260.00 4 95
2010_000213 0.1615 22.00 1.00 488.00 404.00 2 102
2010_000256 0.2019 247.00 128.00 270.00 204.00 0 104
2010_000325 0.1782 22.00 170.00 100.00 400.00 3 110
2010_000325 0.3004 312.00 96.00 332.00 161.00 1 92
2010_000352 0.1967 91.00 240.00 123.00 360.00 1 68
2010_000375 0.1649 81.00 151.00 100.00 172.00 0 113
2010_000375 0.1528 471.00 156.00 486.00 178.00 3 93
2010_000375 0.1746 307.00 202.00 318.00 226.00 0 107
2010_000375 0.1817 459.00 157.00 464.00 178.00 1 120
2010_000426 0.2264 71.00 1.00 428.00 333.00 0 93
2010_000449 0.2000 192.00 136.00 203.00 162.00 3 107
2010_000573 0.2898 203.00 175.00 221.00 251.00 22 82
2010_000697 0.2450 45.00 239.00 81.00 333.00 5 96
2010_000738 0.1869 60.00 147.00 77.00 190.00 4 106
2010_000754 0.1160 185.00 143.00 213.00 156.00 0 106
2010_000754 0.1269 188.00 122.00 213.00 135.00 0 104
2010_000754 0.1019 186.00 113.00 208.00 124.00 0 116
2010_000805 0.1984 74.00 105.00 255.00 375.00 17 112
2010_000866 0.1733 459.00 56.00 474.00 114.00 0 91
2010_000897 0.2126 259.00 135.00 350.00 311.00 17 87
2010_000915 0.1885 188.00 283.00 242.00 433.00 0 77
2010_000944 0.1843 386.00 195.00 411.00 267.00 2 96
2010_000944 0.1732 111.00 199.00 132.00 272.00 0 109
2010_000944 0.1197 147.00 233.00 189.00 248.00 7 40
2010_000944 0.2096 8.00 200.00 43.00 239.00 1 129
2010_000944 0.1494 96.00 199.00 118.00 217.00 0 116
2010_001188 0.1649 10.00 113.00 35.00 213.00 0 93
2010_001188 0.1173 36.00 150.00 57.00 212.00 3 99
2010_001188 0.1076 70.00 156.00 86.00 214.00 0 104
2010_001188 0.1175 95.00 157.00 112.00 216.00 0 96
2010_001188 0.1282 114.00 156.00 131.00 215.00 1 120
2010_001188 0.0981 181.00 166.00 198.00 216.00 0 97
2010_001188 0.1391 161.00 162.00 176.00 217.00 0 111
2010_001188 0.1441 139.00 161.00 152.00 216.00 0 109
2010_001219 0.2153 127.00 68.00 234.00 357.00 0 92
2010_001367 0.1880 298.00 271.00 400.00 356.00 1 108
2010_001463 0.1741 210.00 120.00 314.00 464.00 0 122
2010_001528 0.1944 403.00 337.00 421.00 375.00 0 72
2010_001535 0.2399 53.00 274.00 126.00 375.00 0 101
2010_001645 0.1464 258.00 204.00 269.00 240.00 1 98
2010_001645 0.1628 186.00 280.00 209.00 300.00 0 88
2010_001680 0.2297 233.00 145.00 282.00 250.00 0 87
2010_001682 0.1905 114.00 182.00 154.00 250.00 0 87
2010_001819 0.1964 362.00 79.00 395.00 248.00 0 92
2010_001819 0.1638 278.00 85.00 317.00 249.00 0 92
2010_001819 0.2406 193.00 67.00 225.00 247.00 3 101
2010_001823 0.1908 317.00 328.00 327.00 356.00 0 87
2010_001823 0.1637 327.00 326.00 333.00 356.00 0 107
2010_001830 0.2000 1.00 11.00 143.00 500.00 0 60
2010_001851 0.1722 174.00 143.00 186.00 168.00 0 93
2010_001851 0.1692 111.00 128.00 125.00 170.00 0 85
2010_001877 0.1780 124.00 203.00 218.00 292.00 0 96
2010_002002 0.1929 299.00 191.00 310.00 214.00 0 101
2010_002017 0.2363 287.00 103.00 348.00 264.00 0 106
2010_002244 0.2145 82.00 1.00 384.00 379.00 17 112
2010_002244 0.2355 238.00 1.00 500.00 378.00 9 68
2010_002269 0.1723 16.00 246.00 92.00 375.00 0 112
2010_002269 0.1844 168.00 273.00 214.00 375.00 0 97
2010_002269 0.1852 417.00 242.00 439.00 322.00 0 89
2010_002373 0.1559 9.00 304.00 69.00 408.00 0 85
2010_002373 0.1466 85.00 276.00 129.00 370.00 1 98
2010_002388 0.1925 132.00 203.00 231.00 500.00 3 99
2010_002539 0.1920 242.00 388.00 279.00 499.00 341 127
2010_002539 0.2106 25.00 455.00 57.00 500.00 0 85
2010_002539 0.2183 123.00 401.00 132.00 437.00 0 85
2010_002539 0.2278 115.00 398.00 125.00 431.00 0 115
2010_002539 0.2151 3.00 407.00 14.00 440.00 0 95
2010_002586 0.2067 431.00 55.00 452.00 137.00 0 109
2010_002586 0.1641 102.00 91.00 114.00 117.00 4 95
2010_002668 0.0874 40.00 116.00 459.00 243.00 3 89
2010_002807 0.0978 94.00 249.00 136.00 269.00 0 100
2010_002858 0.1682 232.00 27.00 288.00 132.00 0 101
2010_002871 0.2044 402.00 56.00 421.00 85.00 0 85
2010_002879 0.2106 23.00 435.00 70.00 500.00 0 77
2010_002956 0.1760 191.00 99.00 330.00 347.00 0 104
2010_003091 0.1781 183.00 206.00 218.00 338.00 1 104
2010_003091 0.1814 304.00 176.00 322.00 242.00 5 92
2010_003092 0.2010 242.00 150.00 390.00 340.00 0 91
2010_003092 0.2007 393.00 11.00 459.00 184.00 0 90
2010_003199 0.1122 31.00 199.00 470.00 313.00 2 96
2010_003368 0.2071 355.00 98.00 386.00 205.00 0 86
2010_003468 0.2256 178.00 83.00 283.00 485.00 0 106
2010_003597 0.1976 181.00 233.00 201.00 290.00 0 97
2010_003603 0.2078 145.00 414.00 176.00 450.00 0 108
2010_003731 0.1809 236.00 204.00 260.00 277.00 3 101
2010_003762 0.2351 101.00 24.00 161.00 205.00 1 86
2010_003762 0.2547 163.00 33.00 222.00 201.00 0 96
2010_003779 0.1924 84.00 1.00 217.00 488.00 4 99
2010_003781 0.2010 8.00 18.00 62.00 166.00 1 102
2010_003828 0.1949 17.00 262.00 35.00 315.00 1 68
2010_003912 0.2214 189.00 154.00 215.00 208.00 0 110
2010_004054 0.1921 128.00 152.00 333.00 314.00 0 122
2010_004054 0.1843 219.00 114.00 286.00 180.00 0 94
2010_004056 0.1905 4.00 217.00 185.00 389.00 0 108
2010_004056 0.1335 42.00 117.00 68.00 171.00 0 116
2010_004254 0.1056 144.00 227.00 183.00 344.00 0 116
2010_004290 0.1775 153.00 1.00 230.00 114.00 4 97
2010_004290 0.1926 236.00 2.00 325.00 139.00 0 163
2010_004290 0.2246 7.00 1.00 228.00 333.00 0 55
2010_004447 0.1630 39.00 344.00 74.00 458.00 3 99
2010_004460 0.1807 66.00 254.00 115.00 370.00 0 99
2010_004460 0.2021 209.00 51.00 234.00 115.00 4 95
2010_004488 0.1295 91.00 94.00 405.00 287.00 0 108
2010_004520 0.1957 81.00 23.00 246.00 481.00 0 73
2010_004529 0.1305 47.00 50.00 441.00 259.00 10 127
2010_004545 0.1873 238.00 35.00 259.00 78.00 0 95
2010_004551 0.2019 84.00 56.00 256.00 498.00 0 77
2010_004778 0.2136 237.00 165.00 252.00 220.00 2 104
2010_004786 0.2250 208.00 154.00 241.00 240.00 3 112
2010_004828 0.2138 327.00 1.00 383.00 210.00 3 84
2010_004828 0.2445 147.00 1.00 210.00 217.00 4 104
2010_004866 0.2041 169.00 96.00 228.00 295.00 8 92
2010_004894 0.1884 339.00 17.00 369.00 60.00 0 71
2010_004909 0.1971 248.00 137.00 280.00 225.00 0 112
2010_005079 0.2110 182.00 200.00 223.00 259.00 0 157
2010_005158 0.1928 419.00 313.00 441.00 375.00 4 98
2010_005369 0.1740 256.00 110.00 272.00 147.00 1 94
2010_005369 0.2010 265.00 106.00 277.00 149.00 2 102
2010_005379 0.2120 123.00 372.00 162.00 499.00 0 116
2010_005379 0.1930 150.00 386.00 192.00 500.00 6 120
2010_005379 0.1678 179.00 369.00 226.00 500.00 3 99
2010_005379 0.1989 227.00 370.00 278.00 500.00 0 108
2010_005379 0.1687 288.00 376.00 330.00 500.00 0 114
2010_005379 0.1529 322.00 370.00 364.00 500.00 0 104
2010_005379 0.1823 318.00 368.00 342.00 442.00 0 114
2010_005379 0.1847 237.00 364.00 279.00 500.00 0 84
2010_005441 0.2093 267.00 165.00 397.00 290.00 0 77
2010_005496 0.1915 112.00 57.00 327.00 338.00 0 120
2010_005582 0.1466 53.00 101.00 138.00 158.00 9 68
2010_005654 0.1911 253.00 233.00 265.00 260.00 4 97
2010_005747 0.1338 288.00 20.00 300.00 68.00 0 84
2010_005762 0.2409 1.00 1.00 238.00 375.00 0 84
2010_005853 0.1666 296.00 168.00 336.00 380.00 3 105
2010_005883 0.1792 104.00 59.00 230.00 443.00 0 89
2010_005883 0.1668 247.00 126.00 333.00 312.00 0 107
2010_005883 0.1551 290.00 1.00 320.00 110.00 2 94
2010_005883 0.1705 317.00 1.00 333.00 108.00 3 93
2010_006000 0.1501 249.00 172.00 309.00 304.00 0 116
2010_006021 0.2327 131.00 115.00 218.00 391.00 0 73
2010_006056 0.1958 248.00 177.00 272.00 250.00 3 99
2011_000009 0.2007 306.00 78.00 329.00 146.00 2 85
2011_000066 0.1667 1.00 84.00 498.00 375.00 0 163
2011_000165 0.2006 302.00 10.00 316.00 49.00 1 102
2011_000206 0.2832 374.00 228.00 414.00 371.00 0 105
2011_000206 0.2762 158.00 246.00 205.00 375.00 0 96
2011_000257 0.1895 102.00 1.00 194.00 222.00 350 120
2011_000257 0.1803 86.00 1.00 141.00 154.00 1 111
2011_000332 0.1833 154.00 105.00 170.00 145.00 1 102
2011_000344 0.2064 132.00 153.00 192.00 292.00 11 95
2011_000408 0.1804 386.00 143.00 409.00 219.00 0 89
2011_000438 0.1828 164.00 313.00 209.00 375.00 1 60
2011_000622 0.2073 2.00 173.00 38.00 368.00 1 104
2011_000622 0.2024 21.00 49.00 82.00 354.00 20 84
2011_000622 0.2143 81.00 263.00 131.00 391.00 2 102
2011_000622 0.1928 91.00 2.00 158.00 336.00 0 91
2011_000622 0.2012 119.00 98.00 238.00 385.00 0 104
2011_000745 0.1980 247.00 1.00 318.00 130.00 0 98
2011_000747 0.2373 229.00 174.00 243.00 226.00 0 91
2011_000747 0.2186 214.00 172.00 229.00 227.00 0 108
2011_000747 0.2226 187.00 173.00 201.00 226.00 3 99
2011_000747 0.2288 174.00 177.00 190.00 227.00 0 96
2011_000747 0.1991 157.00 177.00 172.00 228.00 0 106
2011_000747 0.2488 137.00 184.00 154.00 229.00 1 115
2011_000747 0.2244 152.00 245.00 167.00 297.00 1 104
2011_000747 0.2273 138.00 245.00 154.00 297.00 0 120
2011_000747 0.2114 122.00 245.00 135.00 297.00 1 111
2011_000747 0.2092 111.00 252.00 129.00 298.00 3 97
2011_000747 0.2211 96.00 245.00 110.00 297.00 0 85
2011_000747 0.2115 85.00 248.00 100.00 299.00 0 104
2011_000747 0.2326 65.00 250.00 81.00 299.00 0 143
2011_000747 0.2294 35.00 251.00 51.00 299.00 0 105
2011_000747 0.2154 23.00 251.00 37.00 296.00 0 97
2011_000747 0.2089 106.00 244.00 118.00 295.00 0 106
2011_000843 0.1512 258.00 239.00 331.00 297.00 11 112
2011_000933 0.2005 191.00 258.00 234.00 316.00 8 90
2011_000951 0.1057 35.00 28.00 132.00 317.00 0 85
2011_000953 0.1797 349.00 240.00 380.00 304.00 4 106
2011_001008 0.2199 201.00 110.00 249.00 199.00 3 99
2011_001008 0.1575 1.00 99.00 17.00 146.00 11 95
2011_001058 0.1908 212.00 256.00 254.00 333.00 0 112
2011_001295 0.1533 79.00 256.00 125.00 424.00 3 99
2011_001305 0.1952 18.00 230.00 79.00 375.00 0 113
2011_001305 0.1967 129.00 191.00 163.00 266.00 2 92
2011_001305 0.2076 205.00 160.00 233.00 272.00 0 103
2011_001305 0.2188 214.00 182.00 256.00 318.00 0 85
2011_001327 0.1885 253.00 197.00 295.00 309.00 0 89
2011_001521 0.1650 212.00 261.00 331.00 475.00 0 104
2011_001720 0.2163 188.00 188.00 370.00 333.00 11 78
2011_001720 0.2145 260.00 53.00 435.00 333.00 0 106
2011_001720 0.2113 370.00 98.00 500.00 333.00 0 94
2011_001720 0.2083 334.00 1.00 486.00 151.00 4 81
2011_001720 0.1818 136.00 1.00 283.00 332.00 4 117
2011_001720 0.2318 11.00 103.00 190.00 333.00 0 110
2011_001720 0.1943 32.00 194.00 175.00 333.00 0 93
2011_001720 0.1909 1.00 1.00 101.00 238.00 0 85
2011_001720 0.2102 74.00 1.00 170.00 119.00 0 111
2011_001720 0.1940 243.00 1.00 348.00 156.00 0 84
2011_001819 0.2384 95.00 62.00 116.00 119.00 0 89
2011_001820 0.2156 349.00 224.00 393.00 340.00 0 96
2011_001845 0.1477 233.00 88.00 254.00 144.00 0 84
2011_001847 0.1892 186.00 208.00 204.00 270.00 0 88
2011_001914 0.2256 416.00 313.00 446.00 375.00 1 68
2011_001914 0.2079 290.00 156.00 316.00 202.00 5 80
2011_001919 0.0756 475.00 120.00 500.00 146.00 0 116
2011_001919 0.1116 442.00 149.00 493.00 179.00 0 116
2011_001975 0.1775 396.00 182.00 423.00 251.00 1 105
2011_002044 0.1521 403.00 298.00 460.00 375.00 3 99
2011_002044 0.1766 352.00 297.00 406.00 375.00 1 107
2011_002088 0.1087 9.00 60.00 469.00 232.00 5 93
2011_002098 0.1672 146.00 80.00 293.00 173.00 0 86
2011_002158 0.2127 117.00 245.00 160.00 357.00 0 84
2011_002158 0.1546 179.00 258.00 235.00 306.00 0 97
2011_002158 0.1571 205.00 263.00 245.00 314.00 0 85
2011_002163 0.1653 203.00 217.00 306.00 281.00 2 115
2011_002185 0.2372 271.00 117.00 298.00 179.00 0 91
2011_002185 0.1777 42.00 95.00 95.00 200.00 0 85
2011_002185 0.1998 175.00 107.00 206.00 213.00 0 96
2011_002185 0.1813 104.00 93.00 134.00 192.00 1 108
2011_002185 0.1876 146.00 105.00 176.00 206.00 0 97
2011_002185 0.1728 122.00 92.00 142.00 185.00 0 85
2011_002185 0.1826 84.00 97.00 114.00 175.00 0 90
2011_002185 0.1941 139.00 97.00 154.00 186.00 7 112
2011_002185 0.1987 165.00 86.00 202.00 145.00 0 96
2011_002185 0.2249 130.00 81.00 163.00 129.00 0 94
2011_002185 0.1888 230.00 133.00 250.00 171.00 3 101
2011_002185 0.1853 250.00 137.00 265.00 173.00 1 104
2011_002301 0.2001 126.00 73.00 175.00 276.00 4 94
2011_002301 0.1983 167.00 59.00 239.00 286.00 4 115
2011_002324 0.2411 2.00 1.00 452.00 375.00 7 99
2011_002358 0.2250 325.00 239.00 349.00 297.00 2 117
2011_002482 0.1966 41.00 116.00 75.00 195.00 0 105
2011_002482 0.1845 251.00 282.00 279.00 367.00 0 90
2011_002482 0.1862 294.00 79.00 309.00 102.00 0 104
2011_002498 0.1849 190.00 423.00 253.00 470.00 5 92
2011_002542 0.2213 205.00 134.00 223.00 189.00 0 96
2011_002575 0.2010 304.00 109.00 328.00 163.00 0 92
2011_002610 0.2073 104.00 105.00 123.00 166.00 3 99
2011_002610 0.2758 272.00 101.00 288.00 164.00 2 102
2011_002610 0.2761 202.00 100.00 222.00 168.00 0 84
2011_002640 0.1696 238.00 165.00 251.00 204.00 3 99
2011_002641 0.0948 108.00 140.00 205.00 171.00 11 95
2011_002830 0.2352 184.00 272.00 211.00 318.00 0 110
2011_002863 0.1782 131.00 124.00 276.00 464.00 0 143
2011_002863 0.2245 405.00 155.00 494.00 371.00 13 90
2011_002890 0.1945 95.00 108.00 257.00 317.00 0 110
2011_002890 0.1669 1.00 1.00 23.00 86.00 0 101
2011_002890 0.1843 1.00 1.00 121.00 174.00 0 84
2011_002890 0.1862 65.00 1.00 220.00 197.00 1 95
2011_002890 0.1727 174.00 1.00 342.00 149.00 22 81
2011_002890 0.1722 291.00 1.00 375.00 136.00 3 99
2011_002890 0.1625 1.00 151.00 52.00 293.00 0 126
2011_002890 0.1841 220.00 114.00 375.00 298.00 0 93
2011_002890 0.1672 1.00 304.00 72.00 492.00 2 92
2011_002890 0.1976 12.00 279.00 148.00 500.00 0 92
2011_002890 0.2022 119.00 271.00 285.00 476.00 0 92
2011_002890 0.0863 90.00 458.00 204.00 500.00 0 91
2011_002890 0.1452 194.00 430.00 315.00 500.00 3 89
2011_002890 0.1832 308.00 402.00 375.00 500.00 0 85
2011_002890 0.1833 229.00 255.00 375.00 451.00 0 95
2011_002897 0.2233 473.00 202.00 500.00 284.00 0 92
2011_002967 0.0968 207.00 104.00 470.00 187.00 2 97
2011_003050 0.1416 212.00 138.00 230.00 180.00 0 85
2011_003050 0.1617 201.00 143.00 216.00 181.00 0 95
2011_003050 0.1187 179.00 134.00 194.00 159.00 0 85
2011_003050 0.1244 149.00 138.00 162.00 159.00 0 106
2011_003050 0.1188 159.00 133.00 171.00 153.00 0 111
2011_003050 0.1390 162.00 141.00 182.00 162.00 0 116
2011_003152 0.1816 168.00 271.00 186.00 324.00 0 86
2011_003152 0.1387 76.00 243.00 96.00 276.00 22 90
2011_003152 0.2547 5.00 265.00 31.00 334.00 6 101
2011_003166 0.1991 190.00 53.00 214.00 114.00 3 106
2011_003168 0.1629 365.00 48.00 416.00 80.00 0 102
2011_003240 0.1141 255.00 124.00 328.00 162.00 0 95
2011_003254 0.1899 130.00 259.00 148.00 305.00 0 93
2011_003262 0.1927 283.00 106.00 307.00 194.00 1 96
2011_003262 0.2015 223.00 97.00 248.00 173.00 6 85
2011_003262 0.1673 215.00 154.00 253.00 272.00 4 117
2011_003271 0.2064 98.00 1.00 499.00 405.00 0 85
