2008_000021 0.0967 14.00 148.00 475.00 288.00 306 96
2008_000064 0.0862 1.00 152.00 375.00 461.00 288 72
2008_000251 0.1030 24.00 14.00 410.00 245.00 257 57
2008_000251 0.0771 213.00 53.00 500.00 171.00 272 22
2008_000251 0.0967 88.00 93.00 220.00 166.00 226 72
2008_000367 0.0748 1.00 1.00 500.00 357.00 308 99
2008_000804 0.0835 60.00 98.00 466.00 296.00 286 83
2008_000805 0.0931 44.00 16.00 481.00 307.00 282 70
2008_001160 0.0847 62.00 168.00 94.00 185.00 276 89
2008_001227 0.0902 1.00 132.00 443.00 375.00 271 89
2008_001380 0.1077 66.00 18.00 423.00 155.00 312 78
2008_001468 0.0723 9.00 120.00 500.00 359.00 294 84
2008_001546 0.1091 29.00 41.00 495.00 216.00 107 129
2008_001774 0.0742 219.00 170.00 256.00 203.00 312 69
2008_001805 0.0755 10.00 89.00 500.00 302.00 47 87
2008_001971 0.0929 132.00 125.00 395.00 194.00 289 87
2008_001985 0.0774 187.00 102.00 222.00 114.00 260 89
2008_001985 0.0596 190.00 111.00 225.00 121.00 276 92
2008_001985 0.0594 195.00 119.00 226.00 126.00 298 75
2008_001985 0.0809 154.00 111.00 190.00 122.00 270 93
2008_001985 0.0801 157.00 123.00 193.00 131.00 230 93
2008_001985 0.0761 119.00 125.00 158.00 134.00 250 90
2008_002138 0.1096 1.00 99.00 423.00 241.00 251 90
2008_002151 0.0924 3.00 52.00 500.00 242.00 288 95
2008_002358 0.0646 8.00 87.00 489.00 223.00 275 93
2008_002454 0.0683 1.00 139.00 500.00 333.00 237 92
2008_002673 0.1023 228.00 140.00 440.00 231.00 239 90
2008_002673 0.0992 18.00 132.00 262.00 237.00 296 99
2008_002673 0.0804 435.00 177.00 500.00 213.00 270 66
2008_002773 0.1003 139.00 111.00 189.00 141.00 85 74
2008_002773 0.1011 121.00 87.00 173.00 119.00 98 92
2008_002773 0.0986 148.00 75.00 199.00 106.00 112 35
2008_002773 0.0860 166.00 95.00 219.00 128.00 276 94
2008_003155 0.0711 2.00 112.00 499.00 266.00 81 83
2008_003189 0.0748 3.00 85.00 474.00 291.00 314 97
2008_003189 0.0702 475.00 116.00 500.00 149.00 287 141
2008_003369 0.0767 1.00 104.00 500.00 272.00 234 73
2008_003423 0.0832 1.00 40.00 500.00 275.00 270 138
2008_003475 0.1121 21.00 81.00 127.00 104.00 228 57
2008_003475 0.1086 95.00 107.00 272.00 151.00 315 61
2008_003475 0.0898 151.00 130.00 492.00 220.00 312 85
2008_003673 0.1140 27.00 64.00 497.00 197.00 254 91
2008_003673 0.0841 407.00 150.00 500.00 169.00 242 92
2008_003743 0.0766 93.00 137.00 472.00 298.00 282 122
2008_003744 0.0711 1.00 68.00 500.00 375.00 260 162
2008_003876 0.1016 3.00 112.00 498.00 213.00 254 91
2008_003905 0.0858 7.00 41.00 491.00 261.00 254 82
2008_003926 0.1100 1.00 51.00 489.00 224.00 302 93
2008_003976 0.1122 13.00 90.00 494.00 224.00 102 77
2008_004030 0.0910 135.00 96.00 216.00 151.00 264 94
2008_004030 0.0828 187.00 178.00 266.00 232.00 240 92
2008_004030 0.0757 297.00 196.00 370.00 249.00 246 94
2008_004030 0.0879 113.00 234.00 195.00 291.00 275 80
2008_004190 0.0659 152.00 142.00 309.00 189.00 254 97
2008_004348 0.0698 20.00 79.00 500.00 235.00 282 99
2008_004406 0.0747 53.00 74.00 500.00 266.00 273 15
2008_004433 0.0493 200.00 195.00 258.00 212.00 253 69
2008_004605 0.1038 32.00 52.00 463.00 223.00 233 81
2008_004605 0.0542 450.00 109.00 500.00 188.00 306 96
2008_004630 0.0840 1.00 1.00 500.00 275.00 282 131
2008_004646 0.0643 96.00 1.00 500.00 333.00 311 86
2008_004646 0.0582 1.00 48.00 268.00 134.00 253 69
2008_004646 0.0683 127.00 1.00 369.00 52.00 269 87
2008_004646 0.0582 386.00 116.00 500.00 153.00 260 92
2008_004646 0.0725 1.00 124.00 156.00 309.00 296 84
2008_004646 0.0721 245.00 52.00 358.00 80.00 231 90
2008_004646 0.0558 7.00 19.00 119.00 63.00 237 90
2008_004704 0.0774 3.00 1.00 500.00 322.00 293 122
2008_004726 0.0843 115.00 112.00 454.00 223.00 280 67
2008_004771 0.1208 24.00 72.00 273.00 161.00 269 80
2008_004819 0.0548 1.00 100.00 492.00 272.00 17 72
2008_004885 0.0729 22.00 96.00 375.00 211.00 261 68
2008_004935 0.0651 427.00 163.00 470.00 187.00 287 141
2008_004935 0.0621 224.00 126.00 267.00 149.00 33 72
2008_004935 0.0659 90.00 130.00 133.00 151.00 34 75
2008_005057 0.0558 76.00 140.00 432.00 233.00 271 94
2008_005114 0.1060 6.00 143.00 498.00 319.00 46 85
2008_005253 0.0667 1.00 84.00 500.00 278.00 234 73
2008_005338 0.0712 1.00 83.00 500.00 375.00 275 93
2008_005373 0.0843 18.00 23.00 500.00 238.00 282 70
2008_005455 0.1254 32.00 95.00 464.00 219.00 228 87
2008_005538 0.0813 163.00 49.00 402.00 248.00 261 68
2008_005573 0.0953 412.00 259.00 453.00 281.00 275 92
2008_005611 0.0868 1.00 5.00 500.00 388.00 240 82
2008_005611 0.0705 41.00 133.00 109.00 152.00 292 83
2008_005631 0.0839 79.00 130.00 317.00 198.00 270 76
2008_005685 0.0632 1.00 39.00 500.00 333.00 281 36
2008_005750 0.0732 135.00 326.00 375.00 500.00 269 87
2008_005750 0.0679 1.00 314.00 272.00 500.00 234 73
2008_005796 0.0737 1.00 63.00 500.00 290.00 266 58
2008_005889 0.0898 1.00 84.00 463.00 252.00 233 87
2008_005907 0.0921 24.00 136.00 458.00 260.00 282 132
2008_006034 0.0684 145.00 251.00 180.00 292.00 287 49
2008_006109 0.0929 25.00 128.00 132.00 170.00 287 141
2008_006169 0.0713 1.00 11.00 375.00 472.00 274 80
2008_006200 0.0557 1.00 121.00 419.00 243.00 251 83
2008_006200 0.0892 423.00 154.00 500.00 209.00 281 36
2008_006200 0.0594 351.00 203.00 430.00 225.00 280 92
2008_006200 0.0508 415.00 207.00 450.00 218.00 227 89
2008_006269 0.1061 43.00 238.00 230.00 315.00 266 90
2008_006269 0.1055 131.00 140.00 313.00 211.00 269 83
2008_006269 0.1150 31.00 116.00 207.00 186.00 275 67
2008_006394 0.0782 50.00 124.00 419.00 232.00 278 93
2008_006394 0.0875 435.00 189.00 498.00 205.00 312 95
2008_006394 0.0646 430.00 181.00 495.00 193.00 238 173
2008_006463 0.0621 1.00 82.00 494.00 281.00 296 84
2008_006548 0.1087 1.00 128.00 393.00 217.00 231 90
2008_006604 0.0824 1.00 97.00 500.00 375.00 307 83
2008_006621 0.1164 1.00 84.00 499.00 232.00 271 78
2008_006631 0.0635 17.00 52.00 500.00 335.00 228 89
2008_006671 0.0736 106.00 45.00 500.00 290.00 269 87
2008_006671 0.0604 18.00 159.00 418.00 242.00 292 83
2008_006703 0.0665 58.00 138.00 336.00 226.00 253 73
2008_006777 0.0703 369.00 56.00 500.00 112.00 248 74
2008_006777 0.0808 213.00 50.00 278.00 77.00 266 90
2008_006777 0.0912 17.00 96.00 473.00 271.00 249 86
2008_006896 0.1100 1.00 100.00 497.00 264.00 235 88
2008_006951 0.1053 128.00 102.00 472.00 207.00 107 129
2008_006980 0.0638 316.00 214.00 500.00 306.00 328 83
2008_007096 0.0842 48.00 171.00 468.00 316.00 333 68
2008_007096 0.0841 416.00 132.00 481.00 152.00 290 71
2008_007195 0.0758 101.00 55.00 500.00 298.00 306 96
2008_007229 0.1014 10.00 95.00 439.00 239.00 278 95
2008_007229 0.0565 384.00 146.00 494.00 199.00 27 63
2008_007350 0.0762 37.00 141.00 482.00 263.00 294 84
2008_007374 0.0776 1.00 11.00 484.00 333.00 244 91
2008_007409 0.0835 150.00 112.00 326.00 201.00 312 85
2008_007458 0.0825 169.00 90.00 246.00 181.00 278 50
2008_007480 0.0849 1.00 13.00 485.00 317.00 278 164
2008_007480 0.0979 1.00 123.00 79.00 155.00 294 84
2008_007507 0.0634 163.00 219.00 206.00 276.00 270 74
2008_007579 0.0754 51.00 64.00 500.00 284.00 300 118
2008_007618 0.0687 65.00 91.00 437.00 206.00 260 92
2008_007690 0.0901 96.00 35.00 231.00 87.00 239 90
2008_007738 0.0719 13.00 103.00 421.00 257.00 261 82
2008_007764 0.0750 155.00 99.00 373.00 197.00 253 69
2008_007836 0.0622 231.00 147.00 287.00 215.00 33 56
2008_007884 0.0829 149.00 68.00 408.00 169.00 282 131
2008_007970 0.0738 1.00 49.00 500.00 253.00 111 95
2008_008025 0.0777 41.00 59.00 296.00 156.00 96 88
2008_008025 0.0708 302.00 112.00 436.00 164.00 271 94
2008_008044 0.0956 1.00 83.00 500.00 260.00 250 90
2008_008050 0.0665 1.00 19.00 500.00 338.00 296 99
2008_008053 0.0950 61.00 188.00 89.00 207.00 285 81
2008_008053 0.0971 121.00 204.00 146.00 218.00 281 36
2008_008053 0.0842 169.00 186.00 198.00 200.00 258 60
2008_008053 0.0859 181.00 215.00 205.00 226.00 285 81
2008_008053 0.0880 240.00 207.00 266.00 219.00 277 99
2008_008053 0.0735 246.00 222.00 264.00 233.00 273 15
2008_008053 0.0808 310.00 202.00 331.00 215.00 263 87
2008_008053 0.0868 312.00 174.00 339.00 189.00 281 36
2008_008053 0.0946 355.00 182.00 380.00 196.00 311 64
2008_008053 0.0901 406.00 166.00 433.00 183.00 271 56
2008_008086 0.0653 111.00 234.00 373.00 325.00 275 81
2008_008096 0.0695 9.00 119.00 500.00 299.00 263 87
2008_008130 0.0715 5.00 1.00 488.00 363.00 240 92
2008_008146 0.0576 228.00 114.00 279.00 151.00 233 81
2008_008179 0.0615 310.00 133.00 419.00 167.00 303 62
2008_008179 0.0617 176.00 138.00 311.00 181.00 267 90
2008_008179 0.0610 47.00 144.00 181.00 182.00 259 98
2008_008179 0.0652 30.00 137.00 154.00 175.00 267 92
2008_008191 0.0819 36.00 51.00 295.00 146.00 315 77
2008_008231 0.0800 51.00 79.00 98.00 104.00 228 123
2008_008254 0.0889 96.00 225.00 452.00 341.00 288 95
2008_008278 0.0759 1.00 64.00 500.00 299.00 254 91
2008_008278 0.1088 1.00 8.00 500.00 194.00 287 80
2008_008278 0.0647 74.00 167.00 163.00 192.00 302 98
2008_008278 0.0748 1.00 164.00 91.00 191.00 297 69
2008_008359 0.1334 5.00 89.00 495.00 217.00 80 92
2008_008373 0.0965 6.00 106.00 497.00 224.00 288 95
2008_008424 0.0955 1.00 55.00 500.00 278.00 80 82
2008_008446 0.1167 241.00 78.00 310.00 160.00 313 111
2008_008467 0.0840 57.00 66.00 166.00 101.00 240 92
2008_008467 0.0868 130.00 105.00 235.00 138.00 287 141
2008_008467 0.0938 198.00 144.00 301.00 177.00 251 83
2008_008467 0.0985 261.00 186.00 362.00 216.00 238 173
2008_008467 0.0886 319.00 227.00 415.00 258.00 275 87
2008_008501 0.0793 12.00 30.00 500.00 174.00 248 91
2008_008519 0.0816 17.00 119.00 487.00 250.00 313 93
2008_008570 0.0784 57.00 121.00 488.00 320.00 266 90
2008_008765 0.1110 111.00 114.00 441.00 239.00 233 81
2009_000032 0.0571 59.00 95.00 491.00 216.00 292 83
2009_000084 0.0778 1.00 38.00 500.00 334.00 247 87
2009_000205 0.0830 1.00 103.00 362.00 216.00 314 90
2009_000225 0.0738 28.00 152.00 421.00 238.00 263 76
2009_000260 0.0786 1.00 133.00 485.00 226.00 286 83
2009_000387 0.0746 51.00 128.00 487.00 273.00 287 65
2009_000397 0.0614 41.00 92.00 465.00 227.00 259 98
2009_000417 0.1107 1.00 21.00 492.00 197.00 294 71
2009_000440 0.1026 6.00 115.00 499.00 226.00 290 71
2009_000513 0.0834 11.00 123.00 490.00 222.00 263 87
2009_000545 0.0820 129.00 137.00 356.00 240.00 282 131
2009_000545 0.0798 349.00 180.00 500.00 230.00 280 67
2009_000625 0.0578 280.00 157.00 300.00 185.00 72 56
2009_000661 0.0522 125.00 31.00 190.00 53.00 331 73
2009_000661 0.0678 186.00 56.00 252.00 75.00 85 93
2009_000661 0.0705 1.00 181.00 500.00 377.00 240 91
2009_000734 0.0840 8.00 55.00 484.00 221.00 307 83
2009_000817 0.1206 46.00 80.00 478.00 230.00 134 91
2009_000909 0.0897 1.00 1.00 339.00 332.00 226 89
2009_001090 0.1027 61.00 92.00 389.00 205.00 315 61
2009_001195 0.1165 1.00 1.00 500.00 270.00 228 57
2009_001316 0.0842 5.00 30.00 483.00 297.00 307 83
2009_001321 0.0662 1.00 1.00 500.00 333.00 266 58
2009_001321 0.0563 287.00 267.00 372.00 284.00 269 87
2009_001332 0.0956 13.00 78.00 489.00 219.00 288 95
2009_001345 0.0690 75.00 35.00 500.00 375.00 62 108
2009_001387 0.0923 1.00 66.00 479.00 235.00 288 65
2009_001501 0.0931 22.00 88.00 482.00 262.00 288 95
2009_001509 0.0727 1.00 66.00 486.00 261.00 280 92
2009_001509 0.0760 119.00 1.00 343.00 48.00 314 76
2009_001549 0.1031 1.00 86.00 489.00 245.00 106 106
2009_001696 0.0899 1.00 42.00 483.00 146.00 307 83
2009_001696 0.0515 151.00 42.00 409.00 84.00 228 89
2009_001696 0.0637 1.00 92.00 36.00 112.00 282 131
2009_001713 0.0981 38.00 91.00 380.00 216.00 244 86
2009_001850 0.0998 50.00 73.00 493.00 170.00 282 130
2009_001851 0.1029 38.00 107.00 465.00 264.00 66 91
2009_001858 0.0618 171.00 95.00 227.00 181.00 282 132
2009_001905 0.1025 241.00 148.00 344.00 180.00 282 131
2009_001940 0.0629 52.00 101.00 484.00 257.00 254 25
2009_002001 0.0539 235.00 448.00 346.00 500.00 282 131
2009_002011 0.0772 1.00 17.00 491.00 300.00 297 34
2009_002047 0.0706 55.00 82.00 483.00 236.00 275 81
2009_002191 0.1186 19.00 129.00 469.00 250.00 265 92
2009_002199 0.0838 219.00 30.00 452.00 104.00 101 82
2009_002199 0.0753 33.00 236.00 260.00 322.00 93 76
2009_002211 0.0811 1.00 53.00 476.00 241.00 288 95
2009_002272 0.0932 52.00 68.00 431.00 223.00 244 86
2009_002320 0.1194 192.00 74.00 355.00 186.00 98 170
2009_002393 0.1129 219.00 87.00 345.00 136.00 47 86
2009_002432 0.1143 10.00 60.00 489.00 215.00 105 62
2009_002531 0.1087 48.00 88.00 499.00 193.00 226 72
2009_002614 0.0850 8.00 82.00 416.00 278.00 75 60
2009_002680 0.0755 1.00 61.00 500.00 244.00 240 92
2009_002752 0.0623 1.00 59.00 322.00 162.00 283 88
2009_002752 0.0765 59.00 125.00 463.00 254.00 292 83
2009_002765 0.0974 125.00 112.00 211.00 197.00 244 69
2009_002808 0.0803 2.00 16.00 333.00 457.00 282 70
2009_002888 0.1166 2.00 142.00 213.00 248.00 271 56
2009_002888 0.1183 89.00 96.00 305.00 211.00 238 173
2009_002888 0.1334 183.00 52.00 498.00 186.00 287 141
2009_002910 0.0817 25.00 119.00 487.00 225.00 267 87
2009_002910 0.0670 455.00 136.00 498.00 151.00 302 93
2009_002910 0.0767 357.00 140.00 400.00 161.00 302 93
2009_002910 0.0964 1.00 140.00 82.00 178.00 227 90
2009_002941 0.1180 14.00 46.00 483.00 221.00 272 22
2009_003005 0.1062 17.00 78.00 482.00 225.00 248 148
2009_003033 0.0782 106.00 116.00 433.00 209.00 100 91
2009_003044 0.0760 39.00 38.00 500.00 372.00 266 90
2009_003097 0.1004 194.00 92.00 413.00 167.00 263 87
2009_003153 0.1070 15.00 80.00 489.00 247.00 52 86
2009_003199 0.0793 5.00 96.00 499.00 255.00 282 131
2009_003199 0.0750 373.00 193.00 500.00 240.00 280 67
2009_003278 0.1065 22.00 76.00 500.00 266.00 122 84
2009_003372 0.0749 9.00 62.00 500.00 229.00 246 86
2009_003456 0.1200 1.00 35.00 500.00 270.00 279 94
2009_003571 0.0685 9.00 85.00 490.00 214.00 246 94
2009_003635 0.1083 9.00 59.00 496.00 274.00 271 78
2009_003696 0.0965 13.00 49.00 500.00 224.00 275 81
2009_003704 0.0996 50.00 100.00 473.00 229.00 280 67
2009_003805 0.0813 113.00 153.00 374.00 228.00 346 76
2009_003806 0.1016 29.00 86.00 486.00 214.00 292 81
2009_003947 0.0994 13.00 110.00 497.00 225.00 302 93
2009_003950 0.0965 14.00 110.00 495.00 224.00 307 83
2009_004075 0.0740 1.00 1.00 500.00 333.00 312 85
2009_004108 0.0834 26.00 85.00 465.00 221.00 309 64
2009_004203 0.1215 23.00 113.00 483.00 222.00 263 87
2009_004402 0.0811 109.00 94.00 258.00 334.00 254 64
2009_004414 0.0919 14.00 98.00 478.00 205.00 66 91
2009_004414 0.0762 33.00 147.00 94.00 227.00 254 82
2009_004414 0.0755 1.00 149.00 91.00 187.00 281 91
2009_004535 0.0895 72.00 166.00 382.00 257.00 300 73
2009_004548 0.0677 65.00 158.00 431.00 250.00 240 90
2009_004601 0.0570 9.00 86.00 492.00 221.00 293 79
2009_004601 0.0677 161.00 125.00 231.00 152.00 283 88
2009_004653 0.0763 20.00 159.00 221.00 215.00 268 80
2009_004812 0.0881 35.00 106.00 472.00 272.00 311 86
2009_004820 0.1063 1.00 2.00 500.00 290.00 282 136
2009_004917 0.0720 1.00 93.00 496.00 269.00 287 92
2009_004969 0.0728 54.00 121.00 400.00 279.00 240 91
2009_004969 0.0714 362.00 104.00 414.00 142.00 302 60
2009_004969 0.0591 231.00 108.00 276.00 124.00 293 76
2009_005019 0.0981 7.00 97.00 488.00 210.00 292 89
2009_005036 0.0676 6.00 159.00 489.00 299.00 263 82
2009_005111 0.1335 17.00 69.00 485.00 230.00 312 95
2009_005189 0.1010 21.00 91.00 487.00 214.00 244 69
2009_005210 0.1316 1.00 93.00 500.00 231.00 67 83
2009_005215 0.0836 35.00 78.00 464.00 219.00 272 90
2009_005232 0.0797 14.00 72.00 455.00 324.00 247 87
2010_000193 0.0985 1.00 40.00 499.00 293.00 0 92
2010_000196 0.0798 25.00 1.00 500.00 335.00 282 70
2010_000238 0.0728 258.00 15.00 500.00 280.00 312 69
2010_000260 0.0777 1.00 28.00 500.00 375.00 312 69
2010_000295 0.0956 137.00 131.00 326.00 210.00 296 84
2010_000308 0.0736 2.00 60.00 500.00 290.00 313 93
2010_000418 0.0921 11.00 100.00 489.00 217.00 228 57
2010_000541 0.0704 37.00 17.00 394.00 323.00 260 162
2010_000572 0.0686 59.00 159.00 434.00 235.00 251 95
2010_000622 0.0610 9.00 132.00 360.00 254.00 261 97
2010_000802 0.1002 255.00 127.00 436.00 246.00 300 118
2010_000981 0.0920 59.00 108.00 462.00 241.00 97 87
2010_001017 0.0789 114.00 130.00 342.00 306.00 287 141
2010_001024 0.0659 2.00 101.00 500.00 332.00 283 65
2010_001085 0.0680 1.00 110.00 375.00 423.00 297 69
2010_001174 0.1072 13.00 92.00 495.00 241.00 268 80
2010_001214 0.0893 330.00 145.00 381.00 163.00 301 79
2010_001294 0.0988 7.00 63.00 487.00 217.00 254 93
2010_001294 0.0647 129.00 189.00 191.00 210.00 265 85
2010_001426 0.0749 28.00 47.00 480.00 234.00 271 56
2010_001448 0.1094 136.00 17.00 440.00 330.00 312 69
2010_001505 0.0672 1.00 41.00 500.00 306.00 283 88
2010_001652 0.1136 77.00 96.00 475.00 231.00 286 95
2010_001836 0.0893 257.00 157.00 348.00 180.00 232 92
2010_001950 0.1101 58.00 77.00 446.00 230.00 266 90
2010_002019 0.0896 56.00 106.00 433.00 227.00 228 57
2010_002085 0.0763 1.00 107.00 500.00 374.00 277 99
2010_002147 0.1076 22.00 17.00 490.00 289.00 299 52
2010_002200 0.1150 81.00 100.00 414.00 212.00 226 72
2010_002200 0.0866 125.00 147.00 251.00 209.00 294 84
2010_002229 0.1152 166.00 30.00 202.00 60.00 260 162
2010_002229 0.0667 205.00 59.00 229.00 90.00 278 164
2010_002229 0.0531 139.00 38.00 313.00 333.00 278 164
2010_002289 0.0826 19.00 126.00 296.00 220.00 308 86
2010_002310 0.1026 62.00 139.00 445.00 268.00 297 69
2010_002357 0.0712 82.00 85.00 455.00 215.00 232 92
2010_002460 0.0853 225.00 205.00 352.00 250.00 266 58
2010_002542 0.1151 3.00 108.00 493.00 217.00 254 91
2010_002579 0.0933 72.00 161.00 292.00 247.00 279 89
2010_002579 0.0579 56.00 212.00 109.00 232.00 282 64
2010_002638 0.0672 22.00 81.00 500.00 260.00 278 93
2010_002638 0.0829 299.00 166.00 473.00 197.00 254 93
2010_002695 0.0948 1.00 38.00 500.00 299.00 313 93
2010_002695 0.0818 311.00 163.00 390.00 181.00 73 137
2010_002695 0.0913 1.00 106.00 121.00 202.00 253 80
2010_002827 0.0817 15.00 14.00 500.00 143.00 61 85
2010_002939 0.0716 1.00 41.00 497.00 182.00 292 87
2010_002954 0.0700 8.00 110.00 493.00 254.00 254 64
2010_003051 0.0802 84.00 127.00 492.00 257.00 98 88
2010_003054 0.1077 162.00 47.00 342.00 116.00 118 90
2010_003127 0.0942 13.00 133.00 227.00 208.00 293 76
2010_003127 0.0700 299.00 167.00 403.00 205.00 275 93
2010_003127 0.1040 398.00 165.00 495.00 201.00 244 86
2010_003127 0.0883 395.00 164.00 445.00 198.00 279 58
2010_003127 0.0916 242.00 169.00 321.00 203.00 296 84
2010_003127 0.0685 225.00 171.00 253.00 194.00 312 69
2010_003132 0.0893 2.00 63.00 500.00 298.00 277 87
2010_003279 0.0755 21.00 71.00 482.00 184.00 262 100
2010_003361 0.0849 1.00 55.00 500.00 273.00 263 76
2010_003361 0.0637 184.00 141.00 225.00 173.00 266 56
2010_003365 0.0781 1.00 36.00 500.00 248.00 294 84
2010_003458 0.0827 64.00 60.00 467.00 358.00 248 148
2010_003495 0.1745 80.00 10.00 441.00 289.00 244 57
2010_003496 0.0719 1.00 105.00 278.00 194.00 49 97
2010_003496 0.0716 1.00 27.00 500.00 332.00 282 132
2010_003559 0.0793 99.00 148.00 461.00 266.00 261 82
2010_003559 0.0781 1.00 181.00 54.00 204.00 314 97
2010_003559 0.0862 45.00 181.00 80.00 194.00 307 83
2010_003559 0.0786 119.00 177.00 151.00 190.00 254 93
2010_003655 0.0878 1.00 1.00 500.00 236.00 271 94
2010_003716 0.0795 1.00 102.00 500.00 229.00 312 66
2010_003723 0.0890 64.00 52.00 462.00 259.00 297 125
2010_003801 0.0582 1.00 103.00 464.00 304.00 282 99
2010_003801 0.0991 167.00 1.00 500.00 203.00 282 70
2010_003801 0.0916 320.00 1.00 500.00 117.00 312 69
2010_003915 0.0752 215.00 134.00 382.00 282.00 229 72
2010_003933 0.0820 4.00 67.00 500.00 284.00 260 80
2010_003983 0.0721 1.00 12.00 473.00 375.00 273 93
2010_003983 0.0819 412.00 107.00 500.00 203.00 263 82
2010_004010 0.0909 1.00 79.00 485.00 304.00 312 69
2010_004063 0.0966 128.00 137.00 406.00 275.00 263 82
2010_004184 0.0898 8.00 102.00 491.00 214.00 297 74
2010_004238 0.1213 78.00 68.00 444.00 180.00 244 86
2010_004238 0.0991 27.00 106.00 100.00 154.00 244 57
2010_004312 0.1149 2.00 121.00 497.00 274.00 122 84
2010_004314 0.0872 94.00 126.00 438.00 248.00 75 83
2010_004314 0.0795 8.00 154.00 189.00 218.00 269 90
2010_004404 0.0861 67.00 125.00 277.00 383.00 239 90
2010_004419 0.0727 1.00 144.00 486.00 318.00 257 91
2010_004455 0.0649 32.00 127.00 486.00 238.00 271 68
2010_004557 0.0968 154.00 56.00 493.00 167.00 246 93
2010_004608 0.0586 186.00 138.00 271.00 166.00 292 81
2010_004748 0.0716 156.00 64.00 344.00 256.00 306 96
2010_004817 0.1200 1.00 225.00 245.00 310.00 97 87
2010_004917 0.1070 299.00 190.00 377.00 268.00 308 44
2010_004998 0.0811 32.00 123.00 444.00 269.00 250 90
2010_005059 0.0992 167.00 148.00 315.00 243.00 248 148
2010_005167 0.0930 36.00 133.00 260.00 258.00 282 132
2010_005184 0.0967 53.00 120.00 350.00 242.00 231 79
2010_005224 0.0955 135.00 24.00 188.00 61.00 312 69
2010_005224 0.0965 31.00 241.00 275.00 325.00 302 93
2010_005268 0.0999 36.00 34.00 455.00 275.00 312 69
2010_005382 0.0585 38.00 53.00 485.00 190.00 287 80
2010_005534 0.0954 168.00 107.00 477.00 231.00 79 101
2010_005632 0.0747 50.00 120.00 402.00 237.00 248 91
2010_005718 0.0738 80.00 128.00 498.00 246.00 246 94
2010_005761 0.0920 204.00 135.00 327.00 185.00 75 80
2010_005877 0.0712 115.00 96.00 446.00 202.00 79 101
2010_005888 0.0958 126.00 136.00 281.00 280.00 282 116
2010_005953 0.0825 46.00 89.00 397.00 211.00 312 69
2010_005953 0.0550 136.00 235.00 500.00 332.00 271 165
2010_005998 0.1027 109.00 198.00 498.00 299.00 228 93
2010_006032 0.0833 1.00 1.00 500.00 334.00 276 63
2010_006034 0.1148 1.00 83.00 499.00 272.00 254 91
2010_006082 0.0838 132.00 118.00 500.00 259.00 278 57
2011_000103 0.0853 13.00 99.00 492.00 229.00 288 95
2011_000129 0.0681 117.00 165.00 214.00 194.00 283 74
2011_000129 0.0662 247.00 140.00 342.00 173.00 240 92
2011_000129 0.0535 366.00 129.00 473.00 156.00 308 64
2011_000163 0.0873 164.00 70.00 335.00 168.00 282 136
2011_000276 0.0789 1.00 39.00 500.00 313.00 265 85
2011_000481 0.0524 188.00 85.00 302.00 211.00 8 92
2011_000592 0.0970 26.00 84.00 456.00 241.00 261 97
2011_000656 0.1066 8.00 51.00 471.00 231.00 242 92
2011_000807 0.1027 49.00 83.00 204.00 134.00 226 72
2011_000872 0.1039 109.00 84.00 364.00 247.00 263 94
2011_000874 0.0917 7.00 87.00 494.00 198.00 230 93
2011_001044 0.0983 113.00 125.00 431.00 217.00 263 87
2011_001081 0.0752 1.00 10.00 487.00 320.00 262 90
2011_001081 0.0870 310.00 86.00 343.00 99.00 282 70
2011_001081 0.0813 343.00 90.00 369.00 96.00 254 91
2011_001081 0.0605 369.00 90.00 386.00 97.00 281 36
2011_001081 0.0714 385.00 89.00 407.00 98.00 269 83
2011_001081 0.0595 409.00 93.00 420.00 97.00 269 92
2011_001081 0.0721 417.00 90.00 441.00 98.00 269 92
2011_001114 0.0892 79.00 123.00 440.00 208.00 64 104
2011_001158 0.0806 1.00 281.00 94.00 348.00 68 73
2011_001158 0.0808 312.00 322.00 375.00 348.00 306 96
2011_001158 0.0778 1.00 40.00 375.00 315.00 234 73
2011_001263 0.0932 185.00 39.00 392.00 105.00 289 89
2011_001263 0.0714 31.00 270.00 128.00 305.00 251 86
2011_001263 0.0693 373.00 282.00 416.00 300.00 244 69
2011_001315 0.1084 16.00 129.00 492.00 289.00 240 91
2011_001407 0.0707 12.00 95.00 491.00 231.00 277 97
2011_001434 0.0843 1.00 7.00 500.00 321.00 287 141
2011_001489 0.0709 148.00 195.00 196.00 210.00 279 66
2011_001541 0.0655 23.00 105.00 202.00 174.00 280 92
2011_001541 0.0712 162.00 98.00 475.00 207.00 263 82
2011_001624 0.0869 115.00 148.00 353.00 223.00 296 63
2011_001699 0.0851 40.00 84.00 449.00 253.00 298 75
2011_001800 0.0716 68.00 109.00 240.00 162.00 287 92
2011_001824 0.1007 48.00 109.00 500.00 232.00 263 94
2011_001824 0.0552 239.00 223.00 500.00 333.00 338 89
2011_001824 0.0409 274.00 153.00 321.00 168.00 0 119
2011_001824 0.0686 25.00 177.00 66.00 195.00 254 91
2011_001824 0.0637 64.00 178.00 104.00 194.00 259 98
2011_001858 0.0633 18.00 107.00 498.00 347.00 74 119
2011_001880 0.0577 324.00 1.00 500.00 169.00 282 116
2011_001880 0.0550 83.00 114.00 500.00 300.00 308 44
2011_001962 0.0927 91.00 147.00 442.00 259.00 287 91
2011_002091 0.1073 3.00 64.00 383.00 245.00 314 90
2011_002132 0.0732 125.00 107.00 357.00 242.00 251 83
2011_002193 0.0740 127.00 72.00 447.00 190.00 311 86
2011_002248 0.0878 1.00 1.00 500.00 324.00 305 89
2011_002269 0.0880 68.00 9.00 396.00 352.00 282 136
2011_002327 0.0773 1.00 26.00 500.00 260.00 279 89
2011_002380 0.0654 1.00 154.00 499.00 314.00 251 83
2011_002494 0.0869 72.00 53.00 500.00 268.00 266 90
2011_002515 0.0670 113.00 75.00 415.00 237.00 312 69
2011_002605 0.0664 115.00 105.00 285.00 184.00 246 64
2011_002605 0.0699 359.00 135.00 431.00 159.00 273 92
2011_002605 0.0663 423.00 141.00 455.00 156.00 307 84
2011_002617 0.0801 71.00 61.00 481.00 320.00 13 59
2011_002675 0.0735 45.00 62.00 445.00 343.00 311 86
2011_002675 0.0650 416.00 114.00 500.00 172.00 273 98
2011_002675 0.0627 401.00 89.00 494.00 139.00 296 84
2011_002751 0.0689 1.00 1.00 499.00 271.00 86 91
2011_002929 0.0896 6.00 129.00 433.00 233.00 304 69
2011_002992 0.0683 1.00 15.00 472.00 335.00 269 83
2011_002993 0.0777 55.00 189.00 112.00 234.00 270 138
2011_003012 0.0808 351.00 34.00 414.00 68.00 134 91
2011_003012 0.0874 289.00 41.00 350.00 66.00 315 61
2011_003012 0.0752 110.00 16.00 500.00 375.00 0 119
2011_003111 0.0728 1.00 105.00 500.00 333.00 281 36
2011_003176 0.0837 399.00 175.00 482.00 225.00 270 93
2011_003176 0.1098 363.00 151.00 454.00 214.00 303 62
2011_003176 0.0740 312.00 186.00 448.00 218.00 284 79
2011_003176 0.0858 31.00 78.00 472.00 231.00 48 87
2011_003275 0.0936 42.00 50.00 448.00 282.00 248 74
