2008_000149 0.1576 126.00 132.00 407.00 252.00 0 121
2008_000270 0.1511 1.00 89.00 500.00 334.00 0 91
2008_000321 0.2037 269.00 112.00 476.00 269.00 0 103
2008_000419 0.1607 1.00 22.00 458.00 375.00 336 96
2008_000465 0.1642 61.00 155.00 143.00 220.00 350 92
2008_000465 0.1439 217.00 130.00 355.00 215.00 15 124
2008_000465 0.1154 148.00 220.00 435.00 333.00 0 96
2008_000465 0.1584 353.00 161.00 485.00 242.00 39 97
2008_000541 0.1381 1.00 169.00 416.00 375.00 0 92
2008_000589 0.1451 118.00 123.00 252.00 210.00 327 95
2008_000589 0.1188 251.00 122.00 443.00 207.00 334 106
2008_000589 0.1638 265.00 171.00 475.00 322.00 0 81
2008_000589 0.1815 1.00 111.00 153.00 192.00 338 95
2008_000690 0.1464 1.00 49.00 374.00 305.00 0 92
2008_000857 0.1925 309.00 131.00 498.00 257.00 27 102
2008_001092 0.1278 1.00 99.00 471.00 338.00 336 108
2008_001333 0.1468 86.00 1.00 375.00 201.00 1 99
2008_001366 0.1773 138.00 1.00 500.00 375.00 0 106
2008_001589 0.1482 7.00 81.00 301.00 414.00 0 116
2008_001660 0.1510 1.00 61.00 500.00 371.00 2 109
2008_001838 0.1260 1.00 165.00 500.00 375.00 323 112
2008_001869 0.1924 343.00 202.00 485.00 329.00 323 96
2008_002026 0.1308 314.00 269.00 500.00 375.00 2 90
2008_002082 0.1109 1.00 213.00 416.00 335.00 0 102
2008_002092 0.1233 1.00 109.00 480.00 326.00 330 94
2008_002508 0.1944 193.00 139.00 270.00 199.00 1 100
2008_002508 0.1656 26.00 134.00 102.00 204.00 353 108
2008_002801 0.1520 1.00 114.00 471.00 375.00 5 102
2008_002920 0.1751 147.00 97.00 475.00 301.00 331 98
2008_002929 0.1336 96.00 182.00 429.00 333.00 351 86
2008_003271 0.1477 23.00 48.00 500.00 375.00 8 103
2008_003472 0.1237 1.00 214.00 315.00 375.00 0 95
2008_003607 0.1301 6.00 186.00 481.00 375.00 10 83
2008_003709 0.1632 156.00 146.00 316.00 243.00 6 103
2008_003709 0.1326 292.00 188.00 499.00 333.00 323 96
2008_004054 0.1512 428.00 194.00 500.00 267.00 320 103
2008_004054 0.1807 1.00 227.00 128.00 375.00 0 98
2008_004054 0.1416 219.00 224.00 412.00 331.00 8 95
2008_004271 0.1692 181.00 207.00 317.00 333.00 0 85
2008_004497 0.1452 1.00 97.00 500.00 340.00 0 106
2008_004632 0.1683 115.00 194.00 361.00 336.00 27 102
2008_004670 0.1489 71.00 149.00 311.00 312.00 326 85
2008_004774 0.1682 50.00 233.00 352.00 457.00 0 97
2008_004778 0.0790 1.00 94.00 98.00 310.00 336 111
2008_004881 0.1334 1.00 157.00 164.00 347.00 22 100
2008_004887 0.1332 270.00 124.00 500.00 228.00 0 101
2008_004887 0.1362 365.00 212.00 500.00 354.00 0 85
2008_004887 0.1476 249.00 115.00 321.00 177.00 6 103
2008_005323 0.1319 427.00 275.00 480.00 360.00 8 103
2008_005323 0.1691 218.00 192.00 450.00 343.00 4 82
2008_005323 0.1541 1.00 177.00 139.00 265.00 0 96
2008_005444 0.1366 9.00 81.00 393.00 235.00 2 89
2008_005627 0.1829 1.00 1.00 271.00 204.00 10 98
2008_005788 0.1413 279.00 56.00 500.00 269.00 27 102
2008_006038 0.1451 1.00 136.00 500.00 375.00 0 88
2008_006117 0.1543 1.00 90.00 475.00 375.00 333 98
2008_006117 0.0643 164.00 1.00 392.00 84.00 0 94
2008_006117 0.1628 388.00 1.00 458.00 47.00 37 121
2008_006616 0.1182 26.00 104.00 500.00 303.00 353 108
2008_006660 0.1624 22.00 248.00 115.00 375.00 27 102
2008_006665 0.1306 6.00 168.00 330.00 333.00 341 96
2008_006773 0.1369 37.00 235.00 275.00 375.00 0 105
2008_006773 0.1132 304.00 276.00 500.00 375.00 2 90
2008_006784 0.1478 170.00 149.00 334.00 245.00 335 95
2008_006841 0.1289 1.00 169.00 153.00 373.00 40 102
2008_006948 0.1436 21.00 136.00 229.00 313.00 9 103
2008_006952 0.1450 1.00 43.00 188.00 279.00 0 102
2008_006979 0.1580 1.00 66.00 281.00 343.00 40 102
2008_007010 0.0948 435.00 188.00 500.00 333.00 40 102
2008_007021 0.1684 1.00 66.00 480.00 336.00 0 88
2008_007050 0.1508 134.00 65.00 422.00 226.00 5 92
2008_007050 0.1008 1.00 68.00 113.00 268.00 0 106
2008_007050 0.1133 256.00 35.00 384.00 86.00 0 85
2008_007166 0.1528 1.00 200.00 107.00 325.00 6 103
2008_007182 0.1367 1.00 134.00 500.00 375.00 24 105
2008_007282 0.1563 237.00 248.00 407.00 338.00 0 88
2008_007282 0.0968 421.00 276.00 500.00 374.00 40 102
2008_007285 0.1409 77.00 110.00 500.00 333.00 10 83
2008_007452 0.1366 246.00 12.00 353.00 94.00 40 102
2008_007733 0.0975 66.00 143.00 500.00 372.00 4 91
2008_008029 0.1382 16.00 88.00 500.00 375.00 3 84
2008_008103 0.1698 206.00 174.00 500.00 375.00 0 89
2008_008190 0.1572 65.00 139.00 355.00 300.00 25 91
2008_008271 0.1712 1.00 95.00 432.00 288.00 318 113
2008_008313 0.1453 104.00 1.00 500.00 271.00 39 112
2008_008433 0.1517 1.00 117.00 424.00 374.00 342 89
2008_008470 0.1109 1.00 241.00 375.00 375.00 0 81
2008_008470 0.1656 113.00 199.00 391.00 321.00 0 121
2008_008470 0.1766 420.00 197.00 500.00 306.00 0 76
2008_008524 0.1696 1.00 155.00 190.00 332.00 0 85
2008_008538 0.1667 55.00 181.00 277.00 375.00 0 121
2008_008554 0.1455 1.00 160.00 162.00 375.00 3 121
2008_008574 0.1319 1.00 32.00 500.00 207.00 0 88
2008_008588 0.1318 1.00 133.00 500.00 375.00 0 94
2008_008606 0.1598 186.00 90.00 491.00 310.00 0 89
2008_008621 0.1549 1.00 122.00 332.00 361.00 1 119
2008_008622 0.1635 193.00 1.00 500.00 267.00 5 113
2008_008628 0.1676 35.00 229.00 189.00 310.00 0 90
2008_008658 0.1439 4.00 137.00 313.00 295.00 8 95
2008_008772 0.1424 131.00 161.00 446.00 297.00 0 112
2009_000087 0.1630 215.00 262.00 450.00 371.00 0 90
2009_000096 0.1380 1.00 145.00 169.00 319.00 0 93
2009_000096 0.1311 255.00 138.00 448.00 221.00 339 102
2009_000142 0.1430 1.00 1.00 493.00 375.00 0 110
2009_000189 0.1188 1.00 87.00 334.00 500.00 0 85
2009_000242 0.1081 54.00 218.00 476.00 375.00 13 103
2009_000300 0.1401 94.00 1.00 500.00 209.00 30 104
2009_000316 0.1748 243.00 133.00 500.00 352.00 339 95
2009_000342 0.1348 1.00 1.00 339.00 165.00 16 109
2009_000418 0.1631 1.00 209.00 350.00 429.00 0 98
2009_000418 0.0560 451.00 242.00 500.00 429.00 0 91
2009_000422 0.1827 145.00 220.00 221.00 283.00 0 81
2009_000487 0.0983 14.00 146.00 207.00 215.00 0 96
2009_000563 0.1307 1.00 77.00 500.00 305.00 316 95
2009_000615 0.1557 1.00 50.00 375.00 500.00 323 112
2009_000674 0.1637 1.00 102.00 331.00 500.00 8 103
2009_000732 0.1842 45.00 27.00 325.00 343.00 0 96
2009_000779 0.1694 1.00 1.00 500.00 375.00 2 89
2009_000925 0.1534 1.00 1.00 500.00 311.00 341 96
2009_000939 0.1208 1.00 229.00 91.00 333.00 0 95
2009_000995 0.1966 36.00 270.00 333.00 432.00 330 94
2009_001021 0.0967 216.00 275.00 375.00 500.00 0 85
2009_001212 0.1499 1.00 26.00 500.00 375.00 0 114
2009_001243 0.1196 342.00 1.00 500.00 192.00 1 99
2009_001249 0.1838 209.00 169.00 305.00 235.00 1 112
2009_001313 0.1693 162.00 151.00 367.00 246.00 2 97
2009_001343 0.1413 319.00 105.00 435.00 247.00 6 103
2009_001343 0.1280 34.00 171.00 232.00 312.00 5 104
2009_001437 0.1409 230.00 141.00 500.00 333.00 331 107
2009_001440 0.1835 50.00 72.00 494.00 329.00 0 96
2009_001470 0.1665 1.00 70.00 500.00 375.00 9 88
2009_001577 0.1543 1.00 1.00 445.00 332.00 30 123
2009_001581 0.1375 1.00 1.00 404.00 300.00 1 119
2009_001631 0.1554 1.00 152.00 176.00 269.00 0 85
2009_001644 0.1174 112.00 153.00 288.00 220.00 0 106
2009_001644 0.1156 1.00 158.00 68.00 255.00 340 99
2009_001731 0.1774 190.00 199.00 347.00 265.00 9 108
2009_001743 0.1539 1.00 12.00 500.00 375.00 316 95
2009_001774 0.1429 1.00 1.00 500.00 333.00 3 121
2009_001775 0.2057 218.00 193.00 500.00 372.00 351 86
2009_001906 0.1482 1.00 1.00 500.00 375.00 316 105
2009_001980 0.1406 1.00 1.00 451.00 318.00 0 85
2009_002208 0.1121 128.00 159.00 500.00 306.00 0 81
2009_002325 0.1669 8.00 185.00 139.00 337.00 23 96
2009_002325 0.1581 128.00 171.00 333.00 250.00 27 108
2009_002346 0.1436 1.00 1.00 142.00 65.00 2 92
2009_002346 0.1397 141.00 1.00 490.00 173.00 351 86
2009_002370 0.1529 1.00 1.00 500.00 333.00 4 91
2009_002390 0.1294 1.00 132.00 281.00 451.00 40 102
2009_002571 0.1620 1.00 46.00 196.00 191.00 33 109
2009_002663 0.1503 402.00 114.00 500.00 201.00 4 105
2009_002673 0.1542 49.00 133.00 387.00 321.00 337 90
2009_002681 0.1418 376.00 1.00 500.00 94.00 320 103
2009_002683 0.1380 235.00 250.00 445.00 400.00 27 109
2009_002717 0.1389 1.00 69.00 500.00 375.00 3 121
2009_002732 0.1484 1.00 1.00 500.00 333.00 0 97
2009_002998 0.1221 1.00 364.00 375.00 500.00 4 91
2009_003123 0.2268 59.00 188.00 414.00 375.00 1 97
2009_003129 0.1499 2.00 2.00 478.00 333.00 16 116
2009_003373 0.1631 108.00 182.00 403.00 375.00 0 106
2009_003373 0.1534 1.00 203.00 104.00 332.00 0 105
2009_003394 0.1669 1.00 56.00 470.00 337.00 323 112
2009_003409 0.0883 1.00 198.00 476.00 335.00 333 98
2009_003440 0.1439 188.00 179.00 275.00 220.00 0 101
2009_003441 0.1412 53.00 133.00 500.00 375.00 350 115
2009_003564 0.1414 1.00 196.00 315.00 375.00 0 115
2009_003581 0.1583 1.00 237.00 311.00 472.00 1 112
2009_003607 0.1286 194.00 149.00 500.00 375.00 40 102
2009_003607 0.1431 1.00 77.00 285.00 297.00 1 100
2009_003642 0.1650 159.00 241.00 375.00 356.00 0 96
2009_003642 0.1528 1.00 246.00 137.00 425.00 0 89
2009_003656 0.1423 246.00 58.00 362.00 109.00 1 101
2009_003671 0.1589 8.00 90.00 281.00 268.00 335 95
2009_003671 0.1836 94.00 85.00 208.00 149.00 341 96
2009_003785 0.1380 1.00 140.00 377.00 375.00 343 100
2009_003795 0.1273 26.00 146.00 300.00 296.00 4 91
2009_003835 0.1521 178.00 178.00 347.00 278.00 332 99
2009_003895 0.1414 364.00 36.00 500.00 149.00 0 100
2009_003965 0.1297 1.00 63.00 500.00 323.00 0 88
2009_003995 0.2009 23.00 166.00 142.00 225.00 2 89
2009_004076 0.1427 1.00 1.00 500.00 333.00 0 106
2009_004099 0.0962 262.00 1.00 500.00 333.00 0 112
2009_004140 0.1625 398.00 169.00 500.00 251.00 331 106
2009_004161 0.1504 1.00 1.00 495.00 375.00 332 99
2009_004188 0.1307 1.00 101.00 500.00 372.00 348 89
2009_004193 0.1429 1.00 2.00 500.00 333.00 0 87
2009_004291 0.1403 1.00 1.00 500.00 334.00 31 95
2009_004298 0.1222 8.00 181.00 487.00 373.00 1 89
2009_004419 0.1502 311.00 191.00 500.00 365.00 316 95
2009_004456 0.1596 1.00 1.00 500.00 336.00 336 111
2009_004457 0.1279 22.00 110.00 500.00 281.00 0 81
2009_004588 0.1230 1.00 126.00 500.00 337.00 26 109
2009_004687 0.1655 1.00 160.00 195.00 372.00 335 95
2009_004718 0.1509 1.00 10.00 500.00 375.00 0 100
2009_004782 0.1472 1.00 90.00 500.00 375.00 343 100
2009_004823 0.1583 331.00 270.00 500.00 375.00 320 103
2009_004993 0.1435 113.00 145.00 407.00 373.00 0 85
2009_005299 0.1585 1.00 1.00 500.00 375.00 0 88
2010_000097 0.1085 395.00 143.00 500.00 334.00 37 121
2010_000097 0.1529 1.00 90.00 396.00 344.00 8 95
2010_000178 0.1480 114.00 217.00 247.00 328.00 336 108
2010_000256 0.1713 54.00 44.00 420.00 239.00 37 121
2010_000284 0.0952 247.00 207.00 498.00 351.00 4 91
2010_000284 0.1308 15.00 172.00 169.00 321.00 40 102
2010_000344 0.1586 139.00 103.00 347.00 245.00 9 103
2010_000821 0.1191 1.00 203.00 258.00 371.00 38 117
2010_000830 0.1469 67.00 146.00 396.00 294.00 8 95
2010_000968 0.1698 145.00 74.00 400.00 211.00 21 97
2010_001051 0.1602 191.00 51.00 499.00 265.00 0 81
2010_001051 0.1551 1.00 61.00 229.00 320.00 0 121
2010_001127 0.1021 367.00 78.00 500.00 181.00 40 102
2010_001127 0.0880 43.00 168.00 453.00 375.00 0 101
2010_001149 0.1600 255.00 180.00 500.00 329.00 3 85
2010_001189 0.1485 191.00 184.00 471.00 339.00 27 102
2010_001287 0.1633 172.00 44.00 500.00 227.00 335 95
2010_001287 0.1457 1.00 49.00 221.00 332.00 316 95
2010_001327 0.1639 32.00 34.00 500.00 374.00 326 88
2010_001586 0.1393 261.00 283.00 454.00 384.00 0 100
2010_001636 0.1334 1.00 105.00 500.00 375.00 336 108
2010_001763 0.1655 7.00 40.00 464.00 310.00 0 94
2010_001767 0.1653 1.00 142.00 423.00 375.00 0 87
2010_001962 0.1611 17.00 82.00 500.00 334.00 42 95
2010_002337 0.1672 177.00 65.00 393.00 225.00 23 96
2010_002461 0.1385 1.00 124.00 500.00 332.00 324 113
2010_002531 0.1432 1.00 1.00 500.00 375.00 5 102
2010_002710 0.1624 84.00 191.00 387.00 337.00 10 83
2010_002817 0.1574 2.00 1.00 500.00 414.00 321 112
2010_002860 0.1138 1.00 141.00 500.00 373.00 0 96
2010_003278 0.1082 70.00 217.00 462.00 374.00 24 105
2010_003278 0.1017 412.00 239.00 500.00 375.00 3 85
2010_003331 0.1375 1.00 16.00 500.00 375.00 0 90
2010_003401 0.0912 72.00 198.00 500.00 333.00 323 109
2010_003451 0.1463 1.00 15.00 500.00 375.00 6 108
2010_003520 0.1070 215.00 332.00 294.00 404.00 1 99
2010_003597 0.1365 1.00 180.00 442.00 375.00 0 98
2010_003597 0.1292 357.00 171.00 500.00 375.00 0 85
2010_003613 0.1525 1.00 1.00 500.00 265.00 37 121
2010_003861 0.1432 1.00 119.00 361.00 316.00 8 88
2010_004095 0.1590 306.00 203.00 500.00 375.00 316 95
2010_004125 0.0897 228.00 189.00 481.00 310.00 0 85
2010_004409 0.1713 6.00 40.00 495.00 347.00 0 97
2010_004447 0.1408 40.00 231.00 231.00 361.00 346 89
2010_004757 0.1000 1.00 1.00 500.00 146.00 27 108
2010_004783 0.2003 144.00 142.00 353.00 309.00 0 96
2010_005049 0.1293 1.00 103.00 276.00 375.00 0 85
2010_005180 0.1431 344.00 220.00 500.00 375.00 342 101
2010_005398 0.1357 1.00 225.00 323.00 375.00 1 100
2010_005532 0.1047 1.00 137.00 445.00 360.00 332 99
2010_005606 0.1455 121.00 39.00 500.00 375.00 14 99
2010_005610 0.1512 1.00 156.00 500.00 446.00 0 103
2010_005681 0.1482 1.00 1.00 500.00 375.00 0 81
2010_005692 0.1424 42.00 151.00 453.00 374.00 9 103
2010_005937 0.1568 1.00 1.00 500.00 332.00 331 107
2010_005980 0.1079 272.00 268.00 493.00 375.00 0 85
2010_006056 0.1963 275.00 107.00 500.00 207.00 0 106
2011_000037 0.1508 314.00 200.00 422.00 346.00 40 102
2011_000037 0.1672 103.00 187.00 195.00 276.00 316 95
2011_000070 0.1767 3.00 34.00 493.00 354.00 34 98
2011_000082 0.1404 1.00 154.00 161.00 375.00 336 95
2011_000142 0.1371 99.00 125.00 486.00 325.00 0 88
2011_000146 0.1442 2.00 28.00 499.00 375.00 33 109
2011_000165 0.1600 1.00 1.00 375.00 500.00 335 106
2011_000173 0.1421 1.00 274.00 210.00 474.00 0 114
2011_000304 0.1242 1.00 186.00 500.00 375.00 0 107
2011_000310 0.1645 59.00 299.00 237.00 462.00 10 90
2011_000364 0.1292 1.00 101.00 311.00 270.00 8 95
2011_000364 0.0998 1.00 239.00 488.00 375.00 4 105
2011_000386 0.1371 1.00 320.00 375.00 500.00 323 112
2011_000427 0.1358 2.00 174.00 53.00 209.00 0 106
2011_000477 0.1516 1.00 17.00 500.00 333.00 37 121
2011_000530 0.1359 1.00 235.00 279.00 375.00 353 108
2011_000608 0.1391 223.00 239.00 500.00 375.00 27 108
2011_000630 0.1317 1.00 164.00 225.00 356.00 37 121
2011_000765 0.1430 46.00 21.00 437.00 335.00 18 101
2011_001005 0.1529 43.00 16.00 465.00 375.00 2 90
2011_001167 0.1743 85.00 186.00 203.00 255.00 0 106
2011_001283 0.1434 55.00 172.00 484.00 374.00 0 105
2011_001304 0.1635 163.00 104.00 299.00 207.00 0 85
2011_001304 0.1481 310.00 111.00 486.00 203.00 348 89
2011_001330 0.1445 1.00 153.00 221.00 372.00 0 85
2011_001404 0.1380 146.00 157.00 463.00 333.00 0 94
2011_001404 0.1080 1.00 103.00 124.00 319.00 341 96
2011_001440 0.1483 183.00 192.00 338.00 307.00 0 95
2011_001440 0.1302 1.00 254.00 233.00 375.00 3 108
2011_001518 0.1345 2.00 154.00 414.00 316.00 33 91
2011_001531 0.1136 328.00 191.00 499.00 374.00 316 95
2011_001531 0.1141 104.00 157.00 375.00 261.00 0 81
2011_001567 0.1294 2.00 140.00 212.00 261.00 0 121
2011_001691 0.1373 2.00 196.00 167.00 422.00 0 81
2011_001691 0.1492 239.00 219.00 336.00 348.00 0 112
2011_001713 0.1479 253.00 150.00 500.00 375.00 27 102
2011_001751 0.1701 110.00 183.00 442.00 345.00 323 96
2011_001794 0.1838 226.00 222.00 373.00 357.00 0 102
2011_001820 0.1446 1.00 92.00 321.00 385.00 6 103
2011_001837 0.1118 125.00 161.00 229.00 218.00 0 85
2011_001845 0.1358 1.00 133.00 492.00 373.00 14 81
2011_001856 0.1668 274.00 174.00 407.00 322.00 13 77
2011_001856 0.1259 1.00 227.00 227.00 375.00 40 102
2011_001862 0.1207 1.00 249.00 257.00 375.00 0 103
2011_001914 0.1580 1.00 12.00 485.00 375.00 11 82
2011_001932 0.1277 167.00 147.00 320.00 229.00 0 84
2011_001941 0.0927 312.00 237.00 500.00 304.00 0 89
2011_001941 0.0876 79.00 241.00 258.00 283.00 0 98
2011_001980 0.1345 3.00 197.00 498.00 444.00 0 81
2011_002045 0.1575 193.00 157.00 392.00 302.00 0 107
2011_002109 0.1588 1.00 1.00 375.00 500.00 336 95
2011_002124 0.1442 384.00 257.00 499.00 375.00 320 103
2011_002184 0.1526 9.00 63.00 500.00 364.00 1 101
2011_002391 0.1247 250.00 291.00 500.00 375.00 338 102
2011_002395 0.1989 158.00 127.00 432.00 295.00 0 89
2011_002414 0.1193 1.00 126.00 500.00 365.00 3 85
2011_002507 0.1615 2.00 73.00 312.00 245.00 37 121
2011_002644 0.0973 85.00 266.00 470.00 375.00 0 94
2011_002644 0.0736 457.00 240.00 500.00 375.00 9 102
2011_002714 0.1380 3.00 152.00 188.00 265.00 3 121
2011_002784 0.1085 265.00 167.00 500.00 242.00 323 112
2011_002784 0.1221 182.00 220.00 500.00 375.00 353 108
2011_002810 0.1810 259.00 225.00 500.00 342.00 0 102
2011_002879 0.0562 1.00 214.00 56.00 375.00 27 102
2011_002971 0.0895 232.00 96.00 336.00 293.00 10 98
2011_003039 0.1752 101.00 138.00 390.00 286.00 0 97
2011_003097 0.1339 176.00 111.00 270.00 259.00 349 83
2011_003103 0.1914 1.00 200.00 82.00 296.00 335 95
2011_003182 0.1580 1.00 22.00 500.00 375.00 1 112
2011_003201 0.1604 278.00 145.00 495.00 243.00 4 105
2011_003212 0.1669 54.00 238.00 306.00 375.00 3 120
2011_003254 0.0656 1.00 267.00 66.00 464.00 339 94
2011_003256 0.1402 5.00 75.00 414.00 307.00 0 89
