2008_000043 0.1082 244.00 156.00 316.00 287.00 17 111
2008_000043 0.0792 328.00 162.00 388.00 194.00 0 89
2008_000043 0.1245 355.00 180.00 440.00 328.00 340 115
2008_000043 0.1354 289.00 197.00 373.00 336.00 331 103
2008_000043 0.1273 164.00 195.00 264.00 342.00 0 112
2008_000043 0.0858 150.00 161.00 186.00 282.00 2 116
2008_000051 0.1153 335.00 252.00 481.00 371.00 44 121
2008_000051 0.1117 220.00 192.00 319.00 371.00 334 111
2008_000067 0.0993 94.00 224.00 255.00 445.00 354 98
2008_000107 0.1177 68.00 212.00 288.00 482.00 0 120
2008_000115 0.1194 1.00 1.00 497.00 400.00 2 116
2008_000149 0.1266 1.00 118.00 115.00 265.00 326 98
2008_000246 0.1134 352.00 1.00 500.00 233.00 35 113
2008_000274 0.1155 46.00 257.00 128.00 333.00 319 102
2008_000274 0.1212 297.00 276.00 372.00 333.00 30 127
2008_000305 0.0802 80.00 205.00 193.00 328.00 332 109
2008_000381 0.1308 1.00 430.00 72.00 500.00 353 135
2008_000381 0.1263 70.00 432.00 134.00 500.00 343 106
2008_000418 0.1192 421.00 264.00 490.00 375.00 7 119
2008_000418 0.1162 307.00 235.00 385.00 354.00 5 99
2008_000473 0.0668 115.00 241.00 309.00 324.00 334 94
2008_000473 0.0977 87.00 301.00 335.00 458.00 0 93
2008_000489 0.1006 396.00 208.00 500.00 375.00 0 93
2008_000498 0.1235 247.00 2.00 335.00 132.00 342 113
2008_000498 0.1337 321.00 56.00 440.00 196.00 331 125
2008_000498 0.1355 341.00 29.00 419.00 143.00 330 127
2008_000673 0.1181 70.00 26.00 320.00 213.00 0 120
2008_000690 0.1336 1.00 70.00 375.00 500.00 340 87
2008_000817 0.1072 249.00 155.00 293.00 246.00 21 112
2008_000817 0.1112 207.00 152.00 246.00 228.00 8 114
2008_000817 0.1179 294.00 163.00 343.00 244.00 27 119
2008_000835 0.1004 382.00 231.00 480.00 375.00 325 104
2008_000835 0.1017 406.00 185.00 463.00 259.00 1 115
2008_000904 0.0824 1.00 72.00 96.00 306.00 337 124
2008_000904 0.0869 334.00 118.00 402.00 320.00 0 108
2008_000936 0.1164 2.00 30.00 335.00 447.00 0 108
2008_000976 0.0626 1.00 326.00 102.00 375.00 0 97
2008_000976 0.1192 32.00 245.00 92.00 347.00 7 119
2008_000976 0.1036 369.00 314.00 418.00 375.00 7 108
2008_000976 0.0804 437.00 250.00 470.00 319.00 334 111
2008_001046 0.1174 34.00 283.00 119.00 372.00 331 103
2008_001046 0.1169 117.00 283.00 202.00 375.00 344 111
2008_001046 0.1083 215.00 279.00 286.00 368.00 22 112
2008_001046 0.1302 291.00 276.00 359.00 370.00 2 92
2008_001046 0.1044 394.00 309.00 477.00 375.00 324 120
2008_001046 0.1356 296.00 313.00 355.00 375.00 0 116
2008_001046 0.0894 205.00 315.00 293.00 375.00 10 126
2008_001046 0.0840 94.00 317.00 183.00 375.00 5 142
2008_001046 0.1018 1.00 315.00 75.00 375.00 0 91
2008_001046 0.1392 390.00 217.00 441.00 301.00 5 99
2008_001077 0.0645 62.00 98.00 199.00 160.00 339 117
2008_001077 0.0550 285.00 288.00 500.00 375.00 335 103
2008_001077 0.0845 384.00 86.00 500.00 308.00 1 132
2008_001155 0.0717 207.00 196.00 244.00 304.00 17 104
2008_001155 0.0911 33.00 305.00 121.00 375.00 0 97
2008_001155 0.0782 1.00 184.00 42.00 266.00 319 102
2008_001199 0.0798 456.00 303.00 500.00 375.00 3 99
2008_001320 0.1006 100.00 210.00 180.00 309.00 0 93
2008_001320 0.0577 457.00 233.00 480.00 310.00 0 103
2008_001320 0.0649 293.00 237.00 314.00 310.00 30 127
2008_001333 0.1188 1.00 91.00 373.00 500.00 44 101
2008_001333 0.0986 198.00 374.00 375.00 500.00 325 111
2008_001338 0.1057 176.00 144.00 195.00 185.00 333 105
2008_001338 0.0676 479.00 88.00 500.00 159.00 25 116
2008_001338 0.0947 391.00 93.00 422.00 151.00 1 115
2008_001439 0.1273 7.00 36.00 180.00 268.00 44 121
2008_001439 0.1281 175.00 37.00 314.00 275.00 332 109
2008_001439 0.1367 324.00 35.00 491.00 274.00 44 121
2008_001439 0.1312 70.00 9.00 198.00 200.00 0 103
2008_001439 0.1220 205.00 6.00 310.00 202.00 7 129
2008_001439 0.1454 321.00 6.00 433.00 202.00 37 119
2008_001451 0.1044 95.00 259.00 199.00 374.00 333 100
2008_001451 0.1093 65.00 281.00 179.00 375.00 333 105
2008_001451 0.0894 313.00 216.00 368.00 255.00 334 94
2008_001451 0.1144 396.00 277.00 490.00 348.00 334 111
2008_001503 0.1253 1.00 44.00 75.00 142.00 350 127
2008_001527 0.1105 1.00 11.00 500.00 375.00 325 111
2008_001596 0.1291 288.00 128.00 363.00 236.00 340 87
2008_001596 0.1072 277.00 140.00 337.00 275.00 2 93
2008_001613 0.1099 279.00 200.00 358.00 317.00 3 99
2008_001613 0.1046 102.00 194.00 177.00 313.00 4 99
2008_001613 0.1213 171.00 218.00 256.00 332.00 0 93
2008_001613 0.0706 1.00 194.00 49.00 281.00 353 135
2008_001624 0.1219 448.00 184.00 500.00 276.00 27 132
2008_001624 0.0747 1.00 188.00 184.00 267.00 336 126
2008_001636 0.1443 62.00 177.00 165.00 316.00 341 112
2008_001636 0.1020 337.00 144.00 416.00 293.00 30 127
2008_001702 0.0732 1.00 1.00 166.00 500.00 333 105
2008_001715 0.1182 111.00 39.00 292.00 333.00 8 101
2008_001723 0.0833 228.00 275.00 291.00 375.00 0 116
2008_001723 0.1296 117.00 230.00 209.00 351.00 9 113
2008_001723 0.1153 289.00 222.00 328.00 266.00 22 91
2008_001723 0.1008 234.00 227.00 310.00 276.00 324 120
2008_001764 0.1196 404.00 160.00 493.00 314.00 36 101
2008_001772 0.1257 86.00 205.00 159.00 333.00 16 98
2008_001772 0.1300 220.00 166.00 286.00 269.00 1 105
2008_001773 0.0811 59.00 230.00 223.00 375.00 0 127
2008_001773 0.0933 384.00 186.00 475.00 255.00 9 113
2008_001773 0.0566 275.00 147.00 407.00 210.00 319 102
2008_001841 0.0868 45.00 133.00 476.00 375.00 339 106
2008_001862 0.1069 292.00 28.00 374.00 167.00 340 131
2008_001869 0.0664 137.00 231.00 291.00 375.00 22 111
2008_001869 0.0649 378.00 259.00 500.00 375.00 32 108
2008_001910 0.1006 1.00 220.00 108.00 320.00 317 107
2008_001910 0.1177 42.00 188.00 98.00 233.00 13 85
2008_001910 0.0992 105.00 177.00 147.00 216.00 2 112
2008_001928 0.0958 1.00 248.00 93.00 375.00 7 109
2008_001928 0.1034 79.00 322.00 124.00 375.00 334 123
2008_002026 0.0929 148.00 216.00 275.00 363.00 30 127
2008_002071 0.1389 257.00 127.00 394.00 297.00 14 101
2008_002071 0.1219 81.00 184.00 264.00 333.00 350 127
2008_002082 0.1283 178.00 165.00 224.00 221.00 0 109
2008_002082 0.1197 1.00 165.00 60.00 246.00 337 68
2008_002082 0.1111 227.00 174.00 287.00 240.00 44 121
2008_002114 0.0891 100.00 244.00 248.00 375.00 353 135
2008_002114 0.1011 362.00 195.00 500.00 375.00 0 137
2008_002328 0.1000 304.00 267.00 430.00 375.00 1 104
2008_002328 0.0817 1.00 200.00 329.00 375.00 15 107
2008_002379 0.1227 2.00 241.00 165.00 371.00 352 108
2008_002384 0.1156 40.00 232.00 147.00 375.00 22 106
2008_002403 0.1214 1.00 119.00 282.00 375.00 7 122
2008_002438 0.0409 104.00 68.00 252.00 137.00 10 126
2008_002481 0.1025 206.00 290.00 313.00 377.00 322 112
2008_002481 0.0633 444.00 291.00 500.00 321.00 327 110
2008_002485 0.1054 81.00 189.00 335.00 375.00 354 98
2008_002502 0.1075 20.00 86.00 118.00 322.00 6 121
2008_002502 0.1179 232.00 181.00 327.00 320.00 319 102
2008_002508 0.1149 297.00 151.00 355.00 246.00 26 108
2008_002508 0.1042 318.00 162.00 380.00 268.00 339 106
2008_002508 0.0911 349.00 170.00 422.00 297.00 35 119
2008_002508 0.0921 416.00 172.00 499.00 290.00 6 121
2008_002508 0.1135 390.00 152.00 415.00 172.00 4 99
2008_002508 0.1202 276.00 144.00 318.00 211.00 324 120
2008_002508 0.1179 136.00 161.00 185.00 217.00 32 108
2008_002508 0.1023 136.00 131.00 175.00 157.00 330 103
2008_002508 0.1193 54.00 189.00 157.00 308.00 334 123
2008_002508 0.0963 396.00 162.00 451.00 269.00 350 127
2008_002521 0.1440 211.00 219.00 285.00 367.00 7 119
2008_002567 0.0686 19.00 260.00 56.00 375.00 23 109
2008_002567 0.0670 53.00 275.00 72.00 331.00 337 119
2008_002567 0.0958 68.00 199.00 91.00 245.00 333 105
2008_002567 0.1038 168.00 266.00 204.00 320.00 332 113
2008_002567 0.0715 472.00 253.00 500.00 375.00 7 117
2008_002795 0.0774 412.00 185.00 500.00 375.00 324 120
2008_002869 0.1065 41.00 146.00 407.00 375.00 4 99
2008_002920 0.1297 1.00 128.00 109.00 305.00 328 118
2008_003073 0.1142 58.00 223.00 165.00 333.00 334 111
2008_003136 0.1126 172.00 68.00 226.00 181.00 0 121
2008_003178 0.1438 119.00 84.00 381.00 375.00 0 91
2008_003178 0.1312 224.00 146.00 341.00 314.00 339 117
2008_003178 0.1041 252.00 165.00 305.00 282.00 24 112
2008_003178 0.1312 322.00 174.00 389.00 270.00 27 98
2008_003178 0.1310 441.00 167.00 500.00 287.00 329 103
2008_003178 0.1188 88.00 127.00 244.00 348.00 0 108
2008_003245 0.1069 1.00 140.00 336.00 375.00 16 98
2008_003245 0.1169 142.00 77.00 394.00 335.00 337 107
2008_003245 0.1020 360.00 41.00 500.00 157.00 2 84
2008_003280 0.1276 55.00 288.00 175.00 455.00 328 118
2008_003280 0.0982 25.00 242.00 94.00 351.00 0 97
2008_003351 0.0880 474.00 176.00 500.00 252.00 0 134
2008_003351 0.1397 371.00 139.00 456.00 241.00 7 119
2008_003407 0.0566 9.00 182.00 90.00 288.00 44 121
2008_003407 0.0467 419.00 243.00 500.00 293.00 324 120
2008_003407 0.0828 313.00 221.00 366.00 292.00 337 68
2008_003432 0.1241 286.00 185.00 469.00 358.00 11 127
2008_003442 0.1196 101.00 277.00 173.00 356.00 7 119
2008_003472 0.1138 170.00 107.00 396.00 374.00 26 121
2008_003477 0.0747 362.00 134.00 462.00 208.00 0 97
2008_003477 0.0884 46.00 139.00 155.00 239.00 0 93
2008_003477 0.0387 1.00 148.00 41.00 259.00 353 135
2008_003547 0.1053 1.00 227.00 116.00 459.00 333 123
2008_003681 0.1140 72.00 226.00 249.00 424.00 350 103
2008_003753 0.1372 248.00 225.00 349.00 375.00 44 121
2008_003753 0.1163 1.00 281.00 77.00 375.00 30 127
2008_003753 0.0935 102.00 224.00 160.00 375.00 0 112
2008_003753 0.1371 164.00 215.00 238.00 329.00 330 105
2008_003753 0.1010 150.00 213.00 193.00 320.00 337 107
2008_003821 0.1312 33.00 163.00 231.00 493.00 44 121
2008_003838 0.1184 65.00 11.00 500.00 342.00 332 119
2008_003838 0.0838 382.00 13.00 500.00 186.00 339 117
2008_003881 0.0975 366.00 226.00 473.00 369.00 18 120
2008_003881 0.1174 423.00 198.00 482.00 285.00 324 120
2008_003904 0.0647 8.00 268.00 125.00 315.00 4 84
2008_003904 0.0707 132.00 265.00 255.00 324.00 0 113
2008_004003 0.0990 377.00 219.00 467.00 331.00 330 115
2008_004054 0.0691 472.00 196.00 500.00 281.00 22 112
2008_004071 0.1295 32.00 156.00 160.00 375.00 334 116
2008_004124 0.1268 104.00 100.00 436.00 375.00 318 122
2008_004251 0.1286 25.00 115.00 67.00 163.00 326 98
2008_004289 0.0910 306.00 162.00 491.00 333.00 44 121
2008_004289 0.0721 54.00 31.00 193.00 94.00 37 109
2008_004289 0.0709 184.00 16.00 297.00 65.00 38 107
2008_004297 0.1253 119.00 114.00 257.00 247.00 322 104
2008_004297 0.0647 1.00 240.00 288.00 375.00 331 103
2008_004333 0.1159 45.00 270.00 187.00 375.00 3 99
2008_004344 0.1056 1.00 218.00 147.00 375.00 38 107
2008_004384 0.1478 46.00 244.00 212.00 443.00 9 112
2008_004384 0.0981 1.00 292.00 84.00 500.00 18 111
2008_004384 0.1202 181.00 269.00 375.00 500.00 342 113
2008_004408 0.1234 280.00 280.00 331.00 373.00 0 101
2008_004408 0.1259 384.00 290.00 445.00 375.00 0 113
2008_004445 0.1445 204.00 233.00 295.00 332.00 328 118
2008_004445 0.1011 293.00 266.00 397.00 332.00 26 107
2008_004445 0.1179 280.00 221.00 328.00 254.00 352 108
2008_004445 0.1205 387.00 227.00 476.00 332.00 1 115
2008_004460 0.0792 101.00 272.00 297.00 375.00 318 110
2008_004460 0.0958 376.00 297.00 500.00 375.00 0 93
2008_004460 0.0501 321.00 206.00 394.00 233.00 347 100
2008_004487 0.1107 369.00 181.00 500.00 375.00 0 103
2008_004501 0.0737 360.00 224.00 427.00 375.00 329 103
2008_004501 0.0851 443.00 52.00 500.00 140.00 322 104
2008_004541 0.0781 227.00 344.00 375.00 500.00 324 108
2008_004553 0.1316 1.00 27.00 333.00 500.00 0 113
2008_004564 0.0744 1.00 220.00 246.00 333.00 27 107
2008_004579 0.0991 46.00 1.00 342.00 176.00 322 104
2008_004592 0.1197 314.00 1.00 407.00 98.00 0 108
2008_004592 0.1287 302.00 1.00 500.00 271.00 37 119
2008_004592 0.1314 12.00 1.00 226.00 260.00 331 98
2008_004612 0.1243 118.00 76.00 385.00 331.00 327 104
2008_004619 0.1330 183.00 112.00 272.00 207.00 28 103
2008_004632 0.0753 1.00 290.00 283.00 500.00 329 106
2008_004665 0.0994 293.00 199.00 432.00 313.00 38 99
2008_004670 0.1170 456.00 191.00 500.00 283.00 29 111
2008_004670 0.1405 383.00 160.00 460.00 254.00 331 105
2008_004670 0.1238 375.00 139.00 429.00 230.00 327 110
2008_004670 0.1295 318.00 134.00 373.00 216.00 1 132
2008_004670 0.1216 264.00 131.00 316.00 210.00 30 127
2008_004670 0.1069 242.00 125.00 288.00 166.00 38 77
2008_004670 0.1357 189.00 128.00 239.00 188.00 324 100
2008_004670 0.1105 197.00 115.00 226.00 142.00 22 106
2008_004670 0.1442 88.00 117.00 129.00 164.00 0 123
2008_004670 0.1444 45.00 116.00 86.00 166.00 0 124
2008_004720 0.1024 319.00 113.00 500.00 375.00 322 104
2008_004778 0.1066 63.00 85.00 258.00 400.00 0 95
2008_004881 0.1143 303.00 237.00 352.00 332.00 339 106
2008_004887 0.1135 1.00 289.00 117.00 375.00 331 101
2008_004896 0.1534 206.00 64.00 428.00 320.00 339 107
2008_004948 0.0971 439.00 200.00 496.00 287.00 353 135
2008_004982 0.0862 165.00 102.00 224.00 188.00 327 110
2008_004984 0.1044 305.00 11.00 401.00 154.00 4 99
2008_005037 0.1055 181.00 69.00 331.00 292.00 0 93
2008_005068 0.1239 136.00 293.00 259.00 477.00 32 109
2008_005070 0.1179 385.00 66.00 500.00 250.00 0 93
2008_005070 0.0769 1.00 109.00 56.00 276.00 0 108
2008_005070 0.1249 1.00 273.00 122.00 375.00 37 119
2008_005107 0.1280 1.00 75.00 375.00 500.00 0 109
2008_005111 0.1278 302.00 161.00 374.00 284.00 334 116
2008_005111 0.1239 202.00 147.00 300.00 262.00 334 111
2008_005111 0.1132 203.00 112.00 268.00 189.00 332 109
2008_005111 0.0715 1.00 109.00 34.00 207.00 17 88
2008_005167 0.0693 1.00 1.00 92.00 241.00 0 124
2008_005191 0.0763 263.00 177.00 387.00 375.00 322 112
2008_005205 0.0884 433.00 198.00 500.00 380.00 0 123
2008_005205 0.1067 74.00 240.00 263.00 380.00 325 104
2008_005205 0.0933 1.00 183.00 96.00 348.00 324 108
2008_005257 0.1245 283.00 215.00 435.00 375.00 330 105
2008_005257 0.1438 36.00 183.00 180.00 375.00 0 137
2008_005257 0.1192 164.00 147.00 263.00 310.00 343 110
2008_005257 0.1055 203.00 121.00 244.00 155.00 1 132
2008_005257 0.0686 322.00 126.00 364.00 150.00 2 92
2008_005257 0.0856 303.00 143.00 375.00 177.00 0 118
2008_005323 0.1336 22.00 201.00 193.00 337.00 0 107
2008_005347 0.0660 222.00 308.00 381.00 375.00 0 116
2008_005348 0.1193 1.00 31.00 79.00 162.00 32 129
2008_005348 0.0879 1.00 201.00 140.00 287.00 13 123
2008_005417 0.1202 50.00 266.00 142.00 375.00 37 97
2008_005417 0.0968 133.00 300.00 220.00 375.00 342 97
2008_005417 0.1234 227.00 283.00 313.00 375.00 0 93
2008_005445 0.1181 77.00 252.00 193.00 436.00 15 116
2008_005552 0.1202 1.00 1.00 336.00 500.00 316 113
2008_005574 0.1140 1.00 26.00 286.00 500.00 33 110
2008_005574 0.0846 215.00 32.00 375.00 407.00 332 109
2008_005574 0.0824 178.00 1.00 315.00 179.00 322 104
2008_005608 0.0715 372.00 194.00 500.00 250.00 343 106
2008_005608 0.1179 304.00 251.00 416.00 374.00 327 104
2008_005796 0.1255 12.00 133.00 35.00 160.00 6 120
2008_005848 0.1117 247.00 238.00 375.00 380.00 26 108
2008_005857 0.0922 363.00 91.00 500.00 334.00 334 111
2008_005857 0.1096 1.00 1.00 289.00 375.00 32 108
2008_005881 0.0625 1.00 206.00 115.00 415.00 22 111
2008_005881 0.0646 93.00 186.00 162.00 325.00 0 137
2008_005914 0.1345 479.00 171.00 500.00 200.00 22 106
2008_005914 0.1142 451.00 187.00 480.00 212.00 35 113
2008_005914 0.1326 275.00 200.00 321.00 253.00 26 107
2008_005975 0.0371 65.00 293.00 414.00 375.00 339 117
2008_005975 0.0639 181.00 63.00 367.00 135.00 3 101
2008_005975 0.0668 389.00 80.00 500.00 144.00 13 123
2008_006008 0.1108 170.00 323.00 335.00 500.00 19 85
2008_006008 0.1116 38.00 311.00 179.00 500.00 10 119
2008_006008 0.0857 21.00 270.00 92.00 452.00 28 103
2008_006045 0.1124 1.00 137.00 197.00 300.00 0 86
2008_006045 0.1241 1.00 94.00 264.00 300.00 336 126
2008_006045 0.1211 78.00 77.00 364.00 300.00 18 111
2008_006045 0.1350 152.00 59.00 400.00 300.00 32 109
2008_006045 0.1192 218.00 47.00 400.00 300.00 31 104
2008_006045 0.1146 278.00 34.00 400.00 281.00 37 119
2008_006045 0.1208 331.00 23.00 400.00 139.00 353 135
2008_006045 0.0976 379.00 10.00 400.00 57.00 32 100
2008_006120 0.0984 390.00 223.00 486.00 375.00 1 137
2008_006120 0.1098 1.00 279.00 133.00 375.00 1 115
2008_006120 0.0863 1.00 181.00 31.00 247.00 341 112
2008_006151 0.1039 80.00 93.00 196.00 260.00 41 78
2008_006151 0.1343 76.00 125.00 194.00 309.00 10 126
2008_006151 0.1353 175.00 133.00 313.00 333.00 337 107
2008_006151 0.1167 302.00 117.00 426.00 302.00 42 114
2008_006303 0.1062 85.00 187.00 179.00 314.00 327 104
2008_006303 0.1047 331.00 188.00 421.00 314.00 10 126
2008_006307 0.1015 1.00 1.00 500.00 335.00 0 113
2008_006311 0.1380 254.00 223.00 363.00 375.00 336 113
2008_006311 0.1440 142.00 185.00 237.00 349.00 22 114
2008_006311 0.1322 1.00 216.00 124.00 375.00 5 107
2008_006311 0.1023 383.00 209.00 500.00 375.00 1 132
2008_006330 0.1261 30.00 277.00 166.00 500.00 10 119
2008_006330 0.1026 1.00 269.00 85.00 451.00 18 120
2008_006337 0.1057 245.00 110.00 306.00 195.00 4 99
2008_006588 0.0926 52.00 24.00 149.00 93.00 1 111
2008_006588 0.0831 395.00 246.00 500.00 375.00 24 112
2008_006611 0.0850 419.00 190.00 500.00 343.00 335 95
2008_006611 0.1307 1.00 183.00 157.00 343.00 1 90
2008_006611 0.1309 167.00 185.00 346.00 343.00 25 116
2008_006611 0.0953 204.00 240.00 307.00 294.00 22 106
2008_006660 0.1191 266.00 165.00 354.00 320.00 30 127
2008_006660 0.1213 234.00 192.00 358.00 375.00 42 128
2008_006660 0.1053 373.00 257.00 444.00 369.00 27 98
2008_006665 0.1099 437.00 239.00 500.00 333.00 23 104
2008_006684 0.1097 1.00 96.00 500.00 378.00 0 117
2008_006696 0.1259 18.00 53.00 291.00 422.00 12 107
2008_006710 0.1148 266.00 120.00 341.00 223.00 331 101
2008_006792 0.0861 3.00 60.00 124.00 371.00 3 99
2008_006837 0.1026 229.00 1.00 343.00 207.00 30 127
2008_006837 0.1198 31.00 1.00 174.00 182.00 38 126
2008_006837 0.0831 1.00 66.00 33.00 168.00 350 127
2008_006841 0.1269 226.00 136.00 333.00 286.00 336 126
2008_006841 0.0756 217.00 128.00 251.00 261.00 350 127
2008_006841 0.1174 249.00 127.00 282.00 162.00 324 120
2008_006841 0.0952 393.00 126.00 411.00 150.00 330 105
2008_006841 0.1149 311.00 132.00 392.00 282.00 6 120
2008_006841 0.0963 329.00 122.00 380.00 161.00 322 104
2008_006863 0.1176 1.00 99.00 276.00 375.00 27 98
2008_006979 0.0976 335.00 63.00 494.00 235.00 10 126
2008_007006 0.1201 18.00 19.00 335.00 489.00 19 101
2008_007048 0.1139 182.00 257.00 269.00 427.00 6 120
2008_007048 0.1036 178.00 249.00 251.00 395.00 340 131
2008_007048 0.1234 103.00 247.00 177.00 339.00 9 113
2008_007048 0.1266 99.00 257.00 183.00 428.00 30 127
2008_007166 0.1104 437.00 193.00 500.00 291.00 323 102
2008_007166 0.1112 385.00 201.00 460.00 304.00 1 111
2008_007194 0.1397 41.00 89.00 171.00 312.00 30 127
2008_007194 0.1354 209.00 92.00 337.00 318.00 1 132
2008_007194 0.1323 355.00 88.00 489.00 304.00 330 110
2008_007287 0.1324 127.00 1.00 213.00 134.00 333 100
2008_007287 0.1079 50.00 89.00 106.00 124.00 350 127
2008_007287 0.1061 110.00 80.00 157.00 116.00 0 100
2008_007287 0.0905 1.00 119.00 31.00 169.00 30 127
2008_007287 0.0708 4.00 204.00 304.00 375.00 19 85
2008_007287 0.0984 1.00 169.00 150.00 375.00 7 122
2008_007287 0.0960 247.00 187.00 407.00 375.00 33 108
2008_007287 0.0999 343.00 164.00 468.00 347.00 350 103
2008_007287 0.1125 417.00 142.00 482.00 239.00 0 123
2008_007287 0.1158 282.00 69.00 415.00 187.00 1 104
2008_007287 0.1049 173.00 93.00 319.00 238.00 332 109
2008_007287 0.0799 12.00 153.00 99.00 216.00 319 102
2008_007287 0.1054 216.00 59.00 318.00 155.00 0 103
2008_007287 0.1117 113.00 79.00 231.00 205.00 27 98
2008_007293 0.1229 200.00 276.00 375.00 500.00 16 103
2008_007305 0.1158 279.00 291.00 310.00 313.00 321 113
2008_007339 0.1324 41.00 1.00 275.00 240.00 16 98
2008_007378 0.1291 296.00 1.00 500.00 201.00 14 101
2008_007378 0.0870 38.00 1.00 185.00 92.00 0 128
2008_007402 0.1110 18.00 164.00 79.00 292.00 340 89
2008_007402 0.0740 1.00 193.00 40.00 327.00 333 90
2008_007402 0.1069 8.00 152.00 56.00 258.00 13 103
2008_007415 0.1241 109.00 110.00 300.00 418.00 360 109
2008_007452 0.1189 33.00 34.00 346.00 492.00 348 98
2008_007527 0.0978 82.00 219.00 289.00 375.00 0 93
2008_007561 0.1290 183.00 228.00 379.00 375.00 327 97
2008_007585 0.0732 450.00 169.00 500.00 375.00 342 97
2008_007585 0.1013 1.00 165.00 41.00 258.00 8 101
2008_007585 0.0841 266.00 165.00 304.00 195.00 7 109
2008_007617 0.1151 432.00 206.00 487.00 299.00 319 102
2008_007617 0.0758 1.00 235.00 49.00 375.00 318 107
2008_007685 0.0635 238.00 294.00 391.00 375.00 322 112
2008_007685 0.0578 109.00 332.00 179.00 375.00 0 137
2008_007704 0.1001 150.00 1.00 366.00 142.00 1 106
2008_007704 0.1081 357.00 1.00 500.00 149.00 1 115
2008_007706 0.0946 1.00 56.00 500.00 375.00 0 107
2008_007737 0.0864 245.00 339.00 342.00 500.00 1 132
2008_007741 0.0928 35.00 277.00 111.00 375.00 2 119
2008_007768 0.1248 38.00 125.00 285.00 461.00 2 108
2008_007828 0.1148 196.00 247.00 316.00 377.00 353 135
2008_007893 0.1428 87.00 53.00 290.00 455.00 0 122
2008_007922 0.1221 177.00 228.00 327.00 375.00 8 101
2008_007922 0.1091 282.00 213.00 398.00 367.00 7 117
2008_007922 0.1256 1.00 252.00 109.00 375.00 0 97
2008_007922 0.1259 345.00 175.00 424.00 283.00 7 106
2008_007922 0.1249 54.00 169.00 118.00 290.00 354 115
2008_007922 0.1086 122.00 181.00 183.00 231.00 5 105
2008_007922 0.1170 203.00 172.00 256.00 218.00 0 109
2008_007922 0.1345 251.00 160.00 302.00 214.00 9 91
2008_007949 0.1179 87.00 240.00 152.00 321.00 13 103
2008_007949 0.1088 181.00 321.00 233.00 375.00 340 87
2008_008155 0.1139 371.00 206.00 484.00 337.00 341 112
2008_008155 0.1122 416.00 174.00 490.00 325.00 329 105
2008_008224 0.0831 1.00 323.00 128.00 378.00 4 100
2008_008224 0.0689 412.00 343.00 500.00 378.00 339 107
2008_008362 0.1230 378.00 232.00 466.00 375.00 30 127
2008_008365 0.1299 56.00 227.00 132.00 345.00 324 100
2008_008365 0.1208 91.00 256.00 198.00 375.00 10 126
2008_008365 0.1223 274.00 262.00 389.00 375.00 0 113
2008_008365 0.1339 354.00 231.00 447.00 351.00 1 105
2008_008365 0.0571 184.00 326.00 323.00 375.00 10 119
2008_008365 0.0904 213.00 238.00 283.00 274.00 333 114
2008_008388 0.1039 60.00 287.00 172.00 375.00 353 135
2008_008388 0.1231 338.00 177.00 419.00 266.00 1 129
2008_008439 0.1136 15.00 208.00 138.00 308.00 348 121
2008_008439 0.0903 244.00 200.00 312.00 314.00 342 97
2008_008470 0.1346 62.00 173.00 119.00 263.00 44 121
2008_008470 0.1146 1.00 174.00 40.00 245.00 1 98
2008_008470 0.0996 255.00 165.00 289.00 202.00 10 114
2008_008470 0.1047 269.00 163.00 299.00 202.00 0 97
2008_008470 0.0987 200.00 173.00 234.00 212.00 0 93
2008_008470 0.0935 186.00 164.00 212.00 199.00 0 122
2008_008470 0.0749 131.00 166.00 171.00 193.00 1 132
2008_008470 0.1292 35.00 179.00 80.00 231.00 337 107
2008_008536 0.1340 219.00 124.00 379.00 306.00 335 103
2008_008538 0.1200 286.00 191.00 383.00 271.00 324 100
2008_008554 0.1379 117.00 129.00 212.00 245.00 6 108
2008_008554 0.1124 229.00 126.00 331.00 239.00 38 77
2008_008554 0.1127 325.00 139.00 447.00 256.00 14 101
2008_008621 0.0781 437.00 191.00 500.00 328.00 340 102
2008_008621 0.0944 315.00 105.00 500.00 332.00 324 96
2008_008658 0.1447 294.00 171.00 448.00 342.00 25 122
2008_008658 0.0691 52.00 241.00 252.00 375.00 0 93
2009_000096 0.1102 109.00 113.00 158.00 161.00 1 90
2009_000157 0.1093 66.00 322.00 121.00 366.00 2 118
2009_000182 0.0862 1.00 179.00 18.00 212.00 13 103
2009_000182 0.1033 46.00 154.00 85.00 207.00 331 103
2009_000182 0.1082 138.00 149.00 168.00 193.00 17 111
2009_000182 0.0960 188.00 149.00 207.00 190.00 334 116
2009_000182 0.1104 215.00 148.00 244.00 186.00 23 104
2009_000182 0.1082 206.00 146.00 231.00 186.00 10 126
2009_000182 0.1164 31.00 196.00 375.00 500.00 0 113
2009_000182 0.1000 276.00 144.00 298.00 182.00 324 96
2009_000182 0.1146 257.00 143.00 273.00 169.00 20 99
2009_000182 0.1020 245.00 153.00 261.00 169.00 319 102
2009_000182 0.1223 332.00 163.00 375.00 216.00 19 92
2009_000182 0.0938 301.00 151.00 355.00 193.00 329 103
2009_000192 0.1383 174.00 62.00 306.00 250.00 350 127
2009_000198 0.1441 236.00 100.00 346.00 290.00 19 81
2009_000198 0.1318 15.00 107.00 180.00 339.00 10 113
2009_000212 0.1149 217.00 221.00 298.00 414.00 29 115
2009_000212 0.0989 159.00 215.00 219.00 385.00 348 121
2009_000212 0.1177 72.00 222.00 153.00 411.00 15 107
2009_000212 0.1026 141.00 238.00 226.00 452.00 30 127
2009_000214 0.1141 230.00 179.00 348.00 333.00 353 135
2009_000298 0.0955 1.00 267.00 167.00 500.00 328 118
2009_000298 0.0972 190.00 116.00 331.00 353.00 332 113
2009_000298 0.1166 90.00 105.00 217.00 290.00 334 123
2009_000298 0.1140 16.00 94.00 144.00 264.00 334 104
2009_000298 0.0923 1.00 92.00 83.00 238.00 325 117
2009_000298 0.0927 1.00 254.00 68.00 356.00 333 111
2009_000304 0.1198 1.00 1.00 500.00 375.00 35 113
2009_000316 0.1229 183.00 156.00 247.00 218.00 325 111
2009_000316 0.0964 47.00 232.00 83.00 293.00 332 113
2009_000391 0.0746 1.00 82.00 68.00 283.00 332 113
2009_000422 0.1230 337.00 228.00 408.00 331.00 17 88
2009_000422 0.1302 247.00 225.00 296.00 309.00 13 108
2009_000422 0.1105 1.00 231.00 29.00 303.00 14 101
2009_000453 0.0918 4.00 103.00 500.00 375.00 27 97
2009_000483 0.1243 47.00 8.00 422.00 375.00 342 111
2009_000552 0.1196 80.00 168.00 300.00 494.00 30 127
2009_000590 0.1176 62.00 131.00 224.00 421.00 352 108
2009_000624 0.1514 1.00 95.00 237.00 375.00 0 113
2009_000760 0.1541 66.00 169.00 140.00 279.00 341 112
2009_000760 0.1195 256.00 172.00 312.00 296.00 325 111
2009_000760 0.1296 194.00 172.00 263.00 298.00 341 112
2009_000762 0.1193 146.00 62.00 407.00 459.00 331 125
2009_000811 0.1358 306.00 124.00 486.00 350.00 1 101
2009_000811 0.1299 29.00 137.00 200.00 354.00 0 93
2009_000811 0.1325 299.00 87.00 432.00 267.00 32 108
2009_000811 0.1082 336.00 58.00 397.00 143.00 324 120
2009_000811 0.1193 58.00 92.00 135.00 193.00 340 89
2009_000811 0.1131 81.00 62.00 148.00 147.00 342 113
2009_000811 0.0719 1.00 21.00 55.00 101.00 332 109
2009_000811 0.0665 33.00 11.00 69.00 75.00 6 121
2009_000851 0.1338 52.00 1.00 407.00 336.00 10 113
2009_000851 0.1063 355.00 1.00 500.00 330.00 340 131
2009_000928 0.1051 1.00 78.00 370.00 500.00 0 113
2009_000939 0.0989 82.00 180.00 120.00 242.00 18 120
2009_001000 0.0935 28.00 75.00 46.00 117.00 324 96
2009_001000 0.1092 105.00 36.00 183.00 121.00 331 103
2009_001021 0.1182 62.00 320.00 145.00 470.00 342 97
2009_001021 0.1063 1.00 342.00 93.00 500.00 27 132
2009_001028 0.1415 302.00 246.00 441.00 434.00 10 114
2009_001028 0.1294 26.00 244.00 169.00 434.00 1 75
2009_001038 0.1338 79.00 75.00 318.00 434.00 0 121
2009_001057 0.1155 293.00 70.00 500.00 324.00 352 108
2009_001243 0.1186 83.00 16.00 424.00 375.00 329 107
2009_001249 0.0993 332.00 177.00 407.00 259.00 44 121
2009_001249 0.1131 318.00 176.00 383.00 247.00 332 109
2009_001249 0.0817 218.00 196.00 288.00 279.00 0 93
2009_001249 0.0978 101.00 181.00 178.00 259.00 44 121
2009_001249 0.1110 115.00 176.00 182.00 245.00 44 121
2009_001299 0.1393 32.00 95.00 197.00 295.00 26 108
2009_001299 0.1273 194.00 98.00 331.00 287.00 2 84
2009_001299 0.1266 330.00 96.00 480.00 291.00 30 127
2009_001299 0.0671 476.00 95.00 500.00 290.00 7 122
2009_001313 0.1159 33.00 176.00 142.00 289.00 0 137
2009_001313 0.1173 366.00 156.00 486.00 265.00 7 122
2009_001371 0.1315 365.00 63.00 467.00 259.00 334 116
2009_001371 0.1298 161.00 66.00 284.00 269.00 349 102
2009_001371 0.1384 26.00 77.00 137.00 293.00 0 101
2009_001398 0.0693 80.00 282.00 143.00 308.00 343 106
2009_001398 0.0903 190.00 295.00 211.00 329.00 3 101
2009_001398 0.0602 201.00 313.00 218.00 359.00 1 92
2009_001398 0.1036 3.00 383.00 128.00 464.00 17 111
2009_001426 0.1000 383.00 182.00 479.00 254.00 354 98
2009_001426 0.0973 157.00 191.00 238.00 375.00 0 108
2009_001426 0.0958 249.00 137.00 278.00 198.00 7 122
2009_001426 0.0607 68.00 127.00 139.00 193.00 44 121
2009_001426 0.1047 1.00 171.00 54.00 254.00 334 123
2009_001431 0.1162 38.00 40.00 307.00 473.00 334 111
2009_001437 0.1286 78.00 167.00 188.00 273.00 7 122
2009_001437 0.1036 230.00 149.00 266.00 185.00 344 112
2009_001440 0.0843 1.00 131.00 48.00 263.00 331 125
2009_001447 0.0935 1.00 238.00 203.00 375.00 327 100
2009_001447 0.0953 435.00 211.00 484.00 280.00 7 122
2009_001447 0.0620 270.00 209.00 442.00 279.00 0 133
2009_001490 0.1107 4.00 56.00 418.00 375.00 339 108
2009_001575 0.0941 242.00 271.00 368.00 397.00 7 116
2009_001621 0.1336 111.00 122.00 240.00 262.00 10 126
2009_001623 0.1087 159.00 1.00 222.00 158.00 332 103
2009_001623 0.0992 49.00 1.00 175.00 226.00 33 107
2009_001754 0.1036 262.00 259.00 412.00 375.00 327 100
2009_001754 0.1192 304.00 216.00 407.00 321.00 344 124
2009_001754 0.1087 259.00 204.00 294.00 236.00 0 128
2009_001754 0.0951 122.00 233.00 243.00 375.00 30 127
2009_001754 0.0970 94.00 215.00 192.00 361.00 353 135
2009_001754 0.0635 145.00 194.00 198.00 224.00 0 93
2009_001754 0.1330 1.00 207.00 81.00 303.00 318 107
2009_001775 0.1189 1.00 170.00 193.00 415.00 0 99
2009_001784 0.1319 20.00 1.00 375.00 500.00 17 88
2009_001848 0.1053 316.00 216.00 375.00 315.00 322 104
2009_001864 0.1081 294.00 216.00 353.00 326.00 26 107
2009_001976 0.0800 212.00 175.00 311.00 334.00 337 68
2009_002003 0.1417 116.00 30.00 255.00 246.00 0 108
2009_002003 0.1298 291.00 25.00 406.00 252.00 0 91
2009_002055 0.1270 240.00 228.00 341.00 375.00 9 113
2009_002055 0.1256 114.00 237.00 227.00 375.00 324 96
2009_002055 0.0852 85.00 210.00 129.00 367.00 15 116
2009_002055 0.1189 234.00 212.00 274.00 256.00 22 112
2009_002055 0.0834 4.00 205.00 46.00 316.00 327 110
2009_002078 0.0857 268.00 68.00 319.00 194.00 22 106
2009_002078 0.0819 169.00 63.00 213.00 106.00 322 112
2009_002078 0.0926 127.00 79.00 168.00 118.00 10 126
2009_002078 0.1060 87.00 85.00 145.00 225.00 328 118
2009_002078 0.1212 35.00 96.00 118.00 253.00 0 122
2009_002078 0.0997 100.00 129.00 251.00 338.00 0 122
2009_002078 0.1169 377.00 65.00 439.00 176.00 3 99
2009_002078 0.1098 369.00 83.00 421.00 167.00 22 106
2009_002078 0.1200 315.00 92.00 429.00 257.00 0 97
2009_002078 0.1320 297.00 101.00 430.00 307.00 6 121
2009_002111 0.0998 1.00 235.00 368.00 476.00 0 113
2009_002139 0.1134 399.00 220.00 463.00 335.00 29 138
2009_002139 0.1166 70.00 220.00 184.00 330.00 344 111
2009_002169 0.0981 318.00 46.00 370.00 130.00 1 132
2009_002169 0.1043 15.00 45.00 68.00 135.00 6 120
2009_002169 0.0581 1.00 91.00 34.00 207.00 0 93
2009_002169 0.0769 39.00 333.00 351.00 500.00 340 131
2009_002169 0.0372 142.00 21.00 236.00 45.00 339 117
2009_002208 0.1056 283.00 184.00 389.00 339.00 13 103
2009_002208 0.1167 18.00 174.00 136.00 315.00 360 85
2009_002208 0.1057 106.00 163.00 183.00 283.00 329 105
2009_002208 0.1109 141.00 201.00 253.00 329.00 37 97
2009_002252 0.1380 55.00 32.00 290.00 457.00 350 127
2009_002257 0.1050 1.00 224.00 399.00 500.00 2 110
2009_002325 0.0970 385.00 191.00 500.00 294.00 0 123
2009_002325 0.0920 338.00 179.00 434.00 259.00 22 106
2009_002328 0.1148 1.00 18.00 116.00 143.00 16 98
2009_002346 0.1026 373.00 112.00 500.00 375.00 30 127
2009_002374 0.1245 1.00 1.00 375.00 500.00 352 108
2009_002415 0.1388 70.00 25.00 346.00 500.00 336 126
2009_002433 0.0637 305.00 194.00 340.00 201.00 38 99
2009_002433 0.0989 384.00 201.00 417.00 228.00 15 107
2009_002433 0.0510 390.00 224.00 412.00 311.00 7 122
2009_002433 0.0813 333.00 231.00 392.00 320.00 353 135
2009_002433 0.1107 287.00 247.00 376.00 333.00 353 135
2009_002433 0.0453 198.00 283.00 288.00 333.00 22 106
2009_002433 0.1100 70.00 254.00 178.00 333.00 2 92
2009_002444 0.0745 65.00 335.00 128.00 500.00 353 135
2009_002444 0.1026 91.00 324.00 236.00 500.00 0 93
2009_002444 0.0624 228.00 304.00 328.00 369.00 33 107
2009_002444 0.0957 134.00 322.00 224.00 400.00 22 111
2009_002471 0.0890 1.00 248.00 169.00 375.00 2 92
2009_002471 0.0823 184.00 291.00 316.00 375.00 0 93
2009_002471 0.0990 1.00 201.00 32.00 249.00 9 113
2009_002471 0.0789 123.00 165.00 171.00 193.00 4 99
2009_002471 0.1105 183.00 144.00 226.00 203.00 336 126
2009_002471 0.0746 421.00 143.00 447.00 168.00 333 132
2009_002471 0.0902 301.00 133.00 332.00 153.00 330 103
2009_002471 0.1138 171.00 142.00 241.00 195.00 0 113
2009_002487 0.1269 172.00 150.00 242.00 284.00 329 103
2009_002487 0.1214 255.00 151.00 338.00 291.00 0 91
2009_002487 0.1292 279.00 171.00 382.00 333.00 8 101
2009_002487 0.1374 102.00 160.00 193.00 319.00 340 106
2009_002537 0.1338 300.00 256.00 367.00 359.00 22 108
2009_002546 0.1053 213.00 262.00 279.00 320.00 329 106
2009_002546 0.1201 102.00 274.00 189.00 344.00 38 107
2009_002546 0.0990 451.00 332.00 500.00 375.00 330 103
2009_002571 0.1331 228.00 29.00 329.00 195.00 2 92
2009_002571 0.0726 352.00 1.00 478.00 205.00 1 111
2009_002634 0.1010 427.00 328.00 470.00 375.00 344 112
2009_002634 0.1124 402.00 308.00 439.00 366.00 0 99
2009_002634 0.1188 356.00 299.00 421.00 348.00 1 93
2009_002634 0.0551 352.00 351.00 420.00 375.00 331 100
2009_002634 0.1189 346.00 328.00 383.00 375.00 337 107
2009_002634 0.1200 309.00 312.00 339.00 351.00 321 113
2009_002634 0.1097 283.00 303.00 312.00 338.00 354 98
2009_002634 0.0706 204.00 344.00 274.00 375.00 342 113
2009_002634 0.1144 189.00 328.00 243.00 369.00 0 102
2009_002634 0.1119 171.00 311.00 223.00 368.00 22 111
2009_002634 0.1160 85.00 321.00 136.00 373.00 331 125
2009_002634 0.0874 48.00 337.00 121.00 375.00 340 87
2009_002663 0.0827 182.00 270.00 357.00 375.00 0 97
2009_002663 0.0971 340.00 221.00 459.00 375.00 0 93
2009_002663 0.0944 377.00 182.00 475.00 375.00 331 113
2009_002663 0.1286 104.00 142.00 176.00 214.00 42 114
2009_002663 0.1153 1.00 152.00 53.00 242.00 334 104
2009_002663 0.1053 301.00 144.00 376.00 204.00 8 114
2009_002683 0.1262 128.00 229.00 257.00 355.00 339 117
2009_002683 0.0544 1.00 339.00 143.00 400.00 23 104
2009_002698 0.1223 274.00 267.00 361.00 413.00 7 122
2009_002743 0.1215 1.00 198.00 97.00 375.00 37 97
2009_002743 0.1476 316.00 197.00 456.00 375.00 1 111
2009_002743 0.0937 351.00 150.00 441.00 235.00 332 109
2009_002743 0.1168 287.00 97.00 351.00 181.00 326 98
2009_002743 0.0902 401.00 95.00 431.00 133.00 32 108
2009_002744 0.1164 16.00 107.00 81.00 218.00 17 111
2009_002755 0.1279 131.00 40.00 361.00 374.00 343 106
2009_002762 0.1051 106.00 58.00 480.00 340.00 353 135
2009_002785 0.1231 18.00 130.00 135.00 299.00 2 93
2009_002790 0.1218 123.00 117.00 217.00 203.00 17 111
2009_002816 0.0845 4.00 314.00 174.00 500.00 38 77
2009_002816 0.1094 159.00 301.00 305.00 500.00 324 108
2009_002816 0.0832 268.00 308.00 375.00 500.00 7 122
2009_002841 0.1369 212.00 395.00 229.00 433.00 0 100
2009_002978 0.0844 257.00 276.00 429.00 375.00 0 121
2009_002978 0.1212 319.00 227.00 391.00 307.00 0 109
2009_002978 0.0922 244.00 205.00 313.00 278.00 24 112
2009_002978 0.1072 98.00 211.00 165.00 273.00 33 110
2009_002978 0.1072 35.00 252.00 194.00 375.00 1 92
2009_002978 0.1011 10.00 230.00 148.00 365.00 350 127
2009_002995 0.1018 301.00 54.00 430.00 277.00 353 135
2009_002995 0.0566 1.00 88.00 66.00 266.00 6 121
2009_003071 0.1047 17.00 118.00 158.00 330.00 22 112
2009_003071 0.0860 387.00 110.00 500.00 190.00 0 116
2009_003098 0.1214 1.00 1.00 129.00 106.00 17 111
2009_003110 0.1202 300.00 43.00 481.00 297.00 21 112
2009_003123 0.1005 1.00 230.00 78.00 286.00 8 115
2009_003140 0.1172 247.00 205.00 409.00 375.00 8 100
2009_003150 0.0909 399.00 230.00 495.00 327.00 0 93
2009_003150 0.1106 315.00 248.00 413.00 331.00 15 107
2009_003150 0.1134 213.00 258.00 308.00 331.00 6 102
2009_003150 0.1094 152.00 191.00 216.00 299.00 0 120
2009_003191 0.0857 313.00 305.00 351.00 483.00 33 119
2009_003198 0.1075 220.00 227.00 385.00 375.00 328 118
2009_003198 0.0947 16.00 248.00 198.00 375.00 328 118
2009_003198 0.0724 1.00 240.00 75.00 375.00 328 118
2009_003198 0.0772 91.00 168.00 144.00 222.00 44 121
2009_003198 0.0982 154.00 183.00 214.00 232.00 22 111
2009_003198 0.0902 225.00 186.00 296.00 245.00 9 113
2009_003198 0.0859 1.00 187.00 65.00 249.00 0 93
2009_003251 0.0642 282.00 122.00 341.00 148.00 23 109
2009_003251 0.0838 416.00 111.00 500.00 350.00 7 119
2009_003251 0.0798 1.00 259.00 187.00 375.00 329 103
2009_003251 0.0865 55.00 91.00 105.00 197.00 30 127
2009_003320 0.1213 1.00 220.00 305.00 500.00 38 99
2009_003351 0.0876 272.00 285.00 298.00 332.00 353 135
2009_003415 0.1115 101.00 16.00 399.00 222.00 319 102
2009_003415 0.1069 1.00 1.00 130.00 186.00 332 109
2009_003440 0.0550 171.00 359.00 232.00 374.00 333 123
2009_003440 0.1289 206.00 280.00 266.00 374.00 7 108
2009_003440 0.1106 166.00 213.00 228.00 286.00 0 137
2009_003440 0.1020 245.00 214.00 306.00 285.00 17 88
2009_003440 0.1203 93.00 200.00 160.00 268.00 0 140
2009_003440 0.1303 116.00 192.00 171.00 250.00 0 93
2009_003494 0.1490 137.00 287.00 301.00 500.00 353 112
2009_003494 0.1481 1.00 313.00 103.00 477.00 340 87
2009_003494 0.1282 176.00 307.00 273.00 444.00 9 112
2009_003507 0.1110 252.00 308.00 334.00 468.00 357 137
2009_003507 0.1118 136.00 308.00 249.00 500.00 8 100
2009_003507 0.1168 118.00 340.00 281.00 500.00 325 111
2009_003508 0.0817 358.00 127.00 387.00 166.00 35 113
2009_003508 0.1021 362.00 156.00 390.00 191.00 334 123
2009_003508 0.1018 456.00 255.00 500.00 320.00 10 113
2009_003508 0.1201 413.00 226.00 455.00 280.00 4 95
2009_003508 0.1030 413.00 194.00 448.00 245.00 13 85
2009_003508 0.1135 344.00 172.00 378.00 217.00 4 125
2009_003508 0.1217 355.00 237.00 390.00 289.00 17 104
2009_003508 0.1128 312.00 165.00 340.00 214.00 30 127
2009_003508 0.1114 324.00 265.00 359.00 318.00 27 98
2009_003508 0.1184 286.00 292.00 327.00 346.00 328 118
2009_003508 0.1136 238.00 314.00 274.00 370.00 0 124
2009_003508 0.1010 198.00 314.00 236.00 375.00 10 114
2009_003508 0.1228 258.00 237.00 292.00 293.00 0 140
2009_003508 0.1215 220.00 180.00 249.00 230.00 22 111
2009_003508 0.1475 230.00 136.00 261.00 181.00 341 112
2009_003508 0.0881 174.00 125.00 199.00 164.00 348 121
2009_003508 0.0878 144.00 143.00 169.00 195.00 18 120
2009_003508 0.1456 154.00 212.00 188.00 266.00 341 112
2009_003544 0.1294 78.00 130.00 258.00 440.00 23 109
2009_003554 0.1238 386.00 166.00 470.00 253.00 353 135
2009_003671 0.0956 312.00 199.00 500.00 312.00 30 127
2009_003671 0.1008 411.00 114.00 500.00 221.00 319 102
2009_003726 0.0834 1.00 282.00 13.00 316.00 0 107
2009_003726 0.1279 7.00 280.00 30.00 315.00 7 119
2009_003726 0.1159 26.00 281.00 46.00 314.00 2 118
2009_003759 0.0756 91.00 181.00 131.00 289.00 19 85
2009_003759 0.1059 119.00 195.00 199.00 316.00 360 85
2009_003759 0.1159 180.00 208.00 270.00 331.00 331 100
2009_003759 0.1148 225.00 180.00 289.00 294.00 13 85
2009_003759 0.1131 219.00 172.00 253.00 206.00 327 97
2009_003759 0.0504 125.00 163.00 171.00 188.00 17 88
2009_003813 0.1075 39.00 50.00 324.00 456.00 24 112
2009_003835 0.0887 320.00 213.00 396.00 316.00 332 109
2009_003835 0.1196 248.00 201.00 313.00 304.00 344 112
2009_003840 0.0542 56.00 322.00 213.00 375.00 31 102
2009_003840 0.1011 204.00 244.00 296.00 375.00 325 117
2009_003840 0.0874 20.00 232.00 94.00 277.00 25 135
2009_003849 0.1032 355.00 191.00 498.00 375.00 353 135
2009_003884 0.1267 89.00 197.00 303.00 488.00 342 111
2009_003884 0.1304 1.00 171.00 127.00 381.00 334 112
2009_003884 0.1239 127.00 156.00 219.00 272.00 21 102
2009_003884 0.1384 119.00 148.00 189.00 239.00 341 112
2009_003895 0.0967 1.00 63.00 115.00 131.00 7 119
2009_003973 0.1412 398.00 176.00 480.00 303.00 1 75
2009_003973 0.1268 290.00 175.00 333.00 269.00 7 119
2009_003973 0.1224 191.00 182.00 274.00 302.00 20 95
2009_003973 0.1467 119.00 186.00 227.00 325.00 6 121
2009_003973 0.1320 74.00 212.00 227.00 372.00 0 115
2009_003973 0.1301 302.00 185.00 388.00 325.00 0 100
2009_003973 0.1210 252.00 193.00 365.00 372.00 0 101
2009_003991 0.1225 207.00 120.00 329.00 342.00 0 86
2009_004032 0.1291 91.00 81.00 131.00 145.00 348 121
2009_004032 0.0795 123.00 82.00 136.00 149.00 21 98
2009_004092 0.1263 230.00 177.00 452.00 375.00 1 132
2009_004092 0.1038 68.00 88.00 199.00 222.00 35 113
2009_004129 0.1391 170.00 123.00 322.00 328.00 324 120
2009_004131 0.1036 143.00 204.00 390.00 372.00 330 103
2009_004131 0.1048 77.00 157.00 252.00 375.00 342 97
2009_004131 0.1125 391.00 142.00 495.00 335.00 0 95
2009_004140 0.1004 189.00 167.00 251.00 237.00 9 113
2009_004140 0.1369 99.00 180.00 211.00 327.00 333 114
2009_004140 0.1383 305.00 185.00 390.00 340.00 26 107
2009_004140 0.1204 60.00 206.00 248.00 375.00 9 113
2009_004140 0.1147 285.00 218.00 500.00 375.00 337 108
2009_004148 0.1164 101.00 269.00 212.00 462.00 344 124
2009_004152 0.0861 128.00 144.00 144.00 204.00 340 131
2009_004152 0.0710 321.00 152.00 343.00 239.00 7 109
2009_004217 0.1043 115.00 251.00 215.00 415.00 0 93
2009_004243 0.1388 67.00 169.00 191.00 333.00 0 94
2009_004263 0.0638 1.00 197.00 128.00 458.00 1 111
2009_004263 0.0765 356.00 197.00 500.00 458.00 322 104
2009_004263 0.0754 293.00 211.00 373.00 298.00 1 132
2009_004263 0.0644 116.00 211.00 181.00 301.00 319 102
2009_004359 0.0700 1.00 57.00 106.00 375.00 0 100
2009_004377 0.1130 61.00 122.00 353.00 374.00 327 100
2009_004404 0.1226 238.00 369.00 333.00 500.00 353 135
2009_004419 0.0629 74.00 232.00 370.00 375.00 15 116
2009_004419 0.0957 105.00 164.00 173.00 215.00 1 101
2009_004419 0.0880 49.00 192.00 106.00 293.00 0 97
2009_004499 0.1150 290.00 54.00 339.00 126.00 44 121
2009_004499 0.1116 185.00 64.00 305.00 308.00 1 104
2009_004499 0.0712 1.00 113.00 38.00 266.00 339 117
2009_004499 0.1308 19.00 73.00 186.00 359.00 19 85
2009_004499 0.1174 216.00 80.00 374.00 354.00 36 101
2009_004499 0.1092 363.00 67.00 471.00 308.00 331 98
2009_004532 0.0983 360.00 215.00 500.00 375.00 36 107
2009_004532 0.0977 3.00 139.00 137.00 261.00 7 116
2009_004532 0.1020 139.00 126.00 236.00 200.00 0 93
2009_004532 0.0864 385.00 121.00 485.00 209.00 7 108
2009_004536 0.1246 19.00 17.00 307.00 479.00 32 100
2009_004537 0.1268 35.00 297.00 171.00 490.00 0 113
2009_004687 0.0979 403.00 197.00 500.00 300.00 353 135
2009_004718 0.1309 88.00 70.00 395.00 372.00 0 123
2009_004720 0.0606 3.00 293.00 185.00 375.00 327 100
2009_004720 0.0969 270.00 19.00 349.00 94.00 327 110
2009_004720 0.0753 390.00 19.00 470.00 141.00 1 92
2009_004720 0.0974 99.00 21.00 177.00 107.00 324 120
2009_004746 0.1558 30.00 46.00 225.00 382.00 344 112
2009_004769 0.0777 90.00 415.00 249.00 500.00 8 114
2009_004769 0.1018 275.00 395.00 375.00 500.00 333 123
2009_004769 0.0459 33.00 328.00 125.00 357.00 36 101
2009_004784 0.1111 152.00 218.00 264.00 332.00 341 112
2009_004784 0.0793 306.00 276.00 371.00 332.00 333 111
2009_004784 0.0742 435.00 85.00 500.00 164.00 353 135
2009_004823 0.1379 110.00 211.00 236.00 343.00 326 98
2009_004849 0.1133 101.00 158.00 219.00 318.00 29 111
2009_004859 0.0715 2.00 25.00 129.00 375.00 335 108
2009_004869 0.1382 111.00 18.00 473.00 333.00 319 102
2009_004922 0.0917 81.00 123.00 261.00 334.00 44 121
2009_004974 0.0846 123.00 88.00 267.00 168.00 30 127
2009_005062 0.0909 39.00 172.00 186.00 399.00 360 85
2009_005079 0.1258 21.00 1.00 342.00 500.00 337 124
2009_005080 0.1438 287.00 164.00 370.00 278.00 9 99
2009_005080 0.1273 1.00 163.00 61.00 217.00 2 118
2009_005080 0.1260 98.00 231.00 232.00 375.00 17 111
2009_005080 0.1106 80.00 207.00 185.00 375.00 354 115
2009_005165 0.0979 250.00 293.00 375.00 500.00 328 118
2009_005165 0.0801 1.00 99.00 106.00 323.00 353 135
2009_005171 0.0559 291.00 293.00 477.00 375.00 2 92
2009_005171 0.1013 434.00 216.00 500.00 281.00 0 93
2009_005171 0.1222 267.00 217.00 327.00 303.00 331 98
2009_005171 0.1361 149.00 174.00 260.00 375.00 26 128
2009_005171 0.1323 4.00 181.00 145.00 375.00 0 93
2009_005202 0.1189 322.00 227.00 500.00 375.00 30 127
2009_005202 0.1125 30.00 168.00 250.00 375.00 13 123
2009_005202 0.0718 250.00 53.00 321.00 102.00 31 120
2009_005202 0.1125 278.00 102.00 430.00 291.00 7 116
2009_005202 0.1037 28.00 69.00 111.00 160.00 317 107
2009_005204 0.1293 1.00 133.00 332.00 500.00 1 107
2009_005205 0.1043 119.00 145.00 143.00 169.00 9 113
2009_005205 0.1050 276.00 147.00 299.00 174.00 13 123
2009_005205 0.1013 282.00 170.00 318.00 246.00 18 120
2009_005205 0.0949 98.00 165.00 132.00 245.00 3 99
2009_005205 0.0929 53.00 215.00 111.00 320.00 30 127
2009_005205 0.0943 298.00 220.00 359.00 323.00 25 104
2009_005205 0.1210 6.00 265.00 194.00 500.00 44 121
2009_005205 0.1124 204.00 298.00 375.00 500.00 325 104
2009_005216 0.1210 1.00 16.00 333.00 500.00 344 124
2009_005257 0.1151 295.00 214.00 440.00 374.00 0 108
2009_005257 0.1193 50.00 199.00 177.00 324.00 327 114
2009_005286 0.1174 267.00 141.00 350.00 215.00 344 112
2009_005286 0.1060 310.00 141.00 431.00 226.00 330 103
2009_005288 0.1056 1.00 208.00 78.00 336.00 330 103
2009_005300 0.1117 222.00 263.00 339.00 461.00 0 124
2010_000001 0.1100 294.00 13.00 410.00 236.00 333 114
2010_000001 0.1125 418.00 198.00 500.00 290.00 38 99
2010_000001 0.1010 362.00 1.00 498.00 80.00 0 93
2010_000003 0.1067 17.00 52.00 455.00 375.00 326 117
2010_000015 0.0953 342.00 32.00 500.00 375.00 7 109
2010_000015 0.1003 404.00 192.00 500.00 375.00 0 103
2010_000090 0.1274 11.00 1.00 464.00 375.00 24 112
2010_000178 0.1091 321.00 237.00 430.00 338.00 354 115
2010_000178 0.1010 153.00 296.00 215.00 364.00 30 127
2010_000178 0.0914 191.00 250.00 306.00 372.00 36 107
2010_000349 0.1214 72.00 198.00 112.00 278.00 328 118
2010_000384 0.1179 23.00 1.00 421.00 333.00 10 118
2010_000431 0.1158 3.00 243.00 146.00 490.00 331 105
2010_000435 0.0798 164.00 205.00 311.00 363.00 322 112
2010_000435 0.0772 379.00 183.00 500.00 307.00 36 107
2010_000470 0.1396 248.00 13.00 375.00 291.00 16 102
2010_000485 0.1309 47.00 168.00 292.00 488.00 33 108
2010_000497 0.1142 40.00 1.00 234.00 221.00 26 121
2010_000497 0.0961 4.00 1.00 141.00 219.00 336 126
2010_000602 0.1013 300.00 127.00 343.00 184.00 0 93
2010_000602 0.1051 155.00 169.00 221.00 213.00 1 101
2010_000602 0.0589 47.00 170.00 112.00 198.00 22 106
2010_000639 0.0758 1.00 1.00 113.00 304.00 21 102
2010_000646 0.1086 1.00 272.00 123.00 375.00 350 103
2010_000646 0.1248 124.00 178.00 197.00 282.00 1 106
2010_000669 0.1209 53.00 267.00 122.00 316.00 325 104
2010_000669 0.0727 1.00 314.00 111.00 374.00 0 120
2010_000705 0.1101 317.00 207.00 448.00 307.00 333 111
2010_000705 0.0605 197.00 292.00 500.00 375.00 340 89
2010_000754 0.1147 13.00 233.00 139.00 333.00 1 101
2010_000754 0.1052 185.00 234.00 335.00 333.00 0 102
2010_000754 0.1074 284.00 216.00 406.00 333.00 334 94
2010_000754 0.1068 284.00 194.00 382.00 333.00 38 77
2010_000754 0.0698 81.00 205.00 155.00 236.00 17 111
2010_000754 0.0867 165.00 198.00 216.00 224.00 16 101
2010_000761 0.1261 78.00 8.00 356.00 288.00 44 99
2010_000761 0.1141 337.00 226.00 471.00 333.00 0 93
2010_000821 0.0850 249.00 202.00 340.00 375.00 7 116
2010_000821 0.0607 399.00 195.00 459.00 255.00 0 97
2010_000821 0.0776 476.00 209.00 500.00 261.00 327 97
2010_000821 0.0842 335.00 239.00 453.00 375.00 1 101
2010_000915 0.0775 157.00 305.00 193.00 404.00 13 103
2010_000944 0.0389 68.00 312.00 321.00 375.00 0 93
2010_000968 0.0783 25.00 138.00 233.00 355.00 319 102
2010_001188 0.0470 1.00 290.00 160.00 374.00 329 106
2010_001189 0.1168 52.00 174.00 166.00 300.00 324 106
2010_001216 0.0987 358.00 1.00 500.00 265.00 7 119
2010_001343 0.0831 54.00 172.00 142.00 243.00 1 111
2010_001343 0.0954 266.00 207.00 333.00 297.00 333 111
2010_001343 0.0958 1.00 222.00 117.00 456.00 0 104
2010_001343 0.0998 11.00 266.00 174.00 500.00 0 113
2010_001455 0.1288 115.00 305.00 224.00 442.00 342 97
2010_001455 0.0963 15.00 301.00 122.00 464.00 18 120
2010_001455 0.0878 97.00 305.00 151.00 434.00 7 119
2010_001455 0.0709 1.00 302.00 35.00 442.00 329 103
2010_001528 0.1067 388.00 228.00 493.00 375.00 0 113
2010_001535 0.1186 367.00 97.00 500.00 251.00 337 107
2010_001535 0.1263 307.00 116.00 490.00 303.00 348 98
2010_001535 0.0874 54.00 221.00 298.00 349.00 10 126
2010_001574 0.1243 54.00 119.00 134.00 219.00 18 111
2010_001574 0.1520 125.00 124.00 214.00 250.00 337 107
2010_001579 0.0962 1.00 191.00 76.00 260.00 22 106
2010_001579 0.1384 291.00 177.00 336.00 245.00 329 103
2010_001680 0.1180 1.00 1.00 146.00 133.00 23 109
2010_001680 0.0922 409.00 221.00 500.00 375.00 10 126
2010_001680 0.0721 349.00 1.00 468.00 60.00 339 112
2010_001682 0.0740 368.00 162.00 396.00 253.00 16 102
2010_001682 0.1070 384.00 124.00 472.00 296.00 340 131
2010_001682 0.0656 385.00 202.00 432.00 375.00 8 114
2010_001682 0.1114 165.00 121.00 230.00 199.00 334 104
2010_001699 0.1179 258.00 84.00 421.00 358.00 0 99
2010_001712 0.1102 22.00 236.00 93.00 375.00 3 120
2010_001731 0.1287 109.00 37.00 385.00 469.00 44 121
2010_001823 0.1241 127.00 333.00 235.00 500.00 322 104
2010_001823 0.1150 239.00 366.00 333.00 500.00 331 103
2010_001851 0.1396 37.00 211.00 131.00 355.00 13 103
2010_001851 0.1397 218.00 199.00 309.00 337.00 7 108
2010_001857 0.1247 57.00 210.00 258.00 414.00 0 128
2010_001862 0.1302 202.00 95.00 456.00 375.00 7 122
2010_001907 0.1104 1.00 144.00 168.00 331.00 37 97
2010_001907 0.0728 390.00 76.00 500.00 156.00 319 102
2010_002017 0.1086 309.00 52.00 500.00 375.00 27 107
2010_002050 0.0985 1.00 1.00 135.00 223.00 7 116
2010_002050 0.0773 39.00 1.00 203.00 102.00 9 113
2010_002050 0.0674 257.00 1.00 347.00 71.00 0 137
2010_002086 0.1127 3.00 1.00 500.00 333.00 17 136
2010_002199 0.1268 69.00 263.00 155.00 351.00 323 106
2010_002199 0.1317 219.00 254.00 306.00 350.00 19 85
2010_002211 0.1157 121.00 407.00 212.00 470.00 25 104
2010_002269 0.1119 444.00 268.00 500.00 306.00 17 111
2010_002319 0.1190 26.00 150.00 239.00 385.00 42 114
2010_002336 0.1392 172.00 144.00 375.00 496.00 0 118
2010_002336 0.1437 1.00 156.00 157.00 412.00 1 107
2010_002336 0.1246 195.00 103.00 323.00 357.00 332 113
2010_002336 0.1492 24.00 138.00 195.00 340.00 0 133
2010_002337 0.1016 1.00 101.00 223.00 321.00 17 104
2010_002366 0.1227 183.00 331.00 309.00 453.00 16 98
2010_002366 0.0985 89.00 308.00 149.00 349.00 339 107
2010_002366 0.1238 1.00 326.00 123.00 500.00 326 109
2010_002366 0.1313 143.00 354.00 303.00 500.00 30 127
2010_002370 0.1180 170.00 224.00 325.00 375.00 0 120
2010_002370 0.1198 184.00 191.00 293.00 320.00 16 98
2010_002370 0.1152 201.00 172.00 282.00 249.00 348 98
2010_002370 0.1288 122.00 163.00 188.00 238.00 0 120
2010_002370 0.1269 8.00 162.00 75.00 236.00 29 115
2010_002383 0.1338 139.00 142.00 271.00 317.00 38 126
2010_002538 0.1287 238.00 336.00 305.00 407.00 21 98
2010_002538 0.1299 154.00 336.00 220.00 406.00 3 100
2010_002603 0.1321 235.00 248.00 375.00 500.00 333 123
2010_002603 0.0915 6.00 237.00 107.00 422.00 1 132
2010_002603 0.0951 74.00 186.00 117.00 251.00 7 109
2010_002603 0.1131 251.00 214.00 341.00 341.00 354 115
2010_002605 0.1374 117.00 44.00 335.00 346.00 339 106
2010_002605 0.1135 272.00 176.00 375.00 433.00 354 98
2010_002605 0.1237 31.00 200.00 177.00 449.00 13 85
2010_002605 0.1141 96.00 246.00 165.00 395.00 340 131
2010_002639 0.1091 210.00 120.00 269.00 163.00 32 129
2010_002639 0.0581 71.00 144.00 144.00 172.00 1 101
2010_002639 0.1131 18.00 174.00 123.00 315.00 0 127
2010_002639 0.1030 10.00 236.00 155.00 375.00 337 68
2010_002639 0.0990 253.00 151.00 311.00 196.00 44 121
2010_002639 0.1014 357.00 174.00 435.00 243.00 334 123
2010_002639 0.0872 312.00 279.00 485.00 375.00 21 113
2010_002693 0.0980 1.00 270.00 203.00 500.00 328 118
2010_002714 0.0924 351.00 96.00 412.00 177.00 322 119
2010_002714 0.0616 121.00 100.00 335.00 190.00 0 109
2010_002721 0.1015 382.00 64.00 471.00 281.00 18 123
2010_002721 0.1081 222.00 152.00 473.00 375.00 10 113
2010_002721 0.1215 1.00 133.00 231.00 375.00 0 115
2010_002728 0.1258 135.00 174.00 276.00 373.00 340 89
2010_002728 0.1204 277.00 166.00 413.00 368.00 44 121
2010_002871 0.0981 242.00 81.00 354.00 229.00 327 97
2010_002877 0.1073 95.00 195.00 141.00 302.00 2 106
2010_002877 0.1150 340.00 213.00 414.00 338.00 0 101
2010_002877 0.1224 118.00 211.00 192.00 336.00 0 109
2010_002877 0.1152 197.00 226.00 268.00 338.00 341 112
2010_002881 0.1385 54.00 106.00 250.00 331.00 0 99
2010_002921 0.0950 121.00 255.00 336.00 374.00 9 113
2010_002921 0.1237 1.00 210.00 117.00 374.00 332 103
2010_002958 0.1203 168.00 195.00 332.00 447.00 328 118
2010_002958 0.1218 1.00 114.00 255.00 384.00 7 108
2010_003103 0.1223 6.00 229.00 230.00 450.00 27 119
2010_003154 0.0760 147.00 288.00 271.00 375.00 27 98
2010_003154 0.1036 289.00 270.00 402.00 375.00 353 135
2010_003154 0.1115 144.00 246.00 240.00 375.00 332 109
2010_003154 0.0843 273.00 239.00 330.00 348.00 353 135
2010_003287 0.0980 181.00 174.00 231.00 271.00 340 87
2010_003287 0.1092 38.00 213.00 124.00 375.00 328 118
2010_003302 0.1118 184.00 212.00 366.00 375.00 324 96
2010_003302 0.0746 31.00 206.00 157.00 375.00 332 109
2010_003325 0.1158 164.00 1.00 500.00 344.00 320 105
2010_003379 0.1250 351.00 242.00 500.00 375.00 2 84
2010_003398 0.1188 107.00 45.00 298.00 375.00 345 121
2010_003401 0.0909 112.00 211.00 275.00 333.00 9 113
2010_003409 0.0890 425.00 218.00 457.00 271.00 327 110
2010_003409 0.0926 271.00 232.00 320.00 312.00 7 119
2010_003409 0.0591 215.00 226.00 243.00 310.00 0 116
2010_003520 0.0924 281.00 447.00 375.00 500.00 11 180
2010_003520 0.1351 21.00 392.00 127.00 500.00 7 119
2010_003520 0.1217 103.00 372.00 186.00 491.00 333 111
2010_003531 0.1152 298.00 268.00 401.00 375.00 24 112
2010_003531 0.1083 164.00 251.00 302.00 374.00 327 104
2010_003531 0.0865 88.00 245.00 176.00 374.00 8 114
2010_003531 0.1109 64.00 221.00 118.00 375.00 4 84
2010_003531 0.1263 223.00 218.00 277.00 259.00 345 121
2010_003531 0.1075 297.00 221.00 352.00 271.00 0 93
2010_003531 0.0855 385.00 227.00 458.00 277.00 36 111
2010_003540 0.0759 437.00 196.00 470.00 245.00 353 135
2010_003540 0.0755 452.00 196.00 495.00 264.00 8 114
2010_003540 0.1045 250.00 180.00 284.00 218.00 328 118
2010_003540 0.0925 320.00 178.00 343.00 218.00 0 97
2010_003540 0.0791 1.00 190.00 47.00 254.00 27 98
2010_003540 0.0354 1.00 196.00 24.00 262.00 13 123
2010_003563 0.1219 32.00 174.00 271.00 500.00 330 115
2010_003579 0.1301 1.00 1.00 375.00 419.00 0 99
2010_003632 0.1062 454.00 254.00 500.00 300.00 32 108
2010_003632 0.1104 444.00 310.00 500.00 375.00 3 99
2010_003632 0.1293 1.00 297.00 79.00 374.00 0 113
2010_003728 0.1117 351.00 208.00 473.00 303.00 0 112
2010_003729 0.0401 100.00 326.00 355.00 375.00 7 116
2010_003861 0.1161 357.00 111.00 500.00 302.00 44 121
2010_003971 0.1258 9.00 141.00 286.00 500.00 320 105
2010_003971 0.1302 209.00 347.00 410.00 500.00 331 98
2010_003976 0.1132 351.00 138.00 500.00 276.00 337 68
2010_004023 0.0661 27.00 128.00 463.00 333.00 0 117
2010_004095 0.1350 1.00 215.00 123.00 345.00 337 68
2010_004125 0.1066 148.00 150.00 187.00 203.00 350 103
2010_004125 0.0565 24.00 320.00 169.00 375.00 348 121
2010_004125 0.0864 123.00 253.00 231.00 375.00 319 102
2010_004125 0.0963 63.00 166.00 157.00 247.00 331 103
2010_004173 0.1132 1.00 293.00 214.00 500.00 1 93
2010_004207 0.1221 38.00 110.00 457.00 474.00 0 116
2010_004229 0.0836 72.00 166.00 215.00 369.00 319 102
2010_004229 0.0754 178.00 137.00 230.00 276.00 26 121
2010_004278 0.1321 283.00 78.00 493.00 357.00 0 108
2010_004278 0.1406 1.00 122.00 235.00 368.00 1 111
2010_004278 0.1223 15.00 18.00 187.00 190.00 327 104
2010_004278 0.0585 249.00 14.00 354.00 52.00 343 106
2010_004345 0.1043 387.00 167.00 500.00 335.00 0 113
2010_004345 0.1177 265.00 130.00 379.00 285.00 331 125
2010_004387 0.1164 130.00 1.00 267.00 175.00 325 104
2010_004509 0.1120 319.00 125.00 409.00 220.00 328 118
2010_004509 0.1279 247.00 123.00 329.00 220.00 7 129
2010_004543 0.1039 338.00 123.00 378.00 218.00 4 113
2010_004753 0.1189 47.00 1.00 500.00 375.00 0 93
2010_004763 0.1272 319.00 1.00 500.00 306.00 348 121
2010_004763 0.1183 1.00 128.00 169.00 295.00 331 125
2010_004763 0.1258 1.00 1.00 325.00 363.00 345 121
2010_004763 0.0972 349.00 35.00 441.00 271.00 1 132
2010_004775 0.1073 206.00 224.00 297.00 351.00 8 114
2010_004775 0.0861 321.00 236.00 355.00 277.00 337 68
2010_004778 0.1231 1.00 223.00 153.00 375.00 27 98
2010_004778 0.0768 318.00 286.00 500.00 375.00 17 88
2010_004783 0.1352 402.00 152.00 500.00 306.00 333 123
2010_004783 0.1278 1.00 179.00 115.00 347.00 339 104
2010_004786 0.1208 5.00 83.00 309.00 375.00 332 109
2010_004786 0.1196 273.00 114.00 500.00 375.00 334 111
2010_004786 0.1159 31.00 110.00 155.00 201.00 340 87
2010_004813 0.1275 11.00 14.00 224.00 304.00 327 105
2010_004825 0.0904 125.00 252.00 264.00 500.00 16 98
2010_004825 0.0891 52.00 234.00 141.00 428.00 344 111
2010_004825 0.0897 246.00 238.00 303.00 389.00 1 115
2010_004825 0.0975 308.00 346.00 374.00 465.00 10 126
2010_004825 0.1201 274.00 235.00 346.00 362.00 0 103
2010_004889 0.1218 114.00 44.00 500.00 346.00 29 115
2010_004889 0.1155 23.00 22.00 433.00 317.00 316 113
2010_004889 0.0953 1.00 1.00 206.00 122.00 3 120
2010_004889 0.1113 1.00 1.00 124.00 117.00 10 118
2010_004889 0.1192 1.00 1.00 328.00 245.00 10 118
2010_004889 0.1056 1.00 1.00 43.00 65.00 6 102
2010_004909 0.1016 430.00 218.00 500.00 374.00 8 101
2010_004909 0.0799 328.00 107.00 405.00 156.00 13 123
2010_004909 0.1204 18.00 153.00 113.00 254.00 352 108
2010_004909 0.1228 91.00 127.00 170.00 216.00 3 116
2010_004952 0.0708 1.00 147.00 26.00 209.00 1 115
2010_004952 0.0827 238.00 78.00 332.00 325.00 333 114
2010_004982 0.1249 286.00 110.00 366.00 259.00 19 92
2010_004992 0.1119 161.00 249.00 371.00 490.00 335 108
2010_004992 0.0981 236.00 55.00 375.00 324.00 27 125
2010_004992 0.0976 80.00 32.00 224.00 300.00 39 115
2010_005008 0.1087 151.00 1.00 295.00 98.00 322 104
2010_005021 0.1251 100.00 1.00 500.00 375.00 321 113
2010_005044 0.1382 90.00 127.00 327.00 500.00 340 131
2010_005052 0.1202 25.00 4.00 325.00 500.00 7 129
2010_005188 0.1198 159.00 147.00 324.00 364.00 22 106
2010_005222 0.1364 323.00 149.00 462.00 362.00 350 103
2010_005222 0.1138 120.00 132.00 223.00 270.00 1 111
2010_005243 0.1166 175.00 241.00 322.00 333.00 333 114
2010_005243 0.0810 344.00 297.00 419.00 333.00 3 116
2010_005243 0.1350 418.00 175.00 464.00 244.00 0 103
2010_005372 0.0889 66.00 311.00 225.00 500.00 36 107
2010_005398 0.0955 313.00 153.00 357.00 186.00 337 68
2010_005398 0.0852 250.00 155.00 297.00 186.00 32 107
2010_005398 0.1216 173.00 163.00 243.00 238.00 332 103
2010_005398 0.1107 397.00 158.00 464.00 284.00 1 93
2010_005398 0.1039 280.00 177.00 340.00 313.00 0 109
2010_005398 0.1143 330.00 173.00 420.00 312.00 322 119
2010_005493 0.1120 16.00 94.00 326.00 461.00 334 123
2010_005493 0.1077 10.00 1.00 227.00 229.00 32 107
2010_005620 0.1027 2.00 237.00 135.00 344.00 32 108
2010_005626 0.1046 256.00 176.00 333.00 231.00 19 85
2010_005637 0.1104 1.00 47.00 309.00 366.00 1 92
2010_005637 0.1357 165.00 15.00 384.00 240.00 339 117
2010_005654 0.1381 264.00 268.00 382.00 374.00 25 95
2010_005654 0.1123 85.00 258.00 142.00 374.00 25 116
2010_005666 0.1237 158.00 1.00 272.00 129.00 2 105
2010_005754 0.1242 72.00 244.00 262.00 500.00 44 121
2010_005764 0.0792 93.00 69.00 171.00 262.00 0 120
2010_005764 0.0993 384.00 66.00 500.00 269.00 0 123
2010_005843 0.0945 70.00 237.00 155.00 388.00 2 88
2010_005843 0.1237 128.00 246.00 328.00 500.00 13 103
2010_005853 0.1035 104.00 13.00 279.00 288.00 34 132
2010_005882 0.1362 353.00 168.00 500.00 357.00 24 112
2010_005882 0.1102 1.00 171.00 156.00 369.00 0 93
2010_005884 0.1247 296.00 179.00 391.00 253.00 340 131
2010_005894 0.1353 304.00 127.00 467.00 340.00 0 117
2010_005894 0.1278 75.00 79.00 204.00 217.00 329 103
2010_005901 0.1064 92.00 209.00 128.00 241.00 319 102
2010_005901 0.1099 126.00 213.00 169.00 249.00 331 103
2010_005901 0.1013 187.00 223.00 234.00 259.00 321 113
2010_005901 0.0987 240.00 225.00 307.00 272.00 22 91
2010_005901 0.1020 319.00 236.00 402.00 294.00 27 98
2010_005901 0.1128 1.00 323.00 69.00 375.00 352 108
2010_005901 0.1023 408.00 299.00 486.00 375.00 13 103
2010_005938 0.0803 1.00 27.00 116.00 242.00 353 135
2010_006000 0.1193 303.00 190.00 354.00 273.00 8 114
2010_006010 0.0969 271.00 262.00 345.00 316.00 1 90
2010_006010 0.0664 145.00 244.00 209.00 275.00 4 100
2010_006041 0.1241 78.00 156.00 256.00 344.00 0 120
2010_006056 0.1048 1.00 117.00 69.00 216.00 16 98
2010_006056 0.0517 1.00 216.00 33.00 309.00 332 109
2010_006056 0.0752 296.00 124.00 333.00 316.00 27 94
2010_006056 0.0652 273.00 112.00 303.00 209.00 324 106
2010_006056 0.1076 195.00 145.00 314.00 375.00 0 133
2010_006056 0.0764 70.00 212.00 213.00 375.00 27 98
2011_000009 0.1207 208.00 197.00 438.00 375.00 339 117
2011_000016 0.1078 31.00 178.00 94.00 270.00 360 85
2011_000016 0.0820 64.00 192.00 116.00 300.00 332 109
2011_000016 0.1029 99.00 210.00 182.00 333.00 26 108
2011_000016 0.1104 124.00 236.00 222.00 372.00 330 103
2011_000016 0.1067 170.00 274.00 324.00 374.00 339 112
2011_000016 0.1079 346.00 207.00 410.00 252.00 4 125
2011_000016 0.0866 254.00 189.00 301.00 214.00 29 115
2011_000016 0.0839 184.00 171.00 216.00 190.00 326 109
2011_000036 0.1077 1.00 213.00 142.00 375.00 324 120
2011_000037 0.0903 77.00 234.00 166.00 375.00 35 113
2011_000065 0.1127 190.00 142.00 425.00 373.00 10 126
2011_000065 0.1042 329.00 40.00 500.00 283.00 335 95
2011_000065 0.1165 1.00 123.00 212.00 374.00 33 108
2011_000071 0.1230 330.00 211.00 500.00 356.00 353 135
2011_000082 0.1237 297.00 132.00 459.00 335.00 1 111
2011_000098 0.1246 54.00 193.00 213.00 375.00 10 118
2011_000098 0.1123 61.00 139.00 125.00 201.00 33 108
2011_000124 0.1428 51.00 28.00 342.00 487.00 327 110
2011_000202 0.1115 1.00 129.00 375.00 500.00 8 100
2011_000213 0.1323 11.00 16.00 249.00 382.00 0 100
2011_000226 0.1086 176.00 239.00 359.00 500.00 319 102
2011_000226 0.0956 258.00 237.00 375.00 471.00 44 121
2011_000226 0.1276 1.00 247.00 202.00 500.00 330 105
2011_000226 0.1145 214.00 221.00 269.00 262.00 3 100
2011_000226 0.1129 20.00 219.00 68.00 253.00 0 123
2011_000226 0.1020 1.00 221.00 19.00 247.00 29 110
2011_000253 0.0802 239.00 235.00 320.00 361.00 1 111
2011_000288 0.1244 1.00 164.00 220.00 500.00 32 100
2011_000338 0.1135 94.00 263.00 224.00 375.00 26 108
2011_000338 0.0945 126.00 238.00 183.00 344.00 353 135
2011_000338 0.1014 1.00 277.00 140.00 375.00 322 104
2011_000338 0.1100 1.00 241.00 32.00 280.00 1 111
2011_000518 0.1249 345.00 140.00 455.00 249.00 318 122
2011_000518 0.1224 310.00 108.00 343.00 149.00 0 107
2011_000518 0.1133 345.00 114.00 398.00 162.00 31 120
2011_000518 0.1008 235.00 119.00 285.00 151.00 344 111
2011_000530 0.0600 341.00 173.00 375.00 267.00 15 107
2011_000575 0.1091 93.00 2.00 232.00 336.00 29 138
2011_000575 0.1374 155.00 121.00 448.00 375.00 7 119
2011_000607 0.0983 356.00 259.00 473.00 375.00 342 97
2011_000608 0.0629 1.00 296.00 152.00 375.00 319 102
2011_000661 0.1040 1.00 1.00 489.00 375.00 0 95
2011_000666 0.1208 362.00 262.00 442.00 322.00 337 124
2011_000745 0.1208 147.00 104.00 253.00 247.00 316 113
2011_000745 0.0807 171.00 90.00 200.00 117.00 8 114
2011_000745 0.0955 335.00 92.00 365.00 130.00 0 93
2011_000809 0.1219 29.00 102.00 280.00 351.00 0 140
2011_000813 0.1192 79.00 17.00 374.00 500.00 19 113
2011_000843 0.1233 9.00 98.00 371.00 375.00 1 101
2011_000917 0.1147 13.00 242.00 173.00 500.00 0 93
2011_000917 0.1293 234.00 250.00 347.00 426.00 31 117
2011_000917 0.1203 117.00 243.00 252.00 462.00 323 112
2011_000919 0.1148 252.00 160.00 345.00 319.00 350 127
2011_000919 0.1189 281.00 197.00 461.00 375.00 326 98
2011_000919 0.1240 73.00 161.00 188.00 355.00 0 108
2011_000919 0.1131 81.00 220.00 266.00 375.00 21 102
2011_000932 0.1000 365.00 231.00 488.00 375.00 0 137
2011_000932 0.0930 371.00 192.00 475.00 307.00 44 121
2011_000957 0.1252 113.00 170.00 367.00 375.00 1 111
2011_000957 0.0798 150.00 130.00 362.00 234.00 325 111
2011_000965 0.1119 119.00 238.00 231.00 375.00 344 124
2011_001032 0.1509 359.00 166.00 414.00 238.00 0 116
2011_001032 0.1199 414.00 156.00 499.00 237.00 0 140
2011_001032 0.1458 288.00 162.00 348.00 231.00 330 127
2011_001032 0.1352 232.00 164.00 277.00 223.00 19 85
2011_001032 0.1003 255.00 165.00 296.00 191.00 3 99
2011_001032 0.1439 252.00 165.00 290.00 201.00 23 104
2011_001032 0.1513 185.00 159.00 224.00 195.00 4 110
2011_001071 0.1302 1.00 56.00 202.00 294.00 2 118
2011_001071 0.1021 244.00 23.00 384.00 293.00 327 104
2011_001106 0.1103 2.00 282.00 188.00 500.00 27 98
2011_001106 0.1156 53.00 188.00 137.00 269.00 334 107
2011_001106 0.0879 228.00 227.00 375.00 500.00 7 108
2011_001111 0.1374 199.00 237.00 375.00 500.00 335 108
2011_001137 0.1425 149.00 155.00 234.00 250.00 0 113
2011_001137 0.1386 313.00 161.00 405.00 242.00 0 117
2011_001167 0.1251 388.00 232.00 437.00 300.00 27 107
2011_001167 0.1077 247.00 231.00 306.00 303.00 5 105
2011_001167 0.1041 140.00 242.00 242.00 373.00 2 112
2011_001167 0.1009 130.00 281.00 239.00 373.00 329 94
2011_001167 0.0572 263.00 328.00 367.00 373.00 3 129
2011_001167 0.1050 31.00 219.00 114.00 317.00 325 117
2011_001167 0.1004 179.00 200.00 238.00 274.00 7 129
2011_001167 0.1305 41.00 191.00 83.00 243.00 27 98
2011_001221 0.1065 307.00 368.00 405.00 430.00 0 120
2011_001223 0.0884 134.00 246.00 277.00 402.00 44 121
2011_001223 0.1049 24.00 230.00 130.00 383.00 337 68
2011_001223 0.0694 239.00 222.00 294.00 352.00 7 116
2011_001226 0.1126 271.00 117.00 345.00 231.00 337 68
2011_001226 0.1091 271.00 107.00 406.00 197.00 0 123
2011_001276 0.0760 249.00 384.00 299.00 500.00 0 103
2011_001295 0.0775 306.00 318.00 375.00 485.00 13 123
2011_001304 0.0931 289.00 150.00 492.00 352.00 330 103
2011_001305 0.1023 360.00 121.00 454.00 246.00 13 123
2011_001305 0.0985 269.00 78.00 309.00 127.00 330 103
2011_001319 0.1265 269.00 173.00 385.00 312.00 29 115
2011_001330 0.1156 241.00 156.00 330.00 312.00 4 148
2011_001330 0.1507 289.00 192.00 428.00 373.00 0 120
2011_001330 0.0828 357.00 135.00 409.00 159.00 325 113
2011_001330 0.0541 100.00 129.00 219.00 168.00 348 98
2011_001330 0.1020 423.00 101.00 500.00 167.00 327 110
2011_001346 0.0895 156.00 157.00 328.00 253.00 342 113
2011_001346 0.0856 102.00 241.00 324.00 375.00 38 107
2011_001366 0.1218 309.00 166.00 456.00 372.00 37 97
2011_001366 0.1128 91.00 221.00 269.00 375.00 2 106
2011_001366 0.1199 69.00 91.00 172.00 260.00 18 123
2011_001366 0.1205 289.00 71.00 399.00 165.00 7 116
2011_001370 0.1038 19.00 208.00 166.00 295.00 360 127
2011_001370 0.1197 340.00 211.00 444.00 357.00 0 108
2011_001404 0.0981 430.00 26.00 500.00 129.00 32 108
2011_001404 0.1000 427.00 133.00 500.00 240.00 337 68
2011_001404 0.1026 452.00 98.00 500.00 167.00 0 100
2011_001447 0.1179 1.00 57.00 237.00 375.00 328 105
2011_001447 0.1160 205.00 53.00 500.00 368.00 31 97
2011_001521 0.1265 1.00 2.00 285.00 289.00 0 123
2011_001524 0.1297 233.00 95.00 322.00 225.00 19 85
2011_001524 0.1354 277.00 107.00 389.00 269.00 7 108
2011_001567 0.1126 334.00 116.00 419.00 263.00 0 123
2011_001567 0.1091 232.00 101.00 301.00 232.00 21 112
2011_001567 0.1013 1.00 179.00 213.00 333.00 21 112
2011_001573 0.0997 43.00 166.00 221.00 333.00 324 120
2011_001665 0.1158 99.00 129.00 168.00 195.00 327 126
2011_001665 0.1286 4.00 129.00 81.00 271.00 5 99
2011_001665 0.1222 161.00 120.00 229.00 183.00 11 127
2011_001665 0.0948 1.00 209.00 55.00 333.00 0 120
2011_001665 0.1162 264.00 103.00 294.00 154.00 342 97
2011_001665 0.1159 445.00 92.00 489.00 181.00 340 131
2011_001665 0.0841 480.00 91.00 500.00 178.00 329 105
2011_001678 0.1015 1.00 169.00 167.00 375.00 324 120
2011_001719 0.1213 136.00 177.00 182.00 220.00 44 101
2011_001719 0.0911 29.00 174.00 77.00 204.00 17 104
2011_001719 0.1100 238.00 188.00 296.00 244.00 2 88
2011_001785 0.0805 50.00 192.00 78.00 270.00 29 138
2011_001785 0.1047 70.00 194.00 108.00 282.00 328 96
2011_001785 0.1108 102.00 198.00 146.00 300.00 335 116
2011_001785 0.1395 141.00 203.00 218.00 323.00 322 112
2011_001785 0.1224 204.00 209.00 302.00 361.00 31 117
2011_001785 0.1033 151.00 186.00 184.00 207.00 23 109
2011_001785 0.1050 182.00 187.00 223.00 211.00 24 112
2011_001785 0.1005 233.00 188.00 274.00 214.00 1 101
2011_001785 0.0662 274.00 190.00 340.00 219.00 2 118
2011_001785 0.1273 361.00 193.00 420.00 246.00 319 102
2011_001785 0.1132 354.00 134.00 497.00 375.00 0 117
2011_001812 0.1079 62.00 45.00 293.00 452.00 322 112
2011_001819 0.0690 257.00 201.00 383.00 298.00 353 135
2011_001834 0.1217 156.00 57.00 316.00 317.00 17 111
2011_001842 0.0889 374.00 293.00 498.00 375.00 22 103
2011_001842 0.1249 1.00 248.00 126.00 375.00 0 109
2011_001847 0.1124 225.00 288.00 332.00 457.00 11 127
2011_001847 0.1157 2.00 307.00 153.00 500.00 324 108
2011_001847 0.1299 26.00 227.00 162.00 368.00 10 113
2011_001847 0.1243 193.00 221.00 291.00 399.00 7 109
2011_001856 0.1031 388.00 174.00 475.00 302.00 0 122
2011_001862 0.1226 267.00 184.00 315.00 258.00 323 112
2011_001862 0.1206 250.00 178.00 284.00 254.00 0 113
2011_001862 0.1319 211.00 178.00 259.00 250.00 4 100
2011_001900 0.1244 210.00 97.00 500.00 422.00 31 120
2011_001932 0.0914 48.00 156.00 129.00 225.00 353 135
2011_001941 0.0936 207.00 257.00 272.00 338.00 331 101
2011_001941 0.0898 153.00 280.00 226.00 353.00 322 112
2011_001941 0.0926 84.00 266.00 154.00 343.00 37 97
2011_001941 0.0452 87.00 351.00 223.00 375.00 1 111
2011_001941 0.0416 402.00 352.00 492.00 375.00 322 106
2011_001941 0.0777 364.00 310.00 474.00 375.00 0 93
2011_001941 0.1012 344.00 293.00 412.00 375.00 30 127
2011_001941 0.1060 320.00 274.00 400.00 360.00 354 115
2011_001941 0.0873 306.00 264.00 359.00 334.00 354 115
2011_001941 0.0980 1.00 236.00 48.00 306.00 13 103
2011_001941 0.0699 5.00 237.00 40.00 264.00 335 116
2011_001946 0.1088 83.00 213.00 134.00 336.00 0 133
2011_002038 0.1295 122.00 44.00 385.00 353.00 38 77
2011_002041 0.1343 123.00 91.00 257.00 281.00 22 106
2011_002045 0.0957 16.00 166.00 91.00 351.00 0 133
2011_002045 0.1176 402.00 173.00 500.00 352.00 13 85
2011_002108 0.1244 162.00 189.00 214.00 266.00 353 135
2011_002108 0.1014 198.00 186.00 227.00 253.00 334 123
2011_002124 0.1323 120.00 205.00 245.00 331.00 0 103
2011_002163 0.0846 388.00 44.00 500.00 243.00 0 108
2011_002163 0.0737 224.00 36.00 352.00 222.00 328 118
2011_002200 0.0946 5.00 196.00 104.00 375.00 30 127
2011_002200 0.0643 451.00 191.00 500.00 375.00 8 114
2011_002241 0.1184 17.00 124.00 224.00 375.00 10 126
2011_002241 0.1154 153.00 94.00 240.00 164.00 16 102
2011_002241 0.1117 327.00 99.00 457.00 340.00 331 100
2011_002241 0.1232 220.00 143.00 438.00 375.00 0 117
2011_002260 0.1267 43.00 228.00 185.00 375.00 7 106
2011_002260 0.0941 177.00 280.00 334.00 375.00 0 121
2011_002270 0.0826 397.00 24.00 463.00 113.00 0 123
2011_002270 0.0604 472.00 86.00 500.00 189.00 0 122
2011_002270 0.0863 2.00 30.00 52.00 135.00 327 97
2011_002270 0.0754 1.00 100.00 49.00 193.00 330 110
2011_002358 0.1030 1.00 175.00 131.00 367.00 30 127
2011_002358 0.0606 1.00 332.00 76.00 375.00 317 107
2011_002358 0.0397 362.00 331.00 500.00 375.00 0 97
2011_002358 0.0583 470.00 138.00 500.00 222.00 1 132
2011_002386 0.1192 210.00 133.00 460.00 359.00 0 121
2011_002391 0.1200 347.00 212.00 449.00 343.00 17 104
2011_002391 0.1100 285.00 207.00 340.00 301.00 5 112
2011_002391 0.0452 1.00 336.00 177.00 375.00 9 124
2011_002509 0.0955 102.00 196.00 155.00 297.00 25 135
2011_002509 0.0800 161.00 199.00 200.00 297.00 32 129
2011_002531 0.0960 264.00 107.00 321.00 260.00 38 107
2011_002531 0.1216 176.00 117.00 256.00 290.00 331 105
2011_002531 0.1193 254.00 123.00 354.00 296.00 2 118
2011_002531 0.1400 188.00 147.00 294.00 332.00 21 112
2011_002575 0.1255 16.00 145.00 176.00 341.00 4 148
2011_002575 0.1340 312.00 111.00 476.00 338.00 341 112
2011_002640 0.1195 350.00 244.00 431.00 333.00 4 148
2011_002640 0.1297 46.00 218.00 153.00 333.00 17 111
2011_002640 0.0577 1.00 186.00 12.00 243.00 353 135
2011_002640 0.0748 1.00 177.00 62.00 329.00 0 137
2011_002641 0.0815 1.00 158.00 205.00 261.00 0 103
2011_002644 0.1069 410.00 198.00 455.00 256.00 44 121
2011_002644 0.1002 334.00 196.00 368.00 252.00 328 118
2011_002644 0.1000 365.00 200.00 411.00 258.00 12 109
2011_002714 0.0952 305.00 181.00 364.00 235.00 319 102
2011_002714 0.1046 382.00 181.00 439.00 231.00 317 107
2011_002750 0.1007 249.00 196.00 379.00 375.00 326 98
2011_002805 0.1026 176.00 231.00 269.00 336.00 13 103
2011_002805 0.0966 157.00 252.00 294.00 450.00 36 101
2011_002805 0.1342 69.00 228.00 154.00 334.00 333 132
2011_002805 0.1356 27.00 246.00 162.00 443.00 3 101
2011_002805 0.1223 298.00 240.00 374.00 315.00 328 118
2011_002810 0.0938 17.00 254.00 91.00 342.00 353 135
2011_002810 0.1102 2.00 230.00 30.00 283.00 1 105
2011_002870 0.1137 261.00 6.00 492.00 375.00 42 118
2011_002887 0.1264 192.00 43.00 402.00 360.00 7 119
2011_002887 0.1160 21.00 21.00 167.00 299.00 7 108
2011_002933 0.1035 201.00 221.00 241.00 318.00 37 107
2011_002933 0.0909 235.00 228.00 252.00 324.00 334 112
2011_002933 0.1113 195.00 213.00 236.00 295.00 336 126
2011_002933 0.0819 227.00 209.00 253.00 225.00 7 106
2011_002933 0.0821 1.00 251.00 91.00 304.00 0 93
2011_002933 0.0935 138.00 275.00 189.00 392.00 340 106
2011_002933 0.1042 106.00 349.00 191.00 500.00 0 97
2011_002971 0.0975 88.00 160.00 250.00 335.00 328 118
2011_002994 0.1040 297.00 193.00 365.00 309.00 2 92
2011_002994 0.0888 125.00 183.00 159.00 263.00 31 102
2011_002994 0.0912 148.00 193.00 207.00 304.00 44 121
2011_002994 0.0822 192.00 205.00 256.00 314.00 0 93
2011_002994 0.0799 252.00 204.00 314.00 317.00 13 123
2011_002994 0.0569 215.00 189.00 259.00 207.00 333 105
2011_002994 0.0481 260.00 189.00 304.00 206.00 347 122
2011_003011 0.1328 76.00 17.00 281.00 456.00 0 133
2011_003076 0.1397 39.00 212.00 125.00 351.00 3 100
2011_003076 0.1076 131.00 189.00 183.00 308.00 353 135
2011_003079 0.1087 82.00 281.00 231.00 488.00 0 124
2011_003097 0.1052 1.00 111.00 236.00 330.00 1 101
2011_003103 0.1319 126.00 145.00 239.00 312.00 13 103
2011_003103 0.0978 286.00 145.00 335.00 247.00 318 107
2011_003166 0.0774 317.00 1.00 500.00 162.00 324 120
2011_003201 0.1267 186.00 168.00 286.00 271.00 0 88
2011_003201 0.1072 240.00 153.00 310.00 258.00 0 108
2011_003201 0.1063 15.00 215.00 78.00 314.00 24 112
2011_003242 0.0803 324.00 198.00 352.00 266.00 0 122
2011_003242 0.0921 297.00 177.00 320.00 223.00 32 129
2011_003242 0.1010 100.00 208.00 133.00 273.00 327 105
2011_003242 0.1080 125.00 181.00 152.00 238.00 330 103
2011_003242 0.0780 162.00 143.00 175.00 179.00 10 113
2011_003242 0.0829 168.00 136.00 180.00 163.00 324 120
2011_003242 0.0954 178.00 130.00 189.00 145.00 7 122
2011_003242 0.0910 259.00 131.00 278.00 173.00 30 107
2011_003242 0.0786 1.00 149.00 17.00 194.00 327 100
