2008_000090 0.0673 455.00 88.00 500.00 142.00 258 65
2008_000090 0.0671 342.00 83.00 392.00 153.00 277 108
2008_000133 0.1040 20.00 30.00 500.00 332.00 276 112
2008_000194 0.0943 192.00 183.00 310.00 277.00 261 91
2008_000466 0.0958 40.00 90.00 318.00 257.00 287 92
2008_000466 0.0881 62.00 90.00 400.00 301.00 253 75
2008_000562 0.1138 132.00 176.00 394.00 350.00 308 114
2008_000725 0.0631 110.00 82.00 193.00 240.00 276 112
2008_000803 0.0423 55.00 79.00 90.00 181.00 261 99
2008_000803 0.0572 164.00 87.00 264.00 177.00 248 70
2008_000803 0.0357 373.00 115.00 411.00 224.00 277 108
2008_000803 0.1139 277.00 93.00 332.00 208.00 239 112
2008_001225 0.1347 130.00 175.00 255.00 289.00 296 102
2008_001225 0.1190 237.00 187.00 335.00 287.00 238 86
2008_001225 0.1116 319.00 191.00 427.00 288.00 292 124
2008_001226 0.0739 191.00 23.00 500.00 421.00 253 85
2008_001231 0.0723 225.00 110.00 313.00 250.00 112 91
2008_001404 0.0689 91.00 267.00 245.00 500.00 277 76
2008_001531 0.0787 77.00 135.00 349.00 300.00 276 112
2008_001914 0.0543 154.00 265.00 474.00 375.00 292 16
2008_002179 0.0365 198.00 24.00 228.00 62.00 262 104
2008_002269 0.1241 22.00 23.00 416.00 334.00 256 94
2008_002269 0.0760 409.00 64.00 500.00 292.00 248 74
2008_002322 0.0987 120.00 155.00 295.00 297.00 262 100
2008_002384 0.0910 368.00 224.00 500.00 366.00 261 99
2008_002631 0.0658 89.00 238.00 246.00 500.00 270 93
2008_002701 0.1007 27.00 10.00 500.00 331.00 267 89
2008_002714 0.0743 1.00 258.00 332.00 500.00 46 106
2008_002715 0.0559 64.00 390.00 354.00 500.00 267 89
2008_002883 0.1785 8.00 26.00 496.00 334.00 248 74
2008_002932 0.0818 24.00 281.00 161.00 375.00 257 118
2008_003072 0.0703 178.00 230.00 199.00 257.00 259 102
2008_003072 0.0401 196.00 186.00 204.00 204.00 233 97
2008_003108 0.0797 1.00 184.00 83.00 324.00 261 99
2008_003205 0.1164 109.00 151.00 356.00 314.00 302 68
2008_003270 0.1304 1.00 37.00 492.00 361.00 262 100
2008_003351 0.0856 421.00 105.00 500.00 205.00 297 114
2008_003351 0.0533 307.00 117.00 361.00 233.00 258 79
2008_003395 0.0809 113.00 372.00 264.00 497.00 265 89
2008_003713 0.0866 14.00 1.00 444.00 371.00 305 105
2008_003768 0.1102 78.00 135.00 370.00 343.00 264 106
2008_003812 0.0542 111.00 1.00 375.00 500.00 257 118
2008_003940 0.0418 1.00 1.00 142.00 375.00 248 74
2008_003940 0.0851 10.00 1.00 313.00 375.00 299 118
2008_004040 0.1225 274.00 196.00 402.00 296.00 58 109
2008_004040 0.0533 206.00 204.00 253.00 299.00 295 68
2008_004101 0.0839 92.00 240.00 260.00 375.00 58 119
2008_004142 0.0987 113.00 163.00 196.00 216.00 77 101
2008_004142 0.1147 197.00 164.00 275.00 214.00 69 112
2008_004142 0.0945 309.00 154.00 393.00 208.00 120 93
2008_004363 0.1464 102.00 178.00 344.00 336.00 60 114
2008_004482 0.0704 51.00 175.00 118.00 282.00 276 112
2008_004592 0.1076 20.00 14.00 474.00 284.00 276 112
2008_004654 0.0572 43.00 213.00 172.00 453.00 292 16
2008_004656 0.0726 226.00 91.00 308.00 202.00 58 91
2008_004758 0.1007 8.00 45.00 372.00 353.00 229 78
2008_004784 0.0498 167.00 137.00 246.00 299.00 304 102
2008_004862 0.0882 330.00 149.00 369.00 178.00 304 102
2008_004862 0.0934 142.00 174.00 280.00 325.00 92 79
2008_004995 0.1021 27.00 144.00 216.00 330.00 256 78
2008_005147 0.0826 119.00 75.00 463.00 281.00 305 105
2008_005147 0.0577 397.00 47.00 463.00 75.00 233 97
2008_005175 0.0860 279.00 301.00 351.00 348.00 315 98
2008_005190 0.1252 196.00 161.00 376.00 280.00 266 110
2008_005190 0.0385 461.00 201.00 500.00 303.00 243 36
2008_005276 0.0826 8.00 361.00 77.00 461.00 273 97
2008_005356 0.0923 61.00 18.00 427.00 365.00 305 105
2008_005553 0.0556 154.00 1.00 375.00 500.00 228 85
2008_005599 0.0534 42.00 152.00 117.00 299.00 297 114
2008_005599 0.0820 186.00 200.00 500.00 375.00 315 98
2008_005599 0.0837 76.00 181.00 299.00 351.00 305 121
2008_005727 0.1040 57.00 79.00 464.00 359.00 262 100
2008_005738 0.0896 48.00 253.00 267.00 408.00 258 65
2008_005808 0.0893 233.00 196.00 429.00 342.00 310 95
2008_005808 0.0788 1.00 171.00 76.00 298.00 243 36
2008_005808 0.0937 1.00 159.00 76.00 254.00 287 83
2008_005846 0.0904 109.00 94.00 430.00 375.00 260 113
2008_005970 0.0811 1.00 1.00 330.00 288.00 304 102
2008_005978 0.0556 44.00 248.00 194.00 500.00 270 93
2008_006088 0.0866 81.00 244.00 282.00 500.00 266 110
2008_006088 0.0467 1.00 278.00 51.00 385.00 267 89
2008_006154 0.0995 76.00 321.00 164.00 421.00 277 108
2008_006154 0.0742 12.00 324.00 66.00 402.00 227 91
2008_006254 0.0555 134.00 287.00 237.00 485.00 281 95
2008_006254 0.0614 69.00 12.00 145.00 166.00 295 104
2008_006254 0.0593 170.00 9.00 245.00 159.00 265 83
2008_006424 0.0920 121.00 143.00 320.00 332.00 299 99
2008_006467 0.1236 45.00 114.00 359.00 314.00 261 99
2008_006519 0.1504 221.00 201.00 346.00 306.00 296 102
2008_006642 0.0893 162.00 149.00 254.00 214.00 306 95
2008_006813 0.0751 82.00 296.00 297.00 500.00 267 89
2008_006855 0.0675 122.00 239.00 198.00 389.00 295 68
2008_006855 0.0724 218.00 248.00 303.00 372.00 263 95
2008_007019 0.0839 159.00 181.00 455.00 375.00 261 99
2008_007067 0.1121 340.00 240.00 449.00 328.00 292 29
2008_007103 0.1373 256.00 208.00 399.00 289.00 263 88
2008_007222 0.0978 126.00 179.00 308.00 418.00 248 71
2008_007719 0.0945 1.00 3.00 500.00 333.00 267 89
2008_007719 0.1162 419.00 33.00 469.00 64.00 264 108
2008_007719 0.1010 432.00 33.00 482.00 64.00 231 86
2008_007766 0.0697 164.00 192.00 322.00 442.00 287 87
2008_007872 0.2009 304.00 298.00 384.00 344.00 248 81
2008_007915 0.1433 51.00 41.00 468.00 332.00 249 84
2008_007935 0.1061 158.00 138.00 354.00 241.00 280 106
2008_007935 0.0733 1.00 136.00 47.00 208.00 297 96
2008_007993 0.0851 77.00 121.00 452.00 392.00 292 16
2008_008069 0.0693 17.00 370.00 266.00 500.00 243 36
2008_008084 0.0906 40.00 273.00 247.00 500.00 267 89
2008_008131 0.0851 11.00 41.00 445.00 375.00 249 83
2008_008210 0.0553 171.00 188.00 246.00 316.00 303 74
2008_008307 0.1361 52.00 119.00 393.00 333.00 248 74
2008_008320 0.1243 258.00 125.00 480.00 347.00 252 89
2008_008320 0.0935 1.00 187.00 276.00 375.00 299 99
2008_008337 0.1231 154.00 124.00 442.00 350.00 310 112
2008_008357 0.0748 357.00 196.00 430.00 317.00 226 97
2008_008357 0.0762 285.00 188.00 352.00 287.00 253 85
2008_008357 0.0767 135.00 163.00 211.00 281.00 258 79
2008_008357 0.0471 297.00 77.00 327.00 120.00 262 116
2008_008357 0.1081 368.00 176.00 476.00 264.00 288 98
2008_008443 0.0900 1.00 269.00 334.00 500.00 250 90
2008_008564 0.0833 194.00 99.00 336.00 268.00 116 95
2008_008611 0.1403 105.00 110.00 374.00 282.00 261 99
2008_008619 0.0768 261.00 199.00 500.00 333.00 264 100
2008_008619 0.0844 121.00 244.00 254.00 333.00 302 68
2008_008627 0.1004 67.00 1.00 325.00 267.00 272 68
2008_008629 0.1262 33.00 55.00 209.00 187.00 242 113
2008_008629 0.1098 111.00 90.00 371.00 313.00 263 88
2008_008629 0.1102 161.00 109.00 469.00 375.00 250 87
2008_008652 0.1327 5.00 104.00 336.00 287.00 283 79
2008_008659 0.0954 280.00 258.00 352.00 297.00 264 108
2008_008695 0.0781 267.00 100.00 391.00 210.00 292 90
2008_008705 0.0709 223.00 224.00 241.00 235.00 252 89
2008_008708 0.0505 158.00 210.00 263.00 430.00 277 98
2008_008711 0.1402 14.00 31.00 486.00 343.00 273 86
2008_008718 0.0892 262.00 270.00 478.00 433.00 264 100
2008_008718 0.0873 10.00 340.00 109.00 437.00 277 98
2008_008724 0.0516 1.00 79.00 137.00 375.00 267 89
2008_008724 0.0867 62.00 22.00 441.00 375.00 69 112
2008_008724 0.0869 130.00 1.00 396.00 285.00 261 99
2008_008724 0.0843 314.00 1.00 500.00 227.00 74 125
2008_008724 0.0823 370.00 1.00 500.00 119.00 237 68
2008_008753 0.0991 80.00 1.00 489.00 312.00 286 80
2008_008755 0.0560 138.00 283.00 170.00 347.00 302 68
2008_008758 0.0936 216.00 218.00 284.00 311.00 263 88
2009_000055 0.1020 322.00 148.00 457.00 355.00 258 86
2009_000149 0.0951 16.00 158.00 259.00 460.00 313 110
2009_000286 0.0788 1.00 1.00 375.00 500.00 229 78
2009_000351 0.0514 40.00 242.00 371.00 375.00 267 89
2009_000354 0.0852 1.00 1.00 500.00 375.00 286 81
2009_000430 0.0506 207.00 19.00 297.00 224.00 274 90
2009_000457 0.1149 4.00 144.00 267.00 321.00 238 80
2009_000461 0.1562 16.00 204.00 444.00 481.00 264 106
2009_000573 0.1609 56.00 89.00 450.00 336.00 60 114
2009_000634 0.1336 65.00 74.00 468.00 318.00 263 98
2009_000724 0.1153 122.00 171.00 353.00 375.00 297 114
2009_000756 0.1428 12.00 27.00 489.00 313.00 249 83
2009_000820 0.1297 157.00 158.00 372.00 299.00 273 94
2009_000896 0.0419 298.00 121.00 313.00 160.00 242 113
2009_000896 0.0433 117.00 166.00 175.00 286.00 276 112
2009_000896 0.0827 173.00 182.00 325.00 375.00 276 112
2009_000985 0.2432 37.00 15.00 469.00 272.00 264 108
2009_001181 0.0748 415.00 225.00 500.00 328.00 295 104
2009_001194 0.0889 43.00 32.00 500.00 334.00 292 29
2009_001255 0.0923 122.00 50.00 487.00 297.00 256 94
2009_001255 0.0906 55.00 23.00 427.00 242.00 256 78
2009_001384 0.0906 39.00 122.00 352.00 500.00 276 112
2009_001456 0.1444 39.00 39.00 483.00 323.00 281 112
2009_001646 0.0514 425.00 1.00 500.00 48.00 276 74
2009_001663 0.1135 109.00 205.00 223.00 330.00 290 91
2009_001718 0.0803 40.00 310.00 264.00 500.00 280 106
2009_001758 0.1134 153.00 103.00 286.00 249.00 311 69
2009_001758 0.0922 53.00 140.00 254.00 381.00 273 86
2009_001758 0.0743 76.00 142.00 286.00 476.00 303 86
2009_001780 0.0970 28.00 17.00 437.00 342.00 311 101
2009_001830 0.0505 239.00 118.00 369.00 385.00 303 86
2009_001830 0.0380 197.00 153.00 243.00 299.00 233 97
2009_001915 0.1014 1.00 1.00 500.00 375.00 286 81
2009_002058 0.0617 81.00 390.00 375.00 500.00 226 97
2009_002087 0.1844 19.00 6.00 484.00 305.00 256 94
2009_002194 0.0895 17.00 1.00 490.00 452.00 242 113
2009_002295 0.1084 27.00 281.00 349.00 476.00 269 84
2009_002350 0.0687 59.00 321.00 185.00 500.00 276 74
2009_002350 0.0866 1.00 332.00 136.00 441.00 267 89
2009_002400 0.1150 52.00 29.00 282.00 316.00 269 84
2009_002401 0.0854 43.00 7.00 500.00 375.00 239 112
2009_002488 0.0885 1.00 1.00 500.00 375.00 288 98
2009_002668 0.1021 120.00 226.00 222.00 332.00 243 73
2009_002777 0.1219 126.00 235.00 405.00 375.00 292 16
2009_002779 0.0903 18.00 38.00 480.00 318.00 256 94
2009_002785 0.1224 352.00 8.00 463.00 104.00 228 85
2009_002785 0.0957 1.00 32.00 182.00 144.00 303 86
2009_002785 0.0896 1.00 9.00 112.00 123.00 276 74
2009_002833 0.1011 25.00 21.00 480.00 307.00 276 112
2009_002833 0.0557 382.00 31.00 500.00 272.00 276 88
2009_002833 0.0492 289.00 28.00 386.00 270.00 314 111
2009_002833 0.0583 160.00 49.00 276.00 264.00 304 102
2009_002833 0.0693 1.00 28.00 142.00 278.00 303 86
2009_002928 0.1146 45.00 85.00 441.00 350.00 313 103
2009_002985 0.0876 1.00 33.00 500.00 375.00 304 102
2009_003065 0.0947 178.00 197.00 288.00 349.00 292 29
2009_003193 0.1166 69.00 60.00 435.00 285.00 305 105
2009_003224 0.1124 33.00 27.00 404.00 365.00 277 98
2009_003251 0.0358 328.00 36.00 353.00 85.00 276 112
2009_003251 0.0346 313.00 38.00 329.00 84.00 236 103
2009_003343 0.0908 20.00 185.00 299.00 500.00 299 118
2009_003469 0.1008 33.00 10.00 459.00 311.00 296 102
2009_003802 0.0714 87.00 7.00 193.00 87.00 267 89
2009_003832 0.0972 71.00 1.00 417.00 333.00 250 80
2009_003836 0.0641 79.00 77.00 275.00 436.00 289 101
2009_003905 0.0827 32.00 37.00 333.00 439.00 278 75
2009_003908 0.0956 1.00 1.00 414.00 375.00 258 79
2009_003971 0.0560 56.00 52.00 364.00 500.00 305 105
2009_004242 0.0703 1.00 14.00 204.00 334.00 254 78
2009_004258 0.0842 11.00 189.00 37.00 213.00 305 105
2009_004258 0.0925 46.00 188.00 69.00 210.00 262 116
2009_004303 0.1136 167.00 168.00 465.00 366.00 261 91
2009_004364 0.0915 4.00 1.00 499.00 374.00 276 112
2009_004496 0.0848 1.00 35.00 467.00 375.00 262 116
2009_004518 0.0545 341.00 107.00 350.00 119.00 250 89
2009_004551 0.1167 53.00 93.00 463.00 364.00 277 76
2009_004629 0.0838 100.00 1.00 462.00 375.00 273 86
2009_004664 0.1095 121.00 162.00 370.00 357.00 290 131
2009_004758 0.1000 8.00 192.00 164.00 288.00 120 93
2009_004758 0.1299 306.00 162.00 400.00 238.00 103 107
2009_004781 0.0602 190.00 85.00 354.00 343.00 306 106
2009_004822 0.1116 95.00 141.00 448.00 358.00 105 68
2009_004848 0.1153 164.00 166.00 341.00 366.00 303 94
2009_004876 0.0934 1.00 1.00 375.00 481.00 296 112
2009_004882 0.0826 11.00 220.00 374.00 469.00 253 85
2009_004882 0.0807 149.00 298.00 268.00 385.00 277 98
2009_004933 0.1125 175.00 169.00 282.00 284.00 229 78
2009_004934 0.0897 54.00 11.00 383.00 373.00 277 98
2009_005064 0.1077 42.00 51.00 468.00 308.00 311 69
2009_005082 0.0832 308.00 292.00 500.00 375.00 229 78
2009_005082 0.0628 12.00 304.00 221.00 375.00 267 89
2009_005087 0.0938 63.00 143.00 245.00 278.00 304 102
2009_005098 0.0886 118.00 1.00 454.00 188.00 96 105
2009_005103 0.0986 65.00 45.00 413.00 375.00 262 116
2009_005156 0.1052 43.00 29.00 422.00 248.00 117 117
2009_005172 0.0737 112.00 54.00 500.00 375.00 294 90
2009_005178 0.1502 39.00 33.00 457.00 396.00 242 113
2009_005203 0.0778 233.00 116.00 334.00 259.00 272 84
2009_005300 0.0976 70.00 140.00 220.00 252.00 96 97
2009_005300 0.1089 263.00 149.00 375.00 255.00 249 83
2010_000065 0.0560 185.00 194.00 285.00 403.00 276 74
2010_000083 0.0874 43.00 212.00 127.00 310.00 312 83
2010_000113 0.0947 107.00 7.00 466.00 317.00 250 87
2010_000254 0.1336 130.00 136.00 339.00 290.00 58 107
2010_000342 0.1114 55.00 37.00 354.00 360.00 296 102
2010_000401 0.1315 116.00 115.00 424.00 315.00 313 103
2010_000444 0.0992 73.00 163.00 279.00 306.00 292 124
2010_000462 0.0698 158.00 228.00 257.00 385.00 248 70
2010_000590 0.0485 1.00 183.00 38.00 270.00 254 74
2010_000624 0.1009 1.00 1.00 500.00 368.00 238 80
2010_000829 0.1181 32.00 14.00 496.00 357.00 276 74
2010_000893 0.1413 111.00 22.00 344.00 254.00 261 99
2010_000898 0.1772 12.00 41.00 495.00 324.00 264 106
2010_001049 0.1533 226.00 159.00 409.00 270.00 277 98
2010_001049 0.1287 45.00 149.00 218.00 264.00 309 90
2010_001119 0.0637 1.00 258.00 423.00 375.00 303 74
2010_001119 0.0777 6.00 99.00 79.00 141.00 305 121
2010_001206 0.0568 49.00 159.00 67.00 188.00 267 89
2010_001246 0.0494 1.00 125.00 45.00 236.00 297 114
2010_001246 0.0472 29.00 128.00 71.00 230.00 305 105
2010_001367 0.0831 142.00 89.00 433.00 389.00 243 36
2010_001439 0.0684 209.00 273.00 238.00 315.00 296 112
2010_001540 0.0869 1.00 1.00 375.00 500.00 256 78
2010_001606 0.0816 72.00 291.00 266.00 497.00 299 99
2010_001921 0.1286 293.00 152.00 401.00 260.00 277 98
2010_001921 0.0714 1.00 150.00 55.00 231.00 287 83
2010_002030 0.1019 56.00 5.00 484.00 322.00 272 84
2010_002211 0.0994 1.00 180.00 351.00 500.00 74 125
2010_002326 0.0896 105.00 16.00 420.00 375.00 314 111
2010_002536 0.0954 92.00 57.00 454.00 297.00 275 104
2010_002536 0.0564 1.00 110.00 123.00 347.00 272 84
2010_002660 0.0934 77.00 171.00 333.00 500.00 276 88
2010_002693 0.0694 1.00 244.00 233.00 412.00 305 105
2010_002693 0.0813 2.00 245.00 103.00 380.00 80 93
2010_002767 0.0862 1.00 351.00 331.00 500.00 295 87
2010_002792 0.0827 29.00 65.00 244.00 235.00 287 92
2010_002814 0.0891 30.00 14.00 494.00 314.00 77 101
2010_002927 0.0635 1.00 217.00 390.00 375.00 103 107
2010_003123 0.0796 1.00 107.00 35.00 139.00 295 68
2010_003251 0.1065 19.00 52.00 478.00 344.00 262 104
2010_003293 0.0733 432.00 186.00 469.00 236.00 259 102
2010_003293 0.0493 403.00 180.00 432.00 232.00 270 93
2010_003293 0.0582 395.00 179.00 424.00 230.00 250 87
2010_003314 0.1087 18.00 256.00 158.00 372.00 267 89
2010_003379 0.0911 1.00 37.00 500.00 367.00 274 90
2010_003446 0.1355 160.00 164.00 345.00 261.00 275 104
2010_003503 0.0809 1.00 64.00 499.00 375.00 262 116
2010_003585 0.0891 340.00 229.00 500.00 301.00 258 86
2010_003603 0.0899 38.00 344.00 227.00 500.00 288 98
2010_003701 0.0988 262.00 191.00 373.00 314.00 292 16
2010_003729 0.1157 3.00 121.00 156.00 240.00 58 109
2010_003811 0.1610 40.00 33.00 431.00 283.00 259 102
2010_003828 0.1142 47.00 138.00 347.00 330.00 73 108
2010_003912 0.0886 70.00 39.00 312.00 416.00 303 86
2010_004182 0.1699 14.00 54.00 483.00 340.00 292 111
2010_004439 0.0904 378.00 300.00 457.00 342.00 243 36
2010_004439 0.0847 469.00 234.00 500.00 276.00 252 89
2010_004439 0.0895 411.00 272.00 467.00 315.00 232 105
2010_004439 0.0775 467.00 303.00 500.00 328.00 277 108
2010_004439 0.0812 446.00 272.00 500.00 299.00 248 81
2010_004537 0.1224 27.00 73.00 488.00 341.00 250 90
2010_004809 0.0989 222.00 208.00 348.00 285.00 231 101
2010_004894 0.0988 103.00 45.00 401.00 339.00 263 92
2010_004921 0.1507 195.00 180.00 264.00 235.00 292 124
2010_004921 0.0952 456.00 166.00 500.00 212.00 239 112
2010_005000 0.0790 1.00 18.00 295.00 500.00 313 110
2010_005116 0.0987 32.00 84.00 498.00 375.00 292 29
2010_005226 0.0585 376.00 188.00 435.00 300.00 287 101
2010_005374 0.1058 21.00 1.00 500.00 375.00 305 105
2010_005542 0.0986 1.00 154.00 94.00 291.00 258 65
2010_005542 0.0777 95.00 146.00 183.00 284.00 303 86
2010_005542 0.0347 462.00 168.00 500.00 285.00 275 104
2010_005556 0.1031 70.00 1.00 443.00 375.00 296 102
2010_005658 0.0926 1.00 19.00 360.00 295.00 256 101
2010_005658 0.0662 404.00 103.00 500.00 265.00 53 107
2010_005664 0.0796 93.00 67.00 425.00 294.00 73 108
2010_005848 0.1055 230.00 215.00 474.00 345.00 267 108
2010_005860 0.1012 419.00 118.00 498.00 212.00 232 105
2010_006031 0.1042 140.00 10.00 377.00 258.00 309 103
2010_006070 0.1129 1.00 14.00 497.00 323.00 226 97
2011_000087 0.0876 226.00 188.00 266.00 211.00 253 85
2011_000098 0.0418 333.00 109.00 390.00 270.00 267 89
2011_000098 0.0457 374.00 118.00 442.00 277.00 287 87
2011_000319 0.0279 1.00 210.00 17.00 261.00 290 91
2011_000319 0.1735 217.00 173.00 304.00 233.00 288 98
2011_000412 0.0925 14.00 5.00 469.00 375.00 229 78
2011_000474 0.0957 1.00 1.00 395.00 334.00 258 65
2011_000585 0.1104 74.00 106.00 302.00 311.00 239 112
2011_000600 0.0374 472.00 63.00 500.00 143.00 228 85
2011_000690 0.0477 5.00 1.00 99.00 494.00 304 102
2011_000690 0.0660 72.00 1.00 372.00 499.00 239 112
2011_000933 0.0841 57.00 113.00 317.00 375.00 292 111
2011_000950 0.1471 42.00 68.00 468.00 320.00 267 113
2011_001025 0.1001 202.00 346.00 240.00 384.00 281 95
2011_001138 0.1511 27.00 41.00 497.00 322.00 263 88
2011_001213 0.0807 68.00 73.00 310.00 218.00 253 75
2011_001271 0.1129 139.00 186.00 328.00 323.00 292 109
2011_001441 0.0862 1.00 18.00 500.00 256.00 245 98
2011_001501 0.1341 264.00 197.00 440.00 298.00 256 94
2011_001524 0.0891 132.00 52.00 262.00 188.00 261 99
2011_001524 0.0956 140.00 54.00 261.00 172.00 249 83
2011_001529 0.0683 181.00 166.00 245.00 261.00 236 103
2011_001535 0.1018 42.00 177.00 219.00 375.00 254 78
2011_001535 0.0788 184.00 187.00 306.00 375.00 303 86
2011_001612 0.0557 181.00 145.00 299.00 375.00 277 84
2011_001806 0.0904 54.00 353.00 254.00 494.00 282 86
2011_001914 0.0838 258.00 1.00 500.00 209.00 253 104
2011_001945 0.0961 10.00 227.00 340.00 429.00 242 113
2011_001945 0.0914 125.00 287.00 375.00 500.00 302 106
2011_001966 0.0840 83.00 207.00 296.00 451.00 239 112
2011_001988 0.0518 191.00 193.00 302.00 425.00 305 105
2011_002002 0.0699 302.00 179.00 428.00 375.00 287 83
2011_002003 0.0540 335.00 1.00 500.00 267.00 260 113
2011_002064 0.1204 77.00 74.00 357.00 350.00 304 102
2011_002064 0.1185 62.00 78.00 318.00 314.00 305 105
2011_002150 0.1149 259.00 291.00 377.00 372.00 248 74
2011_002150 0.0547 289.00 194.00 304.00 224.00 267 89
2011_002192 0.0500 302.00 165.00 354.00 268.00 267 113
2011_002192 0.0535 139.00 181.00 198.00 290.00 261 91
2011_002223 0.0701 78.00 139.00 361.00 258.00 250 89
2011_002223 0.0762 153.00 108.00 347.00 197.00 276 74
2011_002244 0.0577 363.00 184.00 377.00 205.00 263 98
2011_002325 0.0904 123.00 424.00 281.00 495.00 292 29
2011_002406 0.0953 1.00 42.00 500.00 338.00 311 101
2011_002713 0.1556 37.00 34.00 473.00 338.00 272 84
2011_002742 0.0985 115.00 99.00 407.00 342.00 256 78
2011_003003 0.0927 39.00 116.00 421.00 353.00 227 91
2011_003167 0.0876 235.00 293.00 337.00 362.00 248 87
2011_003167 0.0883 274.00 287.00 371.00 363.00 277 108
2011_003167 0.0719 40.00 265.00 298.00 424.00 250 89
2011_003168 0.0795 277.00 230.00 499.00 375.00 302 68
2011_003168 0.0882 29.00 236.00 160.00 375.00 276 112
2011_003169 0.1031 28.00 24.00 451.00 333.00 272 90
2011_003261 0.0478 132.00 245.00 186.00 332.00 276 74
