2008_000082 0.0743 128.00 239.00 346.00 361.00 0 103
2008_000203 0.0732 354.00 156.00 411.00 261.00 18 110
2008_000328 0.0679 151.00 185.00 274.00 439.00 345 103
2008_000378 0.0841 15.00 182.00 228.00 333.00 318 83
2008_000516 0.0842 205.00 82.00 440.00 347.00 5 101
2008_000547 0.0908 124.00 168.00 200.00 238.00 360 95
2008_000782 0.0809 5.00 124.00 254.00 500.00 318 100
2008_000803 0.0787 432.00 11.00 461.00 64.00 5 101
2008_000806 0.0851 247.00 185.00 446.00 375.00 322 97
2008_000811 0.0723 30.00 136.00 268.00 331.00 0 107
2008_000811 0.0803 312.00 101.00 475.00 360.00 331 87
2008_000858 0.0822 12.00 51.00 382.00 328.00 15 106
2008_000858 0.0912 284.00 16.00 453.00 211.00 350 99
2008_001007 0.0759 95.00 208.00 327.00 375.00 349 61
2008_001150 0.0869 109.00 270.00 208.00 343.00 9 94
2008_001168 0.0663 1.00 25.00 490.00 296.00 43 105
2008_001177 0.0880 214.00 165.00 351.00 270.00 9 89
2008_001406 0.0913 1.00 4.00 181.00 191.00 5 111
2008_001406 0.0705 83.00 1.00 385.00 173.00 268 88
2008_001406 0.0750 78.00 38.00 466.00 260.00 274 102
2008_001586 0.0898 36.00 270.00 88.00 315.00 39 97
2008_001727 0.0822 303.00 192.00 360.00 244.00 340 90
2008_001727 0.0773 212.00 180.00 267.00 228.00 9 89
2008_002047 0.0814 88.00 204.00 128.00 232.00 353 88
2008_002115 0.0905 231.00 1.00 500.00 319.00 326 87
2008_002179 0.0615 262.00 9.00 315.00 49.00 43 97
2008_002179 0.0603 283.00 2.00 332.00 38.00 39 90
2008_002191 0.0671 1.00 305.00 82.00 468.00 31 111
2008_002191 0.0754 21.00 217.00 107.00 360.00 4 90
2008_002191 0.0877 216.00 219.00 264.00 295.00 0 68
2008_002209 0.0753 291.00 205.00 451.00 320.00 39 97
2008_002240 0.0524 24.00 12.00 141.00 333.00 342 97
2008_002240 0.0555 139.00 9.00 244.00 333.00 345 90
2008_002240 0.0558 226.00 1.00 350.00 331.00 18 110
2008_002240 0.0578 329.00 1.00 462.00 333.00 349 91
2008_002240 0.0454 438.00 121.00 500.00 257.00 322 97
2008_002374 0.0515 187.00 130.00 450.00 232.00 244 96
2008_002383 0.0608 81.00 16.00 249.00 417.00 0 79
2008_002401 0.0916 455.00 219.00 500.00 258.00 0 94
2008_002696 0.0901 90.00 1.00 500.00 375.00 326 90
2008_002752 0.0351 1.00 274.00 286.00 375.00 295 106
2008_002752 0.0719 199.00 147.00 402.00 263.00 354 94
2008_002926 0.0655 41.00 25.00 468.00 300.00 319 96
2008_003053 0.0818 7.00 1.00 483.00 375.00 358 94
2008_003152 0.0866 23.00 92.00 368.00 349.00 325 67
2008_003249 0.0674 90.00 168.00 353.00 309.00 37 93
2008_003320 0.0861 80.00 147.00 393.00 347.00 340 90
2008_003333 0.0786 115.00 141.00 310.00 271.00 327 118
2008_003334 0.0868 84.00 131.00 234.00 251.00 39 97
2008_003451 0.0824 152.00 195.00 390.00 386.00 9 94
2008_003479 0.0808 55.00 139.00 305.00 469.00 354 87
2008_003618 0.0861 333.00 188.00 500.00 375.00 318 83
2008_003618 0.0565 159.00 151.00 334.00 260.00 29 103
2008_003820 0.0773 1.00 86.00 424.00 360.00 0 93
2008_003827 0.0611 20.00 61.00 473.00 299.00 268 97
2008_003844 0.0773 269.00 108.00 345.00 197.00 44 109
2008_004345 0.0908 100.00 18.00 406.00 374.00 0 79
2008_004371 0.0786 250.00 17.00 395.00 263.00 42 74
2008_004399 0.0713 260.00 154.00 328.00 266.00 350 95
2008_004549 0.0766 32.00 99.00 437.00 356.00 0 79
2008_004554 0.0880 288.00 105.00 360.00 175.00 34 97
2008_004599 0.0871 85.00 77.00 402.00 314.00 1 95
2008_004615 0.0899 12.00 1.00 485.00 375.00 318 104
2008_004615 0.0954 1.00 1.00 352.00 290.00 326 87
2008_004615 0.0727 1.00 1.00 303.00 182.00 321 99
2008_004729 0.0856 380.00 172.00 482.00 255.00 0 93
2008_004729 0.0805 297.00 135.00 376.00 246.00 3 92
2008_004832 0.0917 79.00 91.00 245.00 403.00 347 67
2008_004832 0.0836 237.00 108.00 324.00 213.00 38 110
2008_004832 0.0868 5.00 143.00 125.00 237.00 2 87
2008_004940 0.0709 42.00 71.00 500.00 333.00 324 91
2008_004940 0.0897 1.00 57.00 331.00 333.00 353 88
2008_005032 0.0578 290.00 178.00 386.00 375.00 360 95
2008_005049 0.0845 101.00 146.00 337.00 331.00 34 97
2008_005139 0.0682 49.00 272.00 101.00 366.00 29 103
2008_005139 0.0834 235.00 176.00 288.00 255.00 354 87
2008_005139 0.0772 120.00 82.00 151.00 125.00 20 94
2008_005139 0.0769 94.00 65.00 123.00 94.00 39 97
2008_005139 0.0898 123.00 174.00 182.00 242.00 2 87
2008_005243 0.0847 237.00 149.00 327.00 241.00 39 97
2008_005245 0.0912 31.00 179.00 301.00 372.00 320 100
2008_005245 0.0748 38.00 152.00 185.00 237.00 25 107
2008_005245 0.0916 280.00 170.00 343.00 238.00 43 84
2008_005374 0.0719 36.00 91.00 464.00 343.00 18 105
2008_005422 0.0773 71.00 70.00 448.00 317.00 15 99
2008_005423 0.0534 187.00 163.00 447.00 299.00 3 94
2008_005427 0.0917 48.00 83.00 356.00 333.00 322 94
2008_005637 0.0556 6.00 103.00 484.00 307.00 236 88
2008_005790 0.0755 125.00 117.00 217.00 253.00 34 98
2008_005915 0.0527 1.00 80.00 500.00 375.00 319 87
2008_005915 0.0414 1.00 1.00 307.00 60.00 247 79
2008_006017 0.0991 62.00 45.00 392.00 374.00 358 85
2008_006042 0.0821 1.00 212.00 361.00 500.00 326 90
2008_006205 0.0875 95.00 93.00 265.00 325.00 26 99
2008_006441 0.0891 8.00 21.00 407.00 319.00 36 92
2008_006458 0.0926 21.00 139.00 236.00 439.00 3 94
2008_006517 0.0888 1.00 1.00 418.00 375.00 358 85
2008_006526 0.0835 1.00 176.00 85.00 298.00 327 101
2008_006526 0.0830 14.00 163.00 106.00 252.00 349 98
2008_006600 0.0699 450.00 178.00 472.00 202.00 43 97
2008_006600 0.0716 400.00 181.00 422.00 198.00 9 90
2008_006600 0.0640 391.00 178.00 409.00 198.00 334 80
2008_006686 0.0713 20.00 35.00 476.00 282.00 248 98
2008_006708 0.0867 207.00 37.00 382.00 163.00 1 85
2008_006776 0.0724 61.00 102.00 450.00 333.00 338 90
2008_006874 0.0762 125.00 210.00 307.00 500.00 326 90
2008_006944 0.0842 107.00 138.00 406.00 309.00 257 85
2008_006987 0.0826 158.00 107.00 344.00 246.00 33 84
2008_006989 0.0821 257.00 162.00 406.00 260.00 349 86
2008_007181 0.0801 116.00 193.00 383.00 375.00 39 90
2008_007181 0.0906 50.00 251.00 110.00 302.00 0 93
2008_007184 0.0854 40.00 181.00 114.00 242.00 29 106
2008_007184 0.0810 203.00 118.00 279.00 193.00 21 97
2008_007190 0.0795 96.00 196.00 262.00 456.00 10 97
2008_007190 0.0491 1.00 252.00 36.00 371.00 350 95
2008_007190 0.0823 287.00 161.00 301.00 184.00 345 84
2008_007241 0.0919 101.00 23.00 376.00 362.00 342 97
2008_007264 0.0863 47.00 47.00 454.00 346.00 325 67
2008_007336 0.0870 4.00 202.00 316.00 500.00 339 79
2008_007344 0.0813 333.00 132.00 466.00 355.00 333 99
2008_007348 0.0798 264.00 228.00 352.00 297.00 43 97
2008_007409 0.0582 97.00 192.00 151.00 223.00 335 105
2008_007459 0.0785 1.00 84.00 487.00 457.00 355 93
2008_007488 0.0811 143.00 228.00 226.00 300.00 18 110
2008_007558 0.0822 80.00 11.00 413.00 369.00 5 111
2008_007716 0.0868 65.00 121.00 290.00 368.00 4 107
2008_007739 0.0924 82.00 10.00 429.00 361.00 0 67
2008_007935 0.0835 34.00 88.00 132.00 180.00 347 67
2008_007942 0.0795 318.00 125.00 395.00 268.00 44 109
2008_007955 0.0890 33.00 94.00 219.00 322.00 0 107
2008_007955 0.0850 159.00 169.00 259.00 289.00 3 92
2008_007955 0.0935 228.00 70.00 423.00 313.00 43 97
2008_008127 0.0945 246.00 160.00 389.00 325.00 20 94
2008_008141 0.0778 438.00 189.00 479.00 221.00 39 90
2008_008177 0.0875 291.00 122.00 418.00 329.00 353 88
2008_008177 0.0517 1.00 116.00 50.00 248.00 318 104
2008_008177 0.0860 134.00 120.00 304.00 299.00 327 87
2008_008177 0.0515 466.00 159.00 500.00 244.00 26 99
2008_008246 0.0932 137.00 213.00 342.00 375.00 38 110
2008_008246 0.0627 1.00 295.00 61.00 375.00 1 101
2008_008450 0.0587 441.00 161.00 500.00 290.00 1 90
2008_008450 0.0851 339.00 130.00 475.00 342.00 0 94
2008_008450 0.0893 155.00 116.00 302.00 343.00 345 90
2008_008450 0.0846 1.00 138.00 194.00 319.00 34 97
2008_008466 0.0746 217.00 186.00 275.00 270.00 349 61
2008_008466 0.0664 28.00 189.00 54.00 210.00 20 91
2008_008552 0.0782 67.00 108.00 448.00 337.00 33 84
2009_000074 0.0914 73.00 21.00 397.00 320.00 349 86
2009_000184 0.0839 29.00 33.00 483.00 328.00 246 100
2009_000276 0.0857 1.00 1.00 500.00 375.00 0 93
2009_000402 0.0857 46.00 22.00 468.00 323.00 345 90
2009_000611 0.0912 19.00 1.00 468.00 342.00 345 90
2009_000637 0.0880 34.00 114.00 290.00 326.00 4 99
2009_000637 0.0933 208.00 126.00 393.00 294.00 320 92
2009_000676 0.0722 1.00 1.00 461.00 288.00 2 62
2009_000676 0.0438 13.00 1.00 345.00 128.00 262 90
2009_000719 0.0651 101.00 140.00 432.00 318.00 262 90
2009_000719 0.0978 31.00 133.00 154.00 286.00 41 99
2009_000726 0.0808 382.00 169.00 435.00 231.00 347 114
2009_000730 0.0614 72.00 75.00 362.00 227.00 2 62
2009_000825 0.0610 232.00 207.00 473.00 333.00 1 90
2009_000825 0.0526 27.00 219.00 281.00 333.00 275 86
2009_000858 0.0810 94.00 115.00 484.00 375.00 21 104
2009_000858 0.0817 54.00 74.00 320.00 283.00 43 97
2009_000858 0.0751 1.00 81.00 57.00 177.00 0 79
2009_000858 0.0725 315.00 8.00 344.00 44.00 15 106
2009_000858 0.0923 274.00 4.00 314.00 38.00 33 116
2009_000858 0.0849 12.00 23.00 51.00 68.00 0 95
2009_000897 0.0721 152.00 105.00 336.00 420.00 3 92
2009_001061 0.0852 1.00 1.00 500.00 375.00 1 101
2009_001121 0.0651 245.00 146.00 345.00 200.00 321 99
2009_001320 0.0891 1.00 1.00 482.00 375.00 2 87
2009_001370 0.0829 129.00 226.00 161.00 272.00 18 110
2009_001427 0.0818 282.00 89.00 489.00 315.00 42 74
2009_001645 0.0725 7.00 28.00 269.00 497.00 350 95
2009_001645 0.0589 1.00 45.00 95.00 258.00 34 98
2009_001646 0.0734 57.00 35.00 488.00 296.00 318 104
2009_001646 0.0581 1.00 2.00 211.00 125.00 3 94
2009_001759 0.0909 25.00 134.00 212.00 375.00 322 92
2009_001759 0.0938 371.00 117.00 500.00 273.00 4 99
2009_001759 0.0945 263.00 129.00 370.00 229.00 320 100
2009_001759 0.0859 206.00 119.00 282.00 201.00 360 95
2009_001764 0.0753 129.00 164.00 265.00 385.00 320 105
2009_001764 0.0451 173.00 58.00 200.00 135.00 0 94
2009_001805 0.0437 1.00 188.00 412.00 336.00 270 87
2009_001973 0.0899 15.00 11.00 474.00 446.00 351 98
2009_001984 0.0764 21.00 17.00 485.00 311.00 326 87
2009_002131 0.0776 176.00 104.00 461.00 282.00 25 95
2009_002239 0.0766 159.00 51.00 453.00 500.00 9 94
2009_002317 0.0866 82.00 71.00 351.00 264.00 325 91
2009_002335 0.0964 26.00 179.00 308.00 466.00 324 91
2009_002382 0.0951 7.00 170.00 313.00 478.00 320 100
2009_002382 0.0670 327.00 269.00 375.00 343.00 31 111
2009_002382 0.0801 1.00 199.00 53.00 269.00 324 91
2009_002399 0.0874 1.00 1.00 240.00 212.00 0 106
2009_002399 0.0918 29.00 1.00 500.00 375.00 353 88
2009_002569 0.0905 213.00 153.00 376.00 315.00 335 105
2009_002569 0.0934 130.00 20.00 253.00 143.00 0 94
2009_002651 0.0927 176.00 123.00 403.00 297.00 18 110
2009_002665 0.0959 9.00 1.00 500.00 375.00 20 94
2009_002806 0.0801 16.00 187.00 209.00 341.00 326 87
2009_002806 0.0544 179.00 187.00 500.00 341.00 3 92
2009_002894 0.0808 1.00 98.00 252.00 500.00 20 94
2009_002902 0.0779 63.00 57.00 448.00 357.00 320 100
2009_003020 0.0795 337.00 196.00 405.00 241.00 347 114
2009_003196 0.0608 197.00 199.00 420.00 323.00 38 110
2009_003238 0.0719 114.00 137.00 355.00 263.00 234 91
2009_003346 0.0783 1.00 206.00 161.00 459.00 4 90
2009_003346 0.0701 180.00 199.00 334.00 464.00 9 90
2009_003351 0.0710 70.00 270.00 165.00 330.00 38 112
2009_003411 0.0956 64.00 118.00 324.00 482.00 29 103
2009_003560 0.0817 271.00 172.00 290.00 202.00 343 93
2009_003560 0.0806 273.00 159.00 291.00 183.00 327 87
2009_003560 0.0894 213.00 258.00 244.00 294.00 332 87
2009_003560 0.0890 200.00 238.00 227.00 266.00 5 89
2009_003576 0.0719 134.00 108.00 231.00 299.00 1 90
2009_003598 0.0737 34.00 44.00 474.00 300.00 345 90
2009_003747 0.0862 1.00 1.00 500.00 375.00 355 92
2009_003802 0.0910 83.00 17.00 334.00 357.00 1 85
2009_003944 0.0890 1.00 1.00 500.00 375.00 42 74
2009_004043 0.0619 92.00 91.00 470.00 282.00 269 89
2009_004093 0.0697 15.00 102.00 494.00 339.00 300 82
2009_004175 0.0686 346.00 216.00 376.00 264.00 15 106
2009_004175 0.0675 325.00 170.00 344.00 203.00 331 87
2009_004175 0.0714 78.00 157.00 95.00 170.00 26 99
2009_004175 0.0714 128.00 162.00 149.00 177.00 322 68
2009_004207 0.0831 1.00 1.00 500.00 361.00 18 105
2009_004207 0.0530 166.00 1.00 278.00 58.00 1 85
2009_004207 0.0802 270.00 1.00 337.00 55.00 322 94
2009_004207 0.0644 321.00 1.00 360.00 41.00 350 95
2009_004241 0.0790 270.00 1.00 500.00 207.00 337 79
2009_004241 0.0952 106.00 1.00 475.00 375.00 36 100
2009_004455 0.0789 97.00 68.00 292.00 306.00 5 111
2009_004455 0.0776 279.00 67.00 388.00 217.00 324 91
2009_004502 0.0635 51.00 106.00 415.00 292.00 2 87
2009_004738 0.0707 210.00 64.00 493.00 231.00 322 94
2009_004801 0.0843 277.00 145.00 361.00 220.00 38 110
2009_004845 0.0829 21.00 24.00 440.00 375.00 339 79
2009_004849 0.0639 168.00 45.00 433.00 180.00 248 77
2009_004857 0.0518 1.00 45.00 108.00 314.00 360 95
2009_004857 0.0858 45.00 30.00 408.00 500.00 355 92
2009_004868 0.0840 298.00 101.00 421.00 324.00 335 105
2009_004868 0.0954 89.00 101.00 250.00 297.00 349 86
2009_004987 0.0868 107.00 152.00 369.00 301.00 268 91
2009_005078 0.0718 121.00 125.00 368.00 264.00 350 95
2009_005086 0.0792 241.00 179.00 466.00 333.00 1 85
2010_000027 0.0949 3.00 68.00 351.00 474.00 360 95
2010_000027 0.0653 1.00 109.00 76.00 265.00 39 97
2010_000035 0.0798 14.00 6.00 486.00 317.00 0 93
2010_000087 0.0703 1.00 58.00 465.00 323.00 350 99
2010_000262 0.0772 26.00 84.00 100.00 191.00 358 94
2010_000262 0.0505 1.00 98.00 19.00 199.00 332 87
2010_000433 0.0879 31.00 32.00 257.00 324.00 352 94
2010_000510 0.0925 61.00 180.00 294.00 393.00 316 83
2010_000583 0.0891 44.00 14.00 427.00 363.00 318 83
2010_000695 0.0689 162.00 128.00 345.00 232.00 247 79
2010_000744 0.0696 24.00 41.00 469.00 318.00 320 92
2010_000829 0.0763 4.00 83.00 80.00 130.00 358 85
2010_000927 0.0895 17.00 9.00 477.00 340.00 351 98
2010_000929 0.0862 95.00 279.00 156.00 327.00 39 90
2010_001234 0.0784 1.00 1.00 422.00 269.00 350 95
2010_001251 0.0895 1.00 15.00 428.00 374.00 34 97
2010_001313 0.0990 18.00 158.00 146.00 330.00 0 79
2010_001553 0.0759 1.00 34.00 294.00 500.00 35 112
2010_001614 0.0750 70.00 98.00 271.00 463.00 4 107
2010_001828 0.0425 25.00 119.00 500.00 339.00 340 90
2010_001986 0.0812 237.00 161.00 280.00 211.00 0 93
2010_002128 0.0709 108.00 173.00 397.00 361.00 21 104
2010_002172 0.0725 2.00 9.00 500.00 322.00 331 87
2010_002251 0.0729 1.00 166.00 359.00 374.00 36 100
2010_002271 0.1022 34.00 10.00 439.00 368.00 332 107
2010_002396 0.0881 129.00 115.00 319.00 332.00 326 87
2010_002408 0.0955 44.00 98.00 295.00 436.00 39 90
2010_002629 0.0807 137.00 127.00 352.00 270.00 1 90
2010_002991 0.0914 193.00 303.00 415.00 492.00 349 98
2010_003200 0.0847 25.00 65.00 459.00 304.00 245 79
2010_003207 0.0845 24.00 96.00 226.00 359.00 360 96
2010_003303 0.0842 209.00 107.00 494.00 302.00 324 91
2010_003303 0.0958 48.00 119.00 272.00 354.00 18 110
2010_003314 0.0681 104.00 221.00 287.00 356.00 0 68
2010_003314 0.0713 226.00 213.00 365.00 348.00 29 103
2010_003316 0.0829 1.00 1.00 500.00 333.00 322 108
2010_003605 0.0952 49.00 5.00 457.00 333.00 320 92
2010_003695 0.0586 34.00 91.00 480.00 281.00 295 106
2010_003745 0.0810 69.00 57.00 472.00 325.00 0 94
2010_003745 0.0801 71.00 10.00 315.00 199.00 320 92
2010_003947 0.0599 11.00 48.00 490.00 301.00 265 93
2010_004042 0.0920 72.00 27.00 295.00 230.00 331 87
2010_004143 0.0907 5.00 3.00 469.00 375.00 41 118
2010_004219 0.0783 43.00 42.00 454.00 360.00 0 93
2010_004219 0.0665 1.00 27.00 242.00 227.00 318 119
2010_004219 0.0620 300.00 1.00 376.00 41.00 3 94
2010_004337 0.0670 347.00 219.00 389.00 287.00 347 67
2010_004355 0.0961 130.00 1.00 441.00 344.00 318 104
2010_004422 0.0793 53.00 7.00 456.00 292.00 1 90
2010_004624 0.0736 78.00 1.00 283.00 443.00 343 103
2010_004624 0.0469 1.00 105.00 62.00 273.00 0 79
2010_004697 0.0544 129.00 156.00 500.00 338.00 29 103
2010_004854 0.0528 173.00 65.00 315.00 135.00 327 101
2010_004894 0.0840 202.00 13.00 500.00 281.00 18 110
2010_004941 0.0985 22.00 115.00 310.00 474.00 0 94
2010_005136 0.0793 1.00 104.00 140.00 333.00 0 103
2010_005136 0.0826 20.00 1.00 499.00 333.00 322 108
2010_005136 0.0904 332.00 1.00 496.00 165.00 343 93
2010_005160 0.0895 98.00 147.00 306.00 334.00 319 87
2010_005160 0.0854 322.00 141.00 496.00 343.00 0 94
2010_005160 0.0628 45.00 111.00 115.00 273.00 322 97
2010_005252 0.0583 1.00 145.00 258.00 277.00 0 94
2010_005272 0.0808 40.00 1.00 499.00 331.00 318 104
2010_005346 0.0792 46.00 58.00 383.00 296.00 43 105
2010_005366 0.0665 44.00 108.00 493.00 343.00 253 68
2010_005433 0.0877 84.00 48.00 370.00 375.00 349 86
2010_005501 0.0860 107.00 117.00 353.00 289.00 322 90
2010_005501 0.0774 185.00 79.00 361.00 231.00 0 79
2010_005572 0.0771 53.00 13.00 298.00 477.00 43 105
2010_005620 0.0839 384.00 57.00 411.00 101.00 360 95
2010_005731 0.0793 38.00 33.00 463.00 316.00 287 86
2010_005849 0.0727 16.00 5.00 287.00 500.00 350 99
2010_005997 0.0783 295.00 116.00 340.00 166.00 5 111
2010_005997 0.0796 201.00 127.00 283.00 258.00 0 95
2010_005997 0.0592 400.00 144.00 500.00 375.00 318 104
2010_006051 0.0813 73.00 102.00 443.00 356.00 318 83
2011_000034 0.0913 76.00 13.00 483.00 333.00 29 106
2011_000060 0.0958 104.00 39.00 363.00 346.00 34 97
2011_000214 0.0833 231.00 181.00 322.00 299.00 324 94
2011_000214 0.0878 179.00 177.00 230.00 229.00 350 95
2011_000314 0.0826 115.00 120.00 477.00 417.00 44 109
2011_000314 0.0877 68.00 74.00 388.00 296.00 360 96
2011_000314 0.0835 30.00 96.00 193.00 277.00 35 112
2011_000315 0.0777 2.00 1.00 375.00 500.00 321 92
2011_000332 0.0903 155.00 99.00 383.00 313.00 43 106
2011_000332 0.0853 321.00 111.00 480.00 259.00 329 84
2011_000455 0.0465 76.00 186.00 475.00 333.00 358 94
2011_000487 0.0641 1.00 1.00 330.00 495.00 0 94
2011_000512 0.0945 91.00 6.00 431.00 368.00 34 97
2011_000512 0.0471 1.00 1.00 86.00 375.00 29 103
2011_000618 0.0928 16.00 112.00 374.00 375.00 5 111
2011_000770 0.0789 59.00 20.00 308.00 403.00 360 95
2011_000770 0.0796 185.00 333.00 257.00 383.00 329 84
2011_000927 0.0586 22.00 120.00 261.00 248.00 1 85
2011_001040 0.0755 40.00 1.00 495.00 272.00 339 79
2011_001203 0.0705 203.00 145.00 429.00 281.00 18 110
2011_001203 0.0715 121.00 128.00 317.00 255.00 15 87
2011_001203 0.0773 39.00 124.00 137.00 214.00 354 92
2011_001203 0.0858 334.00 118.00 426.00 190.00 322 108
2011_001266 0.0910 22.00 12.00 476.00 356.00 34 97
2011_001290 0.0893 55.00 46.00 375.00 311.00 0 94
2011_001311 0.0804 296.00 90.00 347.00 137.00 0 94
2011_001311 0.0822 103.00 84.00 147.00 139.00 350 95
2011_001508 0.0850 46.00 23.00 500.00 364.00 347 114
2011_001524 0.0926 2.00 14.00 292.00 346.00 337 79
2011_001876 0.0831 151.00 107.00 499.00 333.00 358 94
2011_002093 0.0909 1.00 105.00 377.00 500.00 40 107
2011_002093 0.0822 1.00 92.00 377.00 352.00 43 97
2011_002093 0.0537 1.00 52.00 321.00 187.00 305 114
2011_002093 0.0433 1.00 39.00 289.00 118.00 230 101
2011_002093 0.0439 1.00 1.00 275.00 93.00 307 106
2011_002102 0.0953 1.00 111.00 326.00 495.00 333 99
2011_002102 0.0680 1.00 1.00 208.00 124.00 352 82
2011_002116 0.0614 190.00 145.00 378.00 246.00 293 105
2011_002322 0.0881 206.00 151.00 383.00 357.00 20 91
2011_002357 0.0804 1.00 1.00 303.00 482.00 347 67
2011_002479 0.0888 1.00 1.00 471.00 339.00 15 99
2011_002479 0.0833 401.00 1.00 500.00 155.00 334 80
2011_002495 0.0515 1.00 195.00 41.00 324.00 340 90
2011_002760 0.0769 14.00 99.00 486.00 398.00 1 101
2011_002786 0.0894 74.00 1.00 383.00 319.00 43 106
2011_002796 0.0756 31.00 70.00 500.00 375.00 41 118
2011_002796 0.0510 1.00 110.00 79.00 334.00 5 101
2011_002796 0.0767 259.00 88.00 328.00 160.00 322 90
2011_002796 0.0510 379.00 86.00 448.00 204.00 15 87
2011_002796 0.0705 229.00 81.00 272.00 165.00 2 87
2011_003013 0.0753 96.00 101.00 374.00 284.00 21 104
2011_003019 0.0810 189.00 229.00 386.00 375.00 345 90
2011_003019 0.0420 87.00 342.00 193.00 375.00 322 92
2011_003027 0.0774 1.00 10.00 500.00 374.00 30 99
