2008_000007 0.0424 1.00 230.00 428.00 293.00 270 137
2008_000082 0.0629 23.00 186.00 140.00 246.00 34 90
2008_000120 0.0732 21.00 53.00 408.00 253.00 347 98
2008_000140 0.0687 241.00 255.00 375.00 467.00 14 97
2008_000140 0.0565 1.00 398.00 221.00 471.00 29 91
2008_000195 0.0583 236.00 206.00 339.00 282.00 338 93
2008_000195 0.0605 98.00 235.00 200.00 302.00 338 93
2008_000414 0.0704 1.00 87.00 385.00 313.00 20 94
2008_000414 0.0650 316.00 104.00 414.00 144.00 343 80
2008_000414 0.0655 1.00 90.00 230.00 227.00 0 90
2008_000423 0.0489 36.00 261.00 500.00 375.00 317 84
2008_000834 0.0588 67.00 193.00 495.00 242.00 329 87
2008_000957 0.0680 72.00 30.00 493.00 330.00 8 92
2008_001013 0.0805 14.00 75.00 373.00 500.00 0 95
2008_001040 0.0620 75.00 120.00 466.00 210.00 339 95
2008_001041 0.0646 133.00 37.00 332.00 319.00 0 94
2008_001041 0.0563 299.00 300.00 350.00 328.00 331 89
2008_001135 0.0570 124.00 147.00 449.00 212.00 348 84
2008_001136 0.0765 72.00 140.00 175.00 225.00 316 80
2008_001136 0.0743 209.00 139.00 323.00 223.00 36 108
2008_001136 0.0725 321.00 133.00 452.00 224.00 17 89
2008_001160 0.0616 42.00 80.00 500.00 174.00 330 96
2008_001160 0.0585 227.00 171.00 247.00 182.00 0 88
2008_001160 0.0587 322.00 167.00 342.00 176.00 337 92
2008_001160 0.0370 448.00 205.00 467.00 210.00 320 83
2008_001167 0.0635 50.00 53.00 74.00 71.00 0 95
2008_001167 0.0574 1.00 150.00 464.00 365.00 331 82
2008_001167 0.0463 77.00 282.00 351.00 365.00 332 86
2008_001260 0.0696 44.00 83.00 473.00 269.00 37 94
2008_001516 0.0550 49.00 1.00 442.00 333.00 355 89
2008_001575 0.0584 165.00 200.00 242.00 229.00 12 97
2008_001575 0.0739 238.00 99.00 378.00 226.00 320 83
2008_001580 0.0606 73.00 133.00 434.00 193.00 25 97
2008_001649 0.0693 1.00 141.00 268.00 500.00 325 86
2008_001799 0.0521 1.00 1.00 238.00 387.00 336 87
2008_001799 0.0612 130.00 1.00 375.00 263.00 0 85
2008_001823 0.0632 37.00 44.00 103.00 70.00 355 97
2008_001843 0.0694 340.00 208.00 488.00 281.00 11 98
2008_001843 0.0655 14.00 204.00 209.00 299.00 0 90
2008_001843 0.0581 225.00 215.00 266.00 229.00 326 86
2008_001858 0.0694 216.00 169.00 286.00 226.00 8 97
2008_001945 0.0678 178.00 176.00 228.00 221.00 0 90
2008_001987 0.0547 67.00 235.00 269.00 293.00 344 93
2008_001987 0.0650 123.00 204.00 201.00 254.00 6 88
2008_001987 0.0523 107.00 228.00 136.00 247.00 351 99
2008_002046 0.0782 1.00 1.00 500.00 367.00 355 89
2008_002194 0.0659 319.00 155.00 375.00 180.00 329 88
2008_002194 0.0664 274.00 153.00 321.00 174.00 1 85
2008_002194 0.0646 1.00 167.00 67.00 204.00 349 95
2008_002194 0.0466 390.00 152.00 411.00 159.00 241 108
2008_002250 0.0583 17.00 23.00 108.00 66.00 326 84
2008_002250 0.0777 340.00 55.00 417.00 100.00 30 91
2008_002250 0.0764 464.00 36.00 500.00 68.00 344 125
2008_002250 0.0598 1.00 85.00 500.00 375.00 1 103
2008_002492 0.0719 126.00 259.00 172.00 286.00 345 95
2008_002504 0.0542 13.00 172.00 478.00 292.00 17 90
2008_002610 0.0491 53.00 168.00 323.00 234.00 19 86
2008_002773 0.0601 31.00 271.00 150.00 308.00 316 84
2008_002773 0.0821 1.00 273.00 34.00 306.00 350 86
2008_002773 0.0670 162.00 275.00 238.00 308.00 29 97
2008_002773 0.0649 247.00 277.00 321.00 308.00 31 97
2008_002773 0.0709 312.00 274.00 386.00 309.00 10 96
2008_002773 0.0614 390.00 274.00 490.00 311.00 44 83
2008_003062 0.0681 1.00 1.00 500.00 334.00 357 87
2008_003100 0.0614 1.00 57.00 471.00 340.00 355 89
2008_003187 0.0612 184.00 91.00 280.00 223.00 17 87
2008_003187 0.0432 41.00 173.00 59.00 211.00 351 86
2008_003402 0.0601 92.00 180.00 200.00 228.00 350 91
2008_003449 0.0615 113.00 206.00 316.00 375.00 8 92
2008_003449 0.0713 340.00 95.00 393.00 146.00 351 89
2008_003449 0.0657 390.00 121.00 425.00 149.00 321 93
2008_003449 0.0739 286.00 90.00 343.00 128.00 44 85
2008_003449 0.0746 427.00 167.00 500.00 257.00 345 99
2008_003449 0.0644 64.00 107.00 122.00 135.00 353 92
2008_003449 0.0584 477.00 111.00 500.00 148.00 351 89
2008_003449 0.0685 89.00 97.00 363.00 244.00 351 87
2008_003840 0.0780 386.00 151.00 407.00 179.00 0 89
2008_003840 0.0692 331.00 146.00 348.00 173.00 357 87
2008_003840 0.0649 278.00 156.00 298.00 175.00 318 91
2008_003840 0.0558 6.00 166.00 63.00 190.00 322 111
2008_003840 0.0491 101.00 161.00 142.00 177.00 0 97
2008_003840 0.0766 1.00 1.00 413.00 375.00 355 89
2008_003858 0.0670 5.00 99.00 500.00 283.00 39 94
2008_003886 0.0656 90.00 114.00 459.00 219.00 316 84
2008_003951 0.0521 320.00 92.00 391.00 122.00 326 88
2008_003988 0.0617 106.00 146.00 160.00 167.00 337 85
2008_003988 0.0610 320.00 288.00 379.00 364.00 316 80
2008_003988 0.0574 1.00 173.00 48.00 189.00 13 92
2008_003989 0.0600 136.00 109.00 381.00 271.00 341 84
2008_004124 0.0718 80.00 1.00 466.00 250.00 0 93
2008_004242 0.0623 35.00 22.00 427.00 179.00 22 88
2008_004469 0.0612 19.00 175.00 146.00 228.00 334 89
2008_004469 0.0623 115.00 179.00 213.00 217.00 327 94
2008_004469 0.0637 209.00 187.00 243.00 210.00 331 107
2008_004469 0.0664 242.00 193.00 275.00 209.00 8 93
2008_004469 0.0478 352.00 193.00 378.00 203.00 326 88
2008_004716 0.0682 248.00 69.00 405.00 263.00 325 86
2008_004718 0.0709 27.00 26.00 333.00 398.00 349 92
2008_004812 0.0561 235.00 183.00 262.00 204.00 316 80
2008_004812 0.0701 240.00 193.00 379.00 307.00 351 89
2008_004812 0.0815 492.00 203.00 500.00 212.00 323 92
2008_004904 0.0746 1.00 1.00 401.00 355.00 22 88
2008_004907 0.0335 423.00 88.00 443.00 140.00 30 88
2008_004907 0.0281 275.00 96.00 288.00 140.00 340 94
2008_004907 0.0384 170.00 105.00 185.00 135.00 0 95
2008_004921 0.0390 1.00 1.00 144.00 314.00 325 86
2008_004921 0.0640 142.00 230.00 259.00 318.00 23 90
2008_004921 0.0730 244.00 1.00 500.00 331.00 327 94
2008_004921 0.0318 240.00 156.00 258.00 253.00 39 94
2008_004921 0.0273 172.00 191.00 183.00 233.00 8 90
2008_004921 0.0223 185.00 205.00 194.00 233.00 0 90
2008_004921 0.0386 370.00 213.00 395.00 252.00 316 80
2008_005043 0.0789 10.00 120.00 66.00 149.00 18 88
2008_005063 0.0598 257.00 28.00 315.00 46.00 321 93
2008_005063 0.0482 1.00 187.00 500.00 375.00 24 93
2008_005117 0.0450 151.00 46.00 176.00 84.00 0 89
2008_005156 0.0598 1.00 186.00 500.00 224.00 21 92
2008_005244 0.0742 1.00 1.00 375.00 500.00 340 94
2008_005261 0.0467 103.00 201.00 130.00 245.00 355 89
2008_005261 0.0581 178.00 210.00 261.00 242.00 323 92
2008_005261 0.0441 378.00 188.00 412.00 210.00 20 88
2008_005359 0.0556 21.00 187.00 158.00 211.00 257 92
2008_005398 0.0605 170.00 131.00 337.00 193.00 340 87
2008_005504 0.0420 369.00 89.00 459.00 285.00 37 83
2008_005504 0.0373 276.00 115.00 346.00 288.00 30 88
2008_005504 0.0429 24.00 141.00 138.00 342.00 320 95
2008_005530 0.0634 131.00 223.00 161.00 271.00 327 94
2008_005530 0.0538 224.00 231.00 243.00 260.00 345 95
2008_005530 0.0512 256.00 229.00 270.00 251.00 325 86
2008_005530 0.0604 340.00 217.00 369.00 255.00 323 92
2008_005530 0.0667 454.00 224.00 486.00 259.00 20 88
2008_005530 0.0496 432.00 227.00 474.00 239.00 323 93
2008_005628 0.0626 32.00 1.00 199.00 257.00 0 89
2008_005664 0.0657 195.00 225.00 330.00 240.00 253 98
2008_005695 0.0724 99.00 46.00 398.00 266.00 0 89
2008_005720 0.0562 36.00 119.00 500.00 328.00 0 97
2008_005764 0.0574 160.00 178.00 302.00 214.00 24 93
2008_005863 0.0761 1.00 1.00 474.00 372.00 319 88
2008_005863 0.0719 382.00 249.00 401.00 267.00 325 86
2008_005863 0.0341 412.00 224.00 428.00 266.00 317 91
2008_006021 0.0743 198.00 187.00 278.00 245.00 13 92
2008_006094 0.0680 1.00 65.00 439.00 333.00 340 94
2008_006094 0.0596 315.00 18.00 393.00 35.00 6 88
2008_006163 0.0650 225.00 290.00 265.00 341.00 316 80
2008_006163 0.0500 180.00 329.00 203.00 337.00 8 89
2008_006185 0.0786 1.00 178.00 141.00 269.00 348 93
2008_006185 0.0518 416.00 99.00 484.00 121.00 12 97
2008_006229 0.0805 184.00 30.00 391.00 297.00 316 80
2008_006407 0.0639 1.00 106.00 426.00 306.00 351 87
2008_006407 0.0553 399.00 169.00 459.00 187.00 332 85
2008_006487 0.0519 1.00 42.00 170.00 278.00 316 80
2008_006489 0.0454 436.00 64.00 489.00 158.00 0 95
2008_006489 0.0476 384.00 75.00 435.00 160.00 0 90
2008_006489 0.0627 183.00 66.00 252.00 158.00 8 92
2008_006489 0.0547 98.00 88.00 143.00 151.00 0 94
2008_006489 0.0455 2.00 95.00 31.00 150.00 11 87
2008_006489 0.0542 234.00 105.00 269.00 147.00 353 88
2008_006489 0.0497 330.00 103.00 356.00 144.00 320 83
2008_006489 0.0451 299.00 111.00 320.00 146.00 0 95
2008_006489 0.0328 198.00 84.00 226.00 146.00 355 89
2008_006489 0.0442 133.00 103.00 160.00 147.00 355 89
2008_006489 0.0490 165.00 136.00 197.00 145.00 1 90
2008_006489 0.0593 362.00 93.00 406.00 153.00 352 88
2008_006489 0.0467 353.00 93.00 387.00 151.00 325 86
2008_006489 0.0510 465.00 103.00 498.00 147.00 316 80
2008_006747 0.0369 81.00 180.00 91.00 198.00 131 89
2008_006747 0.0604 114.00 186.00 134.00 199.00 16 94
2008_006747 0.0497 241.00 180.00 252.00 196.00 337 90
2008_006747 0.0585 218.00 152.00 253.00 200.00 0 91
2008_006824 0.0581 52.00 137.00 383.00 198.00 15 96
2008_006824 0.0656 279.00 19.00 457.00 51.00 286 88
2008_006825 0.0561 23.00 130.00 423.00 168.00 42 91
2008_006831 0.0887 184.00 19.00 488.00 256.00 316 80
2008_006833 0.0707 427.00 142.00 492.00 183.00 44 83
2008_006833 0.0831 296.00 97.00 450.00 223.00 326 88
2008_006833 0.0629 297.00 144.00 330.00 183.00 3 85
2008_006833 0.0823 1.00 1.00 308.00 298.00 320 83
2008_006925 0.0797 1.00 4.00 169.00 118.00 323 92
2008_006949 0.0635 56.00 1.00 93.00 18.00 338 93
2008_006949 0.0549 91.00 1.00 287.00 68.00 31 96
2008_006949 0.0504 54.00 124.00 210.00 175.00 340 94
2008_007056 0.0707 428.00 190.00 500.00 238.00 28 92
2008_007056 0.0626 71.00 165.00 429.00 214.00 12 94
2008_007143 0.0543 42.00 156.00 363.00 205.00 13 92
2008_007143 0.0639 398.00 160.00 466.00 204.00 355 97
2008_007305 0.0587 145.00 311.00 224.00 322.00 30 91
2008_007305 0.0736 71.00 238.00 208.00 308.00 37 87
2008_007305 0.0528 93.00 249.00 159.00 266.00 18 88
2008_007305 0.0640 190.00 264.00 228.00 284.00 355 86
2008_007305 0.0594 351.00 223.00 392.00 299.00 35 91
2008_007305 0.0522 320.00 240.00 370.00 267.00 331 88
2008_007441 0.0618 15.00 122.00 484.00 248.00 327 99
2008_007574 0.0402 71.00 176.00 108.00 249.00 313 94
2008_007574 0.0365 190.00 24.00 288.00 317.00 336 85
2008_007599 0.0733 46.00 90.00 424.00 279.00 21 87
2008_007643 0.0615 1.00 349.00 375.00 498.00 24 93
2008_007643 0.0502 45.00 294.00 375.00 397.00 319 97
2008_007643 0.0567 79.00 201.00 375.00 297.00 21 120
2008_007643 0.0529 114.00 69.00 255.00 112.00 331 82
2008_007643 0.0489 125.00 89.00 209.00 117.00 325 98
2008_007643 0.0664 268.00 122.00 375.00 175.00 345 95
2008_007643 0.0676 301.00 70.00 375.00 147.00 340 94
2008_007643 0.0778 118.00 119.00 175.00 159.00 323 99
2008_007643 0.0708 1.00 95.00 57.00 149.00 0 92
2008_007643 0.0691 48.00 73.00 125.00 129.00 351 86
2008_007643 0.0608 30.00 111.00 88.00 136.00 340 94
2008_007841 0.0715 1.00 81.00 62.00 124.00 352 90
2008_007841 0.0578 368.00 89.00 448.00 179.00 325 86
2008_007841 0.0603 1.00 120.00 448.00 336.00 37 87
2008_007884 0.0685 334.00 163.00 424.00 203.00 42 91
2008_007884 0.0579 34.00 139.00 397.00 222.00 15 95
2008_007884 0.0554 401.00 117.00 500.00 156.00 22 92
2008_007966 0.0726 1.00 134.00 94.00 236.00 350 86
2008_007966 0.0675 72.00 124.00 107.00 148.00 342 98
2008_008235 0.0594 148.00 103.00 382.00 158.00 338 92
2008_008235 0.0542 108.00 108.00 190.00 127.00 340 94
2009_000009 0.0572 203.00 159.00 227.00 197.00 357 89
2009_000009 0.0504 265.00 178.00 289.00 189.00 39 94
2009_000093 0.0648 1.00 27.00 450.00 282.00 42 91
2009_000305 0.0676 1.00 232.00 500.00 332.00 16 94
2009_000308 0.0611 126.00 112.00 170.00 163.00 352 89
2009_000378 0.0629 1.00 30.00 500.00 375.00 332 84
2009_000421 0.0727 243.00 145.00 360.00 225.00 321 110
2009_000446 0.0691 44.00 39.00 271.00 327.00 329 91
2009_000469 0.0831 55.00 35.00 349.00 293.00 337 90
2009_000469 0.0879 1.00 53.00 239.00 291.00 349 89
2009_000516 0.0774 155.00 41.00 351.00 232.00 13 92
2009_000516 0.0849 135.00 77.00 169.00 105.00 0 91
2009_000516 0.0713 17.00 71.00 58.00 99.00 23 87
2009_000608 0.0694 217.00 251.00 270.00 293.00 3 85
2009_000723 0.0686 73.00 2.00 465.00 244.00 21 92
2009_000828 0.0824 174.00 109.00 441.00 272.00 316 80
2009_000829 0.0518 179.00 222.00 416.00 293.00 10 93
2009_000829 0.0604 410.00 236.00 470.00 266.00 334 89
2009_000829 0.0408 436.00 103.00 500.00 256.00 0 90
2009_000829 0.0423 3.00 234.00 75.00 258.00 316 84
2009_000830 0.0768 101.00 23.00 387.00 299.00 316 80
2009_000919 0.0573 105.00 189.00 223.00 221.00 248 92
2009_001289 0.0353 125.00 52.00 206.00 370.00 8 90
2009_001406 0.0672 1.00 130.00 208.00 240.00 323 92
2009_001407 0.0544 41.00 18.00 304.00 415.00 316 80
2009_001723 0.0740 146.00 171.00 215.00 214.00 318 91
2009_001794 0.0586 23.00 104.00 171.00 307.00 32 90
2009_001794 0.0573 234.00 109.00 368.00 331.00 10 91
2009_001794 0.0617 232.00 59.00 392.00 100.00 40 82
2009_001794 0.0545 1.00 135.00 40.00 209.00 317 91
2009_001794 0.0325 461.00 120.00 500.00 254.00 0 91
2009_001794 0.0472 368.00 120.00 483.00 360.00 318 92
2009_001941 0.0729 234.00 76.00 500.00 236.00 327 76
2009_001941 0.0775 102.00 74.00 381.00 271.00 12 97
2009_001941 0.0759 1.00 83.00 162.00 294.00 351 94
2009_001949 0.0714 7.00 210.00 488.00 273.00 42 91
2009_002127 0.0774 13.00 30.00 334.00 472.00 25 84
2009_002136 0.0542 98.00 192.00 168.00 216.00 10 93
2009_002205 0.0465 456.00 218.00 500.00 251.00 338 93
2009_002205 0.0401 386.00 222.00 472.00 253.00 0 90
2009_002205 0.0414 354.00 223.00 393.00 253.00 326 88
2009_002306 0.0522 35.00 195.00 444.00 293.00 23 96
2009_002308 0.0635 1.00 268.00 357.00 500.00 32 90
2009_002449 0.0644 231.00 120.00 280.00 163.00 1 85
2009_002449 0.0708 99.00 44.00 315.00 285.00 0 95
2009_002453 0.0514 140.00 235.00 200.00 247.00 339 95
2009_002591 0.0808 313.00 236.00 403.00 293.00 16 94
2009_002727 0.0668 354.00 192.00 462.00 241.00 28 92
2009_002727 0.0577 278.00 187.00 416.00 237.00 27 91
2009_002778 0.0552 133.00 172.00 291.00 214.00 37 95
2009_002778 0.0514 199.00 79.00 293.00 111.00 329 91
2009_002830 0.0618 30.00 64.00 451.00 238.00 39 86
2009_003010 0.0661 127.00 1.00 309.00 281.00 0 95
2009_003043 0.0359 208.00 188.00 230.00 271.00 8 90
2009_003043 0.0571 47.00 55.00 231.00 331.00 0 94
2009_003043 0.0556 43.00 200.00 74.00 263.00 317 91
2009_003080 0.0741 112.00 177.00 323.00 378.00 13 92
2009_003084 0.0529 172.00 60.00 308.00 261.00 337 90
2009_003136 0.0695 1.00 39.00 489.00 282.00 1 90
2009_003136 0.0585 47.00 297.00 236.00 350.00 0 91
2009_003150 0.0698 1.00 1.00 500.00 331.00 21 92
2009_003247 0.0633 373.00 189.00 492.00 209.00 240 96
2009_003247 0.0645 181.00 129.00 367.00 209.00 44 83
2009_003247 0.0630 275.00 103.00 352.00 148.00 318 92
2009_003247 0.0672 20.00 156.00 200.00 214.00 304 95
2009_003247 0.0551 17.00 137.00 58.00 149.00 316 98
2009_003284 0.0553 81.00 6.00 452.00 307.00 320 83
2009_003351 0.0714 24.00 81.00 500.00 317.00 21 93
2009_003400 0.0785 256.00 78.00 356.00 207.00 354 92
2009_003400 0.0766 327.00 94.00 422.00 197.00 341 84
2009_003400 0.0725 90.00 63.00 266.00 223.00 346 89
2009_003400 0.0808 3.00 79.00 191.00 228.00 15 95
2009_003400 0.0753 1.00 73.00 98.00 199.00 337 90
2009_003462 0.0564 16.00 193.00 101.00 215.00 33 91
2009_003462 0.0642 101.00 206.00 132.00 219.00 332 85
2009_003504 0.0736 1.00 209.00 112.00 267.00 19 86
2009_003504 0.0689 60.00 149.00 406.00 298.00 40 88
2009_003707 0.0846 1.00 187.00 116.00 252.00 34 86
2009_003936 0.0793 149.00 133.00 309.00 252.00 0 91
2009_004034 0.0775 133.00 135.00 197.00 191.00 336 88
2009_004125 0.0586 42.00 143.00 307.00 263.00 340 94
2009_004148 0.0560 1.00 285.00 334.00 429.00 19 92
2009_004166 0.0803 25.00 1.00 442.00 292.00 31 84
2009_004166 0.0487 13.00 153.00 44.00 162.00 321 80
2009_004166 0.0562 42.00 152.00 59.00 161.00 14 102
2009_004166 0.0568 291.00 156.00 343.00 169.00 34 86
2009_004166 0.0609 211.00 150.00 282.00 168.00 334 89
2009_004224 0.0708 29.00 85.00 62.00 102.00 337 90
2009_004224 0.0563 405.00 83.00 465.00 107.00 13 92
2009_004273 0.0531 6.00 26.00 500.00 306.00 39 86
2009_004524 0.0708 44.00 85.00 500.00 334.00 21 93
2009_004635 0.0615 37.00 183.00 70.00 199.00 343 90
2009_004635 0.0536 255.00 219.00 349.00 241.00 306 98
2009_004635 0.0630 361.00 173.00 431.00 203.00 13 92
2009_004780 0.0466 256.00 144.00 388.00 179.00 327 99
2009_004780 0.0542 375.00 149.00 490.00 183.00 13 92
2009_004930 0.0617 381.00 181.00 460.00 260.00 345 99
2009_005239 0.0558 357.00 95.00 463.00 280.00 321 80
2009_005239 0.0493 29.00 55.00 146.00 282.00 329 88
2009_005239 0.0544 90.00 105.00 177.00 265.00 21 93
2009_005268 0.0670 48.00 412.00 86.00 457.00 2 93
2010_000024 0.0585 168.00 72.00 461.00 234.00 326 79
2010_000024 0.0661 1.00 160.00 169.00 235.00 319 92
2010_000084 0.0530 101.00 116.00 347.00 235.00 23 87
2010_000145 0.0519 10.00 220.00 357.00 283.00 334 85
2010_000272 0.0578 40.00 46.00 468.00 158.00 16 98
2010_000382 0.0655 1.00 95.00 342.00 291.00 320 83
2010_000559 0.0358 1.00 179.00 296.00 281.00 319 92
2010_000679 0.0611 79.00 113.00 161.00 169.00 336 85
2010_000729 0.0806 279.00 163.00 359.00 233.00 351 89
2010_000729 0.0349 245.00 222.00 287.00 247.00 341 84
2010_000729 0.0259 1.00 217.00 72.00 243.00 338 93
2010_000906 0.0732 159.00 99.00 364.00 263.00 325 86
2010_001036 0.0630 162.00 169.00 363.00 279.00 326 79
2010_001109 0.0737 110.00 264.00 160.00 291.00 332 85
2010_001164 0.0660 427.00 167.00 500.00 218.00 336 83
2010_001164 0.0703 304.00 193.00 325.00 207.00 323 92
2010_001357 0.0492 249.00 196.00 422.00 236.00 21 92
2010_001501 0.0657 59.00 210.00 335.00 461.00 33 103
2010_001525 0.0739 312.00 87.00 470.00 222.00 28 92
2010_001525 0.0698 282.00 126.00 383.00 194.00 31 94
2010_001525 0.0626 52.00 193.00 229.00 274.00 321 96
2010_001535 0.0552 351.00 82.00 430.00 120.00 36 88
2010_001691 0.0382 145.00 97.00 174.00 200.00 37 83
2010_001749 0.0657 1.00 124.00 500.00 375.00 319 94
2010_001916 0.0713 160.00 102.00 242.00 172.00 326 79
2010_001967 0.0522 248.00 1.00 456.00 319.00 316 80
2010_001967 0.0636 45.00 274.00 122.00 312.00 17 88
2010_002117 0.0655 27.00 22.00 337.00 429.00 337 90
2010_002150 0.0433 231.00 192.00 446.00 261.00 39 100
2010_002315 0.0866 34.00 1.00 441.00 318.00 27 91
2010_002321 0.0732 86.00 163.00 258.00 256.00 343 85
2010_002321 0.0718 136.00 115.00 295.00 210.00 17 87
2010_002321 0.0781 295.00 150.00 449.00 243.00 356 93
2010_002546 0.0585 59.00 50.00 173.00 74.00 44 83
2010_002546 0.0414 27.00 48.00 77.00 60.00 320 95
2010_002565 0.0796 39.00 1.00 408.00 288.00 356 90
2010_002780 0.0630 116.00 46.00 438.00 281.00 351 89
2010_002940 0.0416 145.00 186.00 217.00 203.00 22 88
2010_003103 0.0752 189.00 1.00 283.00 120.00 0 94
2010_003107 0.0783 1.00 1.00 368.00 283.00 0 95
2010_003156 0.0685 342.00 217.00 419.00 233.00 42 91
2010_003260 0.0713 309.00 157.00 373.00 243.00 316 80
2010_003260 0.0681 338.00 236.00 367.00 255.00 15 95
2010_003260 0.0839 104.00 316.00 327.00 500.00 3 88
2010_003508 0.0750 121.00 109.00 309.00 271.00 358 101
2010_003547 0.0522 163.00 161.00 500.00 259.00 10 93
2010_003640 0.0841 14.00 49.00 332.00 473.00 0 94
2010_003679 0.0652 260.00 132.00 473.00 229.00 36 92
2010_003679 0.0693 220.00 139.00 334.00 226.00 343 85
2010_003679 0.0496 25.00 109.00 285.00 207.00 31 89
2010_003757 0.0641 46.00 2.00 500.00 333.00 0 94
2010_003757 0.0504 178.00 67.00 253.00 92.00 340 94
2010_003848 0.0775 254.00 252.00 322.00 301.00 2 93
2010_003878 0.0618 12.00 229.00 406.00 303.00 17 87
2010_004006 0.0683 158.00 30.00 477.00 226.00 326 88
2010_004041 0.0829 367.00 123.00 495.00 244.00 358 101
2010_004041 0.0719 240.00 127.00 393.00 233.00 11 89
2010_004041 0.0857 123.00 128.00 261.00 215.00 325 86
2010_004041 0.0668 1.00 134.00 164.00 222.00 335 85
2010_004124 0.0471 121.00 128.00 375.00 217.00 346 98
2010_004208 0.0521 229.00 105.00 326.00 258.00 6 86
2010_004253 0.0539 13.00 92.00 431.00 229.00 24 93
2010_004486 0.0634 35.00 214.00 98.00 239.00 39 94
2010_004486 0.0680 168.00 225.00 203.00 242.00 333 88
2010_004486 0.0584 360.00 215.00 457.00 240.00 25 97
2010_004486 0.0571 252.00 228.00 279.00 242.00 340 94
2010_004567 0.0537 38.00 244.00 437.00 309.00 34 86
2010_004662 0.0541 1.00 176.00 500.00 375.00 15 95
2010_004714 0.0509 237.00 198.00 453.00 245.00 331 88
2010_004714 0.0601 216.00 196.00 365.00 230.00 37 94
2010_004714 0.0600 179.00 194.00 319.00 216.00 321 80
2010_004714 0.0554 152.00 189.00 287.00 208.00 326 86
2010_004772 0.0769 47.00 1.00 500.00 333.00 3 88
2010_005192 0.0499 18.00 128.00 500.00 306.00 242 141
2010_005252 0.0822 352.00 187.00 495.00 353.00 359 105
2010_005332 0.0491 1.00 1.00 121.00 267.00 325 86
2010_005332 0.0653 100.00 1.00 372.00 415.00 11 88
2010_005401 0.0651 1.00 1.00 499.00 263.00 31 94
2010_005705 0.0653 74.00 197.00 190.00 373.00 17 87
2010_005705 0.0589 154.00 189.00 258.00 375.00 34 84
2010_005780 0.0701 181.00 142.00 444.00 277.00 337 90
2011_000086 0.0426 11.00 57.00 146.00 105.00 325 92
2011_000130 0.0530 396.00 145.00 500.00 213.00 17 89
2011_000130 0.0595 18.00 176.00 143.00 203.00 356 96
2011_000161 0.0678 255.00 213.00 275.00 227.00 0 89
2011_000161 0.0688 207.00 246.00 254.00 304.00 30 91
2011_000161 0.0661 72.00 245.00 117.00 301.00 338 93
2011_000234 0.0441 55.00 60.00 290.00 456.00 351 94
2011_000234 0.0309 316.00 339.00 334.00 400.00 341 84
2011_000238 0.0596 59.00 250.00 347.00 454.00 323 114
2011_000273 0.0618 198.00 189.00 313.00 251.00 31 97
2011_000435 0.0588 410.00 1.00 500.00 130.00 10 90
2011_000435 0.0778 352.00 62.00 413.00 95.00 326 79
2011_000435 0.0818 71.00 1.00 500.00 375.00 343 80
2011_000683 0.0498 352.00 299.00 474.00 351.00 340 94
2011_000683 0.0516 2.00 230.00 275.00 282.00 10 93
2011_000744 0.0666 257.00 8.00 334.00 87.00 316 98
2011_000744 0.0699 209.00 166.00 300.00 262.00 10 96
2011_000744 0.0634 271.00 241.00 358.00 330.00 29 91
2011_000744 0.0677 295.00 154.00 375.00 246.00 335 88
2011_000744 0.0383 347.00 277.00 375.00 340.00 358 98
2011_000744 0.0489 322.00 357.00 375.00 448.00 344 91
2011_000749 0.0614 148.00 14.00 335.00 325.00 22 92
2011_000986 0.0513 201.00 131.00 464.00 190.00 356 96
2011_000986 0.0503 196.00 109.00 358.00 132.00 317 90
2011_001029 0.0658 11.00 315.00 146.00 395.00 321 110
2011_001160 0.0678 1.00 1.00 256.00 263.00 13 92
2011_001161 0.0665 175.00 147.00 262.00 261.00 334 100
2011_001221 0.0554 278.00 315.00 425.00 367.00 31 93
2011_001252 0.0390 125.00 23.00 190.00 281.00 325 86
2011_001252 0.0693 62.00 126.00 92.00 167.00 5 87
2011_001252 0.0302 127.00 271.00 195.00 484.00 32 90
2011_001589 0.0592 137.00 117.00 344.00 173.00 39 86
2011_001589 0.0598 447.00 157.00 498.00 178.00 23 87
2011_001589 0.0655 67.00 162.00 85.00 176.00 351 89
2011_001591 0.0762 372.00 131.00 444.00 199.00 327 94
2011_001592 0.0709 1.00 2.00 434.00 319.00 326 88
2011_001613 0.0652 216.00 106.00 293.00 186.00 0 90
2011_001693 0.0713 140.00 90.00 185.00 126.00 17 87
2011_001693 0.0646 97.00 99.00 132.00 116.00 32 90
2011_001771 0.0718 102.00 101.00 382.00 316.00 326 79
2011_001793 0.0581 474.00 300.00 484.00 315.00 345 99
2011_001793 0.0677 2.00 2.00 439.00 342.00 0 94
2011_001793 0.0670 194.00 302.00 248.00 323.00 6 86
2011_002036 0.0613 142.00 155.00 316.00 214.00 270 90
2011_002459 0.0582 68.00 196.00 166.00 235.00 316 84
2011_002459 0.0613 166.00 168.00 366.00 246.00 10 93
2011_002490 0.0446 1.00 187.00 500.00 375.00 21 120
2011_002519 0.0581 207.00 164.00 255.00 196.00 20 94
2011_002519 0.0562 419.00 170.00 499.00 192.00 35 104
2011_002558 0.0587 296.00 212.00 358.00 297.00 312 94
2011_002578 0.0777 432.00 61.00 500.00 131.00 351 89
2011_002588 0.0709 42.00 1.00 500.00 375.00 351 89
2011_002740 0.0566 306.00 138.00 380.00 165.00 36 99
2011_002740 0.0506 341.00 212.00 472.00 248.00 44 83
2011_002740 0.0363 202.00 107.00 247.00 122.00 15 95
2011_002740 0.0661 422.00 34.00 469.00 100.00 0 89
2011_002740 0.0730 67.00 100.00 95.00 117.00 17 87
2011_002740 0.0613 344.00 85.00 373.00 104.00 31 93
2011_002740 0.0629 35.00 90.00 60.00 119.00 31 93
2011_002740 0.0618 183.00 100.00 215.00 116.00 38 95
2011_002740 0.0544 403.00 85.00 428.00 99.00 34 90
2011_002740 0.0540 274.00 206.00 427.00 237.00 287 99
2011_002740 0.0457 331.00 254.00 438.00 315.00 18 88
2011_002740 0.0354 192.00 236.00 342.00 280.00 338 93
2011_002740 0.0366 85.00 234.00 336.00 301.00 90 95
2011_002740 0.0600 1.00 221.00 64.00 295.00 351 89
2011_002740 0.0593 1.00 216.00 158.00 281.00 31 93
2011_002740 0.0410 338.00 250.00 500.00 305.00 25 84
2011_002754 0.0614 286.00 28.00 377.00 171.00 322 94
2011_002854 0.0667 166.00 273.00 236.00 321.00 0 94
2011_002854 0.0497 84.00 295.00 162.00 321.00 333 92
2011_002854 0.0694 454.00 288.00 500.00 316.00 14 90
2011_002871 0.0552 173.00 95.00 464.00 177.00 325 92
2011_002871 0.0553 44.00 88.00 265.00 156.00 34 86
2011_002943 0.0653 103.00 110.00 393.00 220.00 35 99
2011_002975 0.0762 125.00 237.00 279.00 346.00 322 111
2011_002975 0.0600 274.00 289.00 324.00 310.00 15 95
2011_002975 0.0410 1.00 206.00 43.00 310.00 351 89
2011_002975 0.0655 29.00 117.00 352.00 245.00 0 92
2011_002975 0.0607 412.00 283.00 464.00 304.00 43 36
2011_002975 0.0781 112.00 259.00 173.00 306.00 37 76
2011_002975 0.0751 263.00 228.00 311.00 278.00 12 89
2011_002975 0.0696 317.00 254.00 365.00 275.00 14 90
2011_002975 0.0628 301.00 234.00 356.00 257.00 333 92
2011_002975 0.0536 364.00 279.00 418.00 300.00 29 91
2011_002975 0.0587 462.00 278.00 500.00 296.00 348 84
2011_003115 0.0580 102.00 221.00 393.00 256.00 353 92
2011_003232 0.0728 1.00 1.00 367.00 375.00 332 85
