2008_000003 0.2011 46.00 11.00 500.00 333.00 20 92
2008_000190 0.1653 1.00 138.00 251.00 167.00 28 89
2008_000373 0.1832 1.00 1.00 500.00 303.00 36 88
2008_000657 0.1943 58.00 99.00 341.00 333.00 7 86
2008_000916 0.1974 75.00 84.00 408.00 351.00 0 91
2008_001114 0.1975 148.00 24.00 442.00 331.00 12 90
2008_001236 0.1541 259.00 88.00 310.00 111.00 345 96
2008_001625 0.1932 1.00 1.00 499.00 300.00 14 87
2008_001850 0.1472 1.00 28.00 500.00 334.00 6 88
2008_001905 0.1598 1.00 108.00 255.00 373.00 19 87
2008_002158 0.1874 90.00 29.00 356.00 292.00 5 85
2008_002193 0.1931 109.00 1.00 500.00 239.00 4 95
2008_002222 0.1614 160.00 88.00 346.00 275.00 4 86
2008_002452 0.1227 136.00 4.00 251.00 106.00 356 88
2008_002452 0.1320 285.00 36.00 500.00 72.00 343 86
2008_002900 0.0885 156.00 1.00 331.00 439.00 357 86
2008_002965 0.1494 86.00 161.00 472.00 257.00 346 96
2008_003105 0.1757 76.00 94.00 456.00 311.00 339 86
2008_003263 0.1653 113.00 96.00 406.00 272.00 20 89
2008_003263 0.1897 1.00 72.00 173.00 254.00 348 101
2008_003737 0.1722 44.00 151.00 110.00 192.00 351 85
2008_003826 0.1790 67.00 166.00 209.00 271.00 18 88
2008_003826 0.2005 213.00 134.00 406.00 268.00 11 96
2008_004212 0.1523 165.00 149.00 446.00 275.00 18 88
2008_004214 0.1970 133.00 1.00 500.00 375.00 7 86
2008_004357 0.1751 188.00 148.00 290.00 231.00 15 90
2008_004367 0.1576 1.00 89.00 500.00 289.00 346 88
2008_004367 0.1946 136.00 85.00 351.00 291.00 3 90
2008_004610 0.2237 61.00 50.00 411.00 298.00 20 89
2008_004852 0.1493 1.00 195.00 322.00 230.00 14 90
2008_004852 0.1275 358.00 208.00 426.00 230.00 325 90
2008_004852 0.1384 1.00 215.00 318.00 267.00 32 100
2008_005085 0.1549 1.00 36.00 500.00 314.00 0 91
2008_005185 0.1748 66.00 181.00 375.00 500.00 1 89
2008_005282 0.1086 304.00 1.00 500.00 375.00 4 89
2008_005282 0.1615 1.00 59.00 257.00 273.00 5 94
2008_005446 0.1944 78.00 91.00 389.00 284.00 17 92
2008_005544 0.1074 337.00 47.00 500.00 324.00 3 86
2008_005763 0.1765 40.00 83.00 399.00 245.00 352 89
2008_005801 0.1661 1.00 40.00 500.00 325.00 350 89
2008_005825 0.1868 1.00 1.00 460.00 375.00 342 88
2008_006010 0.1332 83.00 223.00 188.00 415.00 344 90
2008_006010 0.1666 105.00 152.00 133.00 188.00 13 88
2008_006055 0.1893 29.00 50.00 434.00 246.00 9 90
2008_006368 0.1402 1.00 1.00 317.00 333.00 6 90
2008_006523 0.1938 70.00 1.00 500.00 375.00 329 90
2008_006553 0.1868 76.00 50.00 345.00 297.00 339 82
2008_006752 0.1971 1.00 137.00 300.00 313.00 342 88
2008_006849 0.0813 1.00 1.00 103.00 375.00 338 89
2008_006900 0.1838 1.00 1.00 486.00 340.00 9 89
2008_007084 0.1745 1.00 88.00 333.00 500.00 354 91
2008_007105 0.1674 1.00 45.00 472.00 295.00 16 100
2008_007189 0.1482 257.00 144.00 364.00 194.00 8 100
2008_007231 0.1475 1.00 259.00 365.00 500.00 0 89
2008_007247 0.1699 25.00 42.00 339.00 464.00 356 95
2008_007521 0.1896 136.00 149.00 227.00 238.00 6 96
2008_007749 0.1731 1.00 157.00 333.00 500.00 4 89
2008_007760 0.1966 1.00 7.00 500.00 324.00 342 90
2008_007787 0.1815 1.00 1.00 500.00 331.00 8 88
2008_007887 0.1868 20.00 3.00 445.00 331.00 8 100
2008_008001 0.1566 1.00 1.00 327.00 209.00 330 90
2008_008055 0.1872 283.00 187.00 427.00 266.00 4 89
2008_008055 0.1184 1.00 182.00 106.00 213.00 13 99
2008_008123 0.1745 1.00 106.00 500.00 283.00 346 98
2008_008192 0.1838 181.00 1.00 500.00 166.00 11 87
2008_008203 0.2081 95.00 1.00 500.00 375.00 6 88
2008_008221 0.1731 1.00 51.00 461.00 269.00 343 87
2008_008297 0.1826 93.00 48.00 362.00 270.00 332 88
2008_008302 0.1806 1.00 1.00 500.00 252.00 349 86
2008_008336 0.1934 133.00 98.00 403.00 287.00 20 87
2008_008336 0.1403 1.00 127.00 185.00 186.00 329 90
2008_008379 0.1963 39.00 1.00 436.00 472.00 16 92
2008_008527 0.1744 298.00 84.00 477.00 255.00 330 90
2008_008527 0.1897 23.00 154.00 110.00 212.00 13 103
2008_008615 0.1939 1.00 1.00 500.00 410.00 357 96
2008_008632 0.1565 241.00 422.00 352.00 482.00 347 91
2008_008662 0.1729 1.00 64.00 466.00 264.00 12 104
2008_008662 0.1898 1.00 94.00 216.00 283.00 24 89
2008_008676 0.1953 1.00 160.00 309.00 329.00 6 91
2008_008690 0.1768 22.00 16.00 401.00 340.00 4 90
2008_008726 0.1392 55.00 150.00 492.00 258.00 339 82
2008_008732 0.1777 108.00 104.00 399.00 315.00 8 89
2008_008739 0.1563 1.00 45.00 210.00 273.00 4 90
2008_008739 0.1148 264.00 255.00 294.00 281.00 3 90
2008_008751 0.1287 1.00 226.00 411.00 316.00 327 99
2008_008767 0.1930 1.00 29.00 150.00 182.00 36 95
2009_000011 0.1779 139.00 167.00 428.00 291.00 326 104
2009_000011 0.1756 444.00 209.00 469.00 241.00 0 91
2009_000022 0.1537 62.00 142.00 367.00 208.00 9 90
2009_000051 0.1674 92.00 89.00 390.00 217.00 339 82
2009_000051 0.1798 436.00 155.00 477.00 183.00 23 87
2009_000051 0.1700 403.00 153.00 435.00 185.00 0 91
2009_000090 0.1738 93.00 115.00 261.00 235.00 346 98
2009_000244 0.1356 54.00 113.00 414.00 219.00 33 89
2009_000283 0.1797 115.00 80.00 340.00 351.00 14 90
2009_000501 0.1856 101.00 101.00 347.00 234.00 32 100
2009_000597 0.1657 294.00 140.00 451.00 275.00 355 92
2009_000597 0.1360 146.00 196.00 188.00 259.00 345 88
2009_000628 0.1624 92.00 142.00 420.00 315.00 12 88
2009_000658 0.1946 24.00 72.00 439.00 312.00 340 88
2009_000689 0.1605 1.00 152.00 411.00 237.00 37 82
2009_000689 0.1603 390.00 172.00 500.00 193.00 36 88
2009_000712 0.1945 1.00 95.00 333.00 302.00 357 89
2009_000824 0.1520 19.00 178.00 414.00 311.00 11 98
2009_000845 0.1255 192.00 160.00 427.00 250.00 20 88
2009_000890 0.1560 1.00 1.00 267.00 333.00 348 85
2009_001007 0.1469 124.00 218.00 344.00 330.00 6 109
2009_001118 0.0754 1.00 80.00 69.00 327.00 23 90
2009_001118 0.1845 22.00 52.00 500.00 353.00 350 90
2009_001164 0.2008 79.00 55.00 425.00 316.00 330 90
2009_001245 0.1766 79.00 143.00 407.00 274.00 343 96
2009_001259 0.1769 1.00 71.00 472.00 292.00 348 90
2009_001300 0.1472 185.00 146.00 390.00 286.00 31 77
2009_001322 0.1195 107.00 195.00 145.00 251.00 0 91
2009_001333 0.1820 29.00 111.00 467.00 315.00 336 90
2009_001350 0.1955 60.00 65.00 403.00 409.00 342 92
2009_001468 0.1484 48.00 151.00 247.00 334.00 343 90
2009_001519 0.1738 1.00 90.00 345.00 262.00 356 88
2009_001534 0.1120 16.00 157.00 497.00 241.00 350 90
2009_001648 0.1912 237.00 100.00 404.00 221.00 8 85
2009_001648 0.1018 473.00 134.00 500.00 194.00 0 89
2009_001648 0.1744 2.00 44.00 189.00 269.00 8 85
2009_001823 0.1749 116.00 16.00 369.00 309.00 8 100
2009_001853 0.1675 242.00 127.00 408.00 232.00 340 92
2009_001977 0.1555 67.00 242.00 129.00 310.00 0 89
2009_001977 0.1431 130.00 243.00 190.00 315.00 0 89
2009_001977 0.1350 187.00 244.00 277.00 311.00 10 90
2009_001977 0.1717 343.00 246.00 405.00 305.00 33 89
2009_002009 0.1700 216.00 142.00 396.00 251.00 10 93
2009_002144 0.1739 74.00 92.00 467.00 300.00 8 91
2009_002175 0.1699 14.00 159.00 382.00 333.00 18 88
2009_002202 0.1618 1.00 99.00 436.00 221.00 340 92
2009_002219 0.1875 285.00 77.00 500.00 298.00 2 90
2009_002219 0.2005 1.00 17.00 334.00 334.00 347 89
2009_002265 0.1880 31.00 36.00 366.00 288.00 17 92
2009_002291 0.1663 1.00 103.00 500.00 284.00 36 95
2009_002441 0.1915 119.00 108.00 396.00 295.00 5 89
2009_002568 0.1961 65.00 64.00 475.00 304.00 346 98
2009_002638 0.1853 40.00 76.00 494.00 321.00 345 103
2009_002669 0.1348 1.00 94.00 248.00 182.00 4 89
2009_002669 0.1677 198.00 98.00 311.00 187.00 17 86
2009_002669 0.1430 287.00 106.00 500.00 149.00 351 88
2009_002712 0.1734 1.00 111.00 445.00 309.00 356 88
2009_002774 0.1024 298.00 157.00 499.00 268.00 355 92
2009_002774 0.1277 1.00 169.00 315.00 249.00 342 90
2009_002838 0.2045 79.00 51.00 477.00 335.00 1 88
2009_002887 0.1538 218.00 3.00 498.00 182.00 17 89
2009_002938 0.1841 106.00 204.00 318.00 344.00 342 92
2009_002982 0.1917 84.00 102.00 418.00 309.00 19 88
2009_003022 0.1910 62.00 46.00 443.00 333.00 13 88
2009_003105 0.1718 1.00 75.00 402.00 282.00 346 88
2009_003185 0.1885 1.00 58.00 500.00 324.00 347 91
2009_003230 0.1824 130.00 1.00 500.00 281.00 5 94
2009_003230 0.1754 1.00 111.00 99.00 179.00 4 89
2009_003299 0.1610 84.00 52.00 409.00 262.00 0 92
2009_003311 0.1781 343.00 122.00 500.00 264.00 7 93
2009_003311 0.1320 1.00 117.00 417.00 267.00 329 100
2009_003348 0.1593 1.00 149.00 323.00 220.00 37 99
2009_003433 0.1504 1.00 114.00 500.00 242.00 18 88
2009_003453 0.1436 133.00 119.00 500.00 309.00 4 94
2009_003543 0.1622 12.00 125.00 480.00 247.00 27 91
2009_003638 0.1482 26.00 92.00 455.00 237.00 19 87
2009_003650 0.1338 49.00 147.00 500.00 304.00 345 96
2009_003758 0.1797 68.00 179.00 221.00 293.00 10 90
2009_003758 0.1733 419.00 210.00 459.00 253.00 342 90
2009_003776 0.1423 2.00 2.00 98.00 39.00 6 93
2009_003821 0.1703 1.00 193.00 211.00 375.00 13 88
2009_003863 0.1611 1.00 142.00 470.00 210.00 12 104
2009_003892 0.1622 1.00 1.00 375.00 498.00 357 86
2009_003938 0.1391 79.00 71.00 500.00 230.00 320 89
2009_003951 0.1821 106.00 89.00 426.00 247.00 20 85
2009_004019 0.1611 35.00 131.00 462.00 261.00 32 79
2009_004163 0.1886 1.00 22.00 352.00 476.00 44 92
2009_004163 0.1847 305.00 243.00 356.00 306.00 44 92
2009_004170 0.1466 66.00 101.00 460.00 262.00 12 88
2009_004255 0.1885 53.00 96.00 349.00 439.00 27 91
2009_004329 0.1298 13.00 140.00 456.00 275.00 32 81
2009_004453 0.1129 1.00 1.00 220.00 375.00 1 88
2009_004468 0.1799 56.00 89.00 433.00 284.00 347 91
2009_004559 0.2024 161.00 89.00 492.00 314.00 16 88
2009_004624 0.1966 43.00 102.00 220.00 227.00 8 94
2009_004624 0.1931 113.00 57.00 500.00 349.00 351 89
2009_004669 0.1572 1.00 137.00 465.00 279.00 14 104
2009_004677 0.1428 1.00 92.00 472.00 336.00 20 86
2009_004730 0.1760 16.00 119.00 467.00 181.00 332 91
2009_004799 0.1817 1.00 117.00 319.00 333.00 0 89
2009_004956 0.1388 20.00 117.00 500.00 291.00 21 90
2009_004988 0.1912 40.00 26.00 446.00 375.00 27 110
2009_005061 0.1650 26.00 164.00 343.00 456.00 340 105
2009_005148 0.1493 1.00 72.00 320.00 191.00 340 91
2009_005149 0.1271 1.00 108.00 500.00 219.00 44 84
2009_005149 0.1372 1.00 1.00 500.00 57.00 32 79
2009_005220 0.1888 37.00 48.00 454.00 285.00 16 100
2009_005292 0.1619 44.00 113.00 369.00 284.00 14 91
2010_000085 0.1588 1.00 77.00 500.00 237.00 17 89
2010_000199 0.1596 35.00 128.00 465.00 276.00 353 91
2010_000313 0.1769 28.00 1.00 499.00 374.00 20 89
2010_000321 0.1583 58.00 177.00 104.00 231.00 1 89
2010_000321 0.1577 111.00 134.00 365.00 244.00 349 89
2010_000406 0.1334 1.00 123.00 432.00 328.00 18 88
2010_000406 0.0856 430.00 202.00 500.00 288.00 10 85
2010_000537 0.1287 136.00 206.00 299.00 255.00 350 90
2010_000633 0.1606 1.00 45.00 396.00 172.00 10 91
2010_000743 0.1618 147.00 136.00 393.00 263.00 351 88
2010_000764 0.1458 1.00 90.00 500.00 334.00 341 90
2010_000786 0.1394 1.00 180.00 500.00 274.00 23 91
2010_000865 0.1520 62.00 92.00 500.00 257.00 323 108
2010_000955 0.1467 101.00 189.00 500.00 287.00 328 87
2010_000959 0.1799 200.00 1.00 500.00 331.00 347 93
2010_001052 0.1636 1.00 170.00 324.00 214.00 343 86
2010_001104 0.1538 6.00 254.00 226.00 339.00 20 90
2010_001151 0.1494 1.00 157.00 412.00 226.00 329 90
2010_001272 0.1850 125.00 10.00 500.00 303.00 352 89
2010_001405 0.1674 240.00 97.00 500.00 346.00 350 90
2010_001502 0.1468 1.00 1.00 500.00 148.00 18 88
2010_001539 0.1869 1.00 28.00 500.00 309.00 354 90
2010_001586 0.1566 2.00 80.00 499.00 311.00 340 89
2010_001625 0.1556 27.00 120.00 483.00 207.00 17 92
2010_001734 0.2083 188.00 161.00 336.00 322.00 342 92
2010_001788 0.1730 207.00 96.00 401.00 265.00 13 88
2010_001951 0.1849 80.00 111.00 397.00 258.00 332 87
2010_002073 0.1968 3.00 1.00 500.00 375.00 355 89
2010_002182 0.1604 1.00 1.00 355.00 375.00 1 89
2010_002213 0.1384 162.00 170.00 198.00 216.00 347 88
2010_002223 0.1837 29.00 87.00 273.00 402.00 0 89
2010_002261 0.1517 65.00 254.00 241.00 333.00 342 92
2010_002261 0.1300 1.00 259.00 206.00 332.00 345 87
2010_002261 0.1447 7.00 255.00 147.00 308.00 18 92
2010_002420 0.1487 76.00 15.00 482.00 335.00 5 97
2010_002667 0.1964 92.00 73.00 388.00 269.00 31 77
2010_002682 0.1438 46.00 82.00 500.00 244.00 33 89
2010_002840 0.1791 1.00 228.00 257.00 398.00 353 91
2010_002930 0.1598 98.00 186.00 166.00 222.00 346 88
2010_003129 0.1431 9.00 157.00 486.00 265.00 44 84
2010_003160 0.1538 1.00 105.00 500.00 306.00 20 88
2010_003335 0.1153 404.00 110.00 500.00 262.00 1 89
2010_003335 0.1725 66.00 99.00 459.00 289.00 327 101
2010_003470 0.1701 272.00 79.00 500.00 235.00 11 87
2010_003482 0.1668 174.00 118.00 383.00 245.00 345 92
2010_003514 0.1878 1.00 7.00 336.00 245.00 353 95
2010_003609 0.1719 32.00 91.00 403.00 303.00 4 89
2010_003628 0.1678 57.00 64.00 438.00 236.00 357 89
2010_003630 0.1921 1.00 1.00 328.00 284.00 4 86
2010_003708 0.1627 304.00 130.00 352.00 163.00 18 88
2010_003708 0.1287 323.00 135.00 356.00 171.00 4 92
2010_003708 0.1906 237.00 136.00 274.00 168.00 13 99
2010_003847 0.1214 1.00 73.00 500.00 238.00 0 89
2010_003944 0.1496 1.00 1.00 436.00 375.00 343 87
2010_003956 0.1854 221.00 124.00 405.00 290.00 355 92
2010_004149 0.1000 311.00 1.00 500.00 327.00 0 91
2010_004193 0.1183 44.00 165.00 476.00 321.00 329 90
2010_004313 0.1740 7.00 79.00 500.00 321.00 13 99
2010_004350 0.1297 2.00 15.00 465.00 72.00 356 96
2010_004350 0.1887 150.00 176.00 426.00 349.00 1 89
2010_004469 0.1812 117.00 1.00 500.00 322.00 15 93
2010_004475 0.1570 2.00 1.00 500.00 333.00 2 92
2010_004536 0.1550 272.00 130.00 500.00 220.00 19 87
2010_004677 0.1750 1.00 160.00 194.00 242.00 345 96
2010_004779 0.1931 33.00 87.00 408.00 327.00 13 87
2010_004980 0.1884 208.00 91.00 420.00 271.00 349 93
2010_005130 0.1778 34.00 83.00 383.00 232.00 44 92
2010_005463 0.1316 274.00 244.00 424.00 297.00 23 91
2010_005515 0.1436 1.00 133.00 500.00 241.00 2 92
2010_005706 0.1479 110.00 155.00 486.00 235.00 37 88
2010_005727 0.1397 1.00 150.00 410.00 297.00 12 86
2010_005768 0.1844 1.00 58.00 500.00 375.00 345 88
2010_005871 0.1436 1.00 1.00 500.00 122.00 341 89
2010_005934 0.1544 1.00 85.00 474.00 251.00 33 89
2010_006054 0.1803 202.00 141.00 443.00 291.00 332 90
2011_000195 0.1800 1.00 190.00 361.00 450.00 37 105
2011_000210 0.1733 265.00 113.00 500.00 238.00 4 89
2011_000283 0.1377 142.00 93.00 295.00 269.00 12 88
2011_000283 0.1522 277.00 86.00 500.00 332.00 343 89
2011_000291 0.1438 150.00 154.00 344.00 240.00 33 89
2011_000346 0.1773 4.00 55.00 483.00 283.00 339 86
2011_000498 0.1508 232.00 1.00 499.00 375.00 347 88
2011_000521 0.1498 1.00 91.00 428.00 231.00 23 91
2011_000627 0.1540 46.00 143.00 486.00 256.00 323 89
2011_000688 0.1727 12.00 59.00 497.00 374.00 9 90
2011_000909 0.1804 39.00 71.00 284.00 286.00 4 92
2011_001019 0.1895 326.00 100.00 461.00 262.00 12 88
2011_001060 0.1636 1.00 1.00 195.00 279.00 16 88
2011_001082 0.1611 128.00 229.00 179.00 286.00 9 89
2011_001086 0.1834 140.00 86.00 280.00 238.00 44 92
2011_001086 0.1783 266.00 64.00 500.00 262.00 18 88
2011_001126 0.1473 2.00 173.00 500.00 375.00 44 84
2011_001152 0.1964 33.00 5.00 500.00 327.00 346 96
2011_001217 0.1608 14.00 105.00 264.00 278.00 4 86
2011_001217 0.1113 261.00 112.00 497.00 280.00 7 93
2011_001281 0.2029 187.00 144.00 500.00 346.00 44 84
2011_001337 0.1598 2.00 25.00 204.00 334.00 347 105
2011_001337 0.1674 263.00 203.00 297.00 222.00 354 93
2011_001337 0.1474 324.00 171.00 482.00 254.00 27 89
2011_001375 0.1667 218.00 116.00 344.00 248.00 32 100
2011_001525 0.1615 25.00 103.00 435.00 216.00 340 88
2011_001614 0.1645 25.00 84.00 500.00 296.00 10 91
2011_001655 0.1659 15.00 71.00 388.00 271.00 30 85
2011_001741 0.1729 105.00 106.00 413.00 352.00 13 88
2011_001827 0.1780 40.00 142.00 315.00 292.00 345 88
2011_001927 0.1567 163.00 170.00 324.00 202.00 34 95
2011_001951 0.1664 107.00 4.00 387.00 332.00 351 89
2011_001951 0.1700 334.00 156.00 500.00 313.00 340 88
2011_001951 0.2009 1.00 143.00 176.00 317.00 10 90
2011_002105 0.1631 85.00 131.00 413.00 248.00 10 90
2011_002105 0.1648 1.00 136.00 500.00 236.00 333 83
2011_002173 0.1405 1.00 137.00 457.00 375.00 27 89
2011_002247 0.1972 1.00 1.00 499.00 282.00 11 85
2011_002280 0.0879 301.00 242.00 500.00 295.00 355 94
2011_002294 0.1448 8.00 194.00 293.00 301.00 32 81
2011_002294 0.1931 287.00 204.00 370.00 300.00 18 96
2011_002294 0.1304 378.00 236.00 500.00 283.00 355 89
2011_002379 0.1380 142.00 108.00 293.00 261.00 0 89
2011_002396 0.1760 17.00 57.00 500.00 298.00 37 99
2011_002516 0.0976 56.00 257.00 326.00 500.00 355 93
2011_002535 0.1949 212.00 107.00 362.00 222.00 6 89
2011_002738 0.1602 125.00 103.00 418.00 256.00 344 90
2011_003028 0.1689 76.00 140.00 384.00 360.00 347 88
2011_003028 0.1546 330.00 142.00 500.00 354.00 0 89
2011_003059 0.1643 89.00 18.00 346.00 341.00 8 85
2011_003146 0.1748 28.00 44.00 461.00 361.00 9 86
2011_003149 0.1660 75.00 102.00 442.00 245.00 6 87
2011_003197 0.1971 10.00 9.00 387.00 489.00 15 93
2011_003228 0.1927 1.00 1.00 500.00 345.00 344 90
2011_003260 0.1797 1.00 140.00 349.00 314.00 9 97
2011_003260 0.1801 1.00 165.00 67.00 208.00 332 87
