2008_000043 0.1299 166.00 175.00 425.00 344.00 341 109
2008_000418 0.1211 341.00 251.00 500.00 344.00 338 105
2008_000573 0.0902 1.00 240.00 324.00 332.00 347 101
2008_000817 0.1211 221.00 168.00 328.00 233.00 338 105
2008_000835 0.1331 1.00 107.00 404.00 375.00 317 103
2008_000885 0.0890 1.00 205.00 411.00 326.00 0 106
2008_001077 0.1235 1.00 94.00 500.00 375.00 0 98
2008_001155 0.0893 1.00 253.00 233.00 375.00 0 116
2008_001320 0.0937 1.00 307.00 480.00 360.00 23 99
2008_001451 0.1288 318.00 258.00 498.00 375.00 319 110
2008_001624 0.0971 1.00 263.00 394.00 375.00 338 105
2008_001723 0.0819 209.00 262.00 500.00 375.00 325 104
2008_001723 0.1290 139.00 226.00 311.00 351.00 4 113
2008_001773 0.0798 180.00 209.00 500.00 375.00 0 136
2008_001928 0.1161 269.00 255.00 500.00 375.00 0 132
2008_001928 0.1110 62.00 155.00 184.00 333.00 0 136
2008_002082 0.0910 199.00 162.00 275.00 195.00 19 103
2008_002114 0.1252 1.00 159.00 354.00 349.00 38 114
2008_002330 0.1350 1.00 154.00 375.00 500.00 347 101
2008_002379 0.0890 1.00 337.00 375.00 500.00 325 104
2008_002384 0.0978 208.00 271.00 479.00 375.00 0 116
2008_002438 0.1064 1.00 130.00 500.00 375.00 0 136
2008_002481 0.1185 427.00 316.00 500.00 377.00 0 102
2008_002502 0.1212 1.00 307.00 354.00 500.00 319 93
2008_002508 0.1213 299.00 156.00 500.00 312.00 0 116
2008_002567 0.1325 163.00 191.00 478.00 375.00 0 111
2008_002775 0.0879 1.00 229.00 500.00 375.00 0 178
2008_002864 0.0994 13.00 205.00 399.00 375.00 0 103
2008_003136 0.1130 1.00 245.00 400.00 500.00 4 113
2008_003245 0.1034 360.00 116.00 500.00 351.00 0 118
2008_003477 0.0865 1.00 195.00 500.00 375.00 9 124
2008_003753 0.1286 1.00 250.00 190.00 375.00 0 106
2008_003881 0.1148 333.00 213.00 485.00 366.00 2 100
2008_003904 0.1092 1.00 302.00 375.00 500.00 11 102
2008_004140 0.1230 129.00 333.00 375.00 500.00 0 111
2008_004140 0.1112 230.00 214.00 375.00 336.00 1 108
2008_004216 0.0933 1.00 113.00 500.00 333.00 0 110
2008_004289 0.1158 1.00 39.00 500.00 333.00 1 127
2008_004308 0.0943 1.00 232.00 496.00 375.00 4 108
2008_004389 0.0831 1.00 272.00 500.00 375.00 316 109
2008_004564 0.0942 161.00 212.00 500.00 333.00 0 112
2008_004851 0.0824 1.00 249.00 500.00 375.00 320 108
2008_004948 0.1039 1.00 223.00 366.00 375.00 333 120
2008_004979 0.1174 1.00 131.00 495.00 375.00 1 103
2008_004982 0.1375 1.00 209.00 375.00 500.00 344 103
2008_005070 0.1224 19.00 135.00 467.00 375.00 2 90
2008_005257 0.1341 131.00 166.00 417.00 356.00 0 105
2008_005348 0.1071 5.00 58.00 500.00 287.00 0 112
2008_005608 0.0892 352.00 230.00 500.00 374.00 1 120
2008_005975 0.1132 1.00 102.00 500.00 375.00 11 108
2008_006008 0.1268 24.00 285.00 264.00 500.00 38 114
2008_006120 0.1052 52.00 241.00 340.00 375.00 9 124
2008_006151 0.1424 68.00 111.00 399.00 330.00 0 112
2008_006311 0.0924 1.00 152.00 421.00 233.00 4 113
2008_006588 0.1041 1.00 1.00 189.00 99.00 1 127
2008_006588 0.1295 1.00 98.00 315.00 375.00 0 122
2008_006611 0.1124 90.00 219.00 414.00 343.00 0 112
2008_006837 0.1198 1.00 1.00 270.00 164.00 2 90
2008_006952 0.1302 199.00 183.00 356.00 364.00 0 104
2008_007048 0.1394 115.00 270.00 259.00 440.00 39 100
2008_007166 0.1328 375.00 202.00 500.00 284.00 0 116
2008_007287 0.0748 25.00 114.00 206.00 162.00 0 99
2008_007378 0.1314 106.00 1.00 337.00 146.00 330 103
2008_007402 0.1044 188.00 272.00 333.00 500.00 0 106
2008_007402 0.0933 1.00 173.00 68.00 300.00 0 103
2008_007585 0.1123 1.00 252.00 273.00 375.00 27 111
2008_007591 0.1174 1.00 88.00 500.00 375.00 21 108
2008_007617 0.0838 94.00 239.00 500.00 375.00 13 110
2008_007704 0.1149 65.00 127.00 454.00 333.00 0 108
2008_007853 0.0920 1.00 221.00 500.00 375.00 0 116
2008_007922 0.1115 71.00 200.00 412.00 375.00 20 103
2008_007949 0.0727 1.00 295.00 169.00 375.00 4 113
2008_008093 0.0908 123.00 246.00 490.00 375.00 0 108
2008_008155 0.1383 367.00 210.00 500.00 337.00 0 104
2008_008224 0.1519 155.00 254.00 343.00 378.00 25 101
2008_008362 0.0956 60.00 265.00 378.00 375.00 0 132
2008_008362 0.0686 437.00 214.00 500.00 344.00 0 106
2008_008365 0.1136 137.00 271.00 341.00 375.00 5 118
2008_008388 0.0866 1.00 239.00 449.00 375.00 38 114
2008_008470 0.0793 108.00 184.00 288.00 211.00 15 121
2008_008474 0.1134 1.00 271.00 114.00 375.00 0 136
2008_008474 0.1376 41.00 240.00 137.00 330.00 324 110
2009_000212 0.1410 88.00 226.00 291.00 435.00 32 109
2009_000247 0.1216 23.00 138.00 425.00 375.00 13 110
2009_000257 0.0767 1.00 176.00 500.00 333.00 0 103
2009_000300 0.1223 1.00 78.00 500.00 333.00 9 95
2009_000760 0.1290 151.00 203.00 396.00 328.00 0 132
2009_000811 0.1387 103.00 67.00 401.00 375.00 22 107
2009_000846 0.1288 1.00 1.00 500.00 375.00 317 103
2009_001011 0.1295 2.00 209.00 373.00 500.00 4 122
2009_001054 0.1263 1.00 1.00 375.00 500.00 319 93
2009_001057 0.1156 1.00 65.00 500.00 334.00 9 106
2009_001215 0.1338 1.00 1.00 500.00 375.00 32 113
2009_001398 0.1105 1.00 307.00 221.00 444.00 0 101
2009_001426 0.1024 209.00 236.00 500.00 375.00 325 104
2009_001447 0.0794 247.00 274.00 500.00 375.00 0 102
2009_001447 0.0930 210.00 191.00 255.00 217.00 4 113
2009_001575 0.1075 1.00 231.00 375.00 500.00 35 119
2009_001575 0.0559 296.00 94.00 375.00 123.00 4 113
2009_001575 0.0906 244.00 78.00 275.00 93.00 0 100
2009_001754 0.1234 115.00 218.00 383.00 375.00 333 99
2009_002003 0.1259 166.00 42.00 321.00 264.00 1 103
2009_002024 0.1318 1.00 13.00 500.00 356.00 34 110
2009_002055 0.1124 69.00 242.00 340.00 375.00 0 112
2009_002055 0.0938 1.00 222.00 61.00 309.00 12 102
2009_002078 0.1114 71.00 100.00 389.00 277.00 0 116
2009_002111 0.1215 1.00 1.00 368.00 414.00 0 112
2009_002139 0.0942 1.00 305.00 455.00 375.00 318 104
2009_002169 0.1360 1.00 43.00 375.00 322.00 331 105
2009_002328 0.1210 1.00 55.00 500.00 333.00 24 103
2009_002415 0.1493 1.00 1.00 375.00 351.00 0 122
2009_002433 0.1180 139.00 200.00 399.00 333.00 41 100
2009_002444 0.0568 163.00 366.00 375.00 500.00 325 104
2009_002471 0.1073 171.00 141.00 499.00 301.00 317 103
2009_002471 0.1105 1.00 173.00 433.00 375.00 2 110
2009_002487 0.1530 157.00 179.00 333.00 333.00 0 112
2009_002524 0.1090 124.00 235.00 169.00 272.00 330 111
2009_002524 0.0944 117.00 282.00 196.00 309.00 0 100
2009_002524 0.1111 229.00 216.00 258.00 241.00 0 99
2009_002524 0.0879 281.00 244.00 323.00 317.00 354 95
2009_002524 0.0985 391.00 225.00 458.00 252.00 11 108
2009_002524 0.0812 397.00 255.00 500.00 286.00 39 100
2009_002524 0.1451 363.00 287.00 500.00 372.00 30 101
2009_002546 0.0882 68.00 299.00 468.00 375.00 2 104
2009_002571 0.0998 293.00 37.00 472.00 198.00 0 100
2009_002634 0.1050 390.00 297.00 459.00 325.00 2 131
2009_002634 0.0744 208.00 319.00 279.00 335.00 32 106
2009_002634 0.0794 227.00 331.00 311.00 355.00 340 104
2009_002634 0.0685 257.00 347.00 354.00 373.00 341 109
2009_002634 0.0724 15.00 333.00 85.00 355.00 4 113
2009_002634 0.0971 1.00 353.00 48.00 375.00 19 110
2009_002663 0.1088 1.00 182.00 444.00 375.00 0 104
2009_002743 0.1243 64.00 186.00 356.00 375.00 4 113
2009_002790 0.0976 1.00 147.00 396.00 331.00 0 100
2009_002816 0.1047 1.00 305.00 316.00 500.00 0 105
2009_002978 0.1102 96.00 239.00 361.00 375.00 18 102
2009_003003 0.1162 1.00 226.00 375.00 500.00 0 136
2009_003071 0.1080 82.00 147.00 500.00 333.00 2 100
2009_003123 0.0929 1.00 285.00 149.00 375.00 331 114
2009_003150 0.0861 227.00 187.00 419.00 251.00 316 98
2009_003154 0.1155 77.00 214.00 403.00 371.00 0 104
2009_003191 0.0832 1.00 397.00 375.00 500.00 354 95
2009_003198 0.1126 1.00 217.00 322.00 375.00 2 110
2009_003251 0.1285 97.00 141.00 442.00 375.00 341 109
2009_003282 0.1075 1.00 319.00 375.00 500.00 324 110
2009_003440 0.0582 233.00 310.00 442.00 374.00 325 104
2009_003507 0.1259 139.00 330.00 333.00 500.00 1 103
2009_003759 0.1230 113.00 182.00 279.00 322.00 3 100
2009_003795 0.1205 250.00 230.00 451.00 375.00 1 106
2009_003795 0.1123 84.00 246.00 315.00 375.00 0 136
2009_003835 0.1117 252.00 205.00 429.00 303.00 32 106
2009_003840 0.0888 2.00 267.00 214.00 375.00 2 114
2009_003849 0.0990 338.00 181.00 437.00 267.00 0 111
2009_003884 0.1374 3.00 142.00 155.00 282.00 0 122
2009_003914 0.1251 1.00 1.00 500.00 375.00 0 116
2009_003973 0.1411 127.00 187.00 346.00 372.00 344 96
2009_003991 0.0733 1.00 74.00 142.00 375.00 27 111
2009_004032 0.0795 27.00 219.00 459.00 375.00 40 103
2009_004085 0.0833 1.00 381.00 333.00 500.00 321 106
2009_004124 0.1203 1.00 70.00 500.00 323.00 319 93
2009_004140 0.1089 106.00 234.00 427.00 375.00 316 109
2009_004263 0.1087 120.00 291.00 369.00 427.00 326 109
2009_004309 0.0810 1.00 197.00 500.00 375.00 333 99
2009_004419 0.1085 90.00 204.00 249.00 292.00 0 98
2009_004499 0.1173 57.00 123.00 484.00 336.00 9 106
2009_004532 0.0903 1.00 182.00 500.00 375.00 318 104
2009_004537 0.1202 19.00 304.00 381.00 472.00 0 128
2009_004720 0.1155 7.00 81.00 500.00 375.00 0 99
2009_004720 0.0997 343.00 29.00 500.00 157.00 12 102
2009_004769 0.0912 1.00 326.00 375.00 500.00 317 99
2009_004859 0.1380 196.00 121.00 500.00 375.00 0 132
2009_004974 0.1119 1.00 168.00 281.00 500.00 0 110
2009_005001 0.1213 1.00 231.00 304.00 375.00 0 124
2009_005038 0.0967 1.00 367.00 375.00 500.00 317 107
2009_005080 0.1205 1.00 212.00 148.00 375.00 0 128
2009_005165 0.1179 15.00 119.00 375.00 474.00 0 116
2009_005171 0.0767 211.00 265.00 500.00 375.00 17 105
2009_005202 0.1253 1.00 90.00 371.00 375.00 0 104
2009_005205 0.1011 114.00 139.00 308.00 218.00 1 99
2009_005205 0.1385 49.00 211.00 359.00 500.00 0 112
2010_000001 0.0795 1.00 219.00 500.00 333.00 23 107
2010_000001 0.1478 1.00 1.00 234.00 188.00 0 111
2010_000088 0.1083 1.00 131.00 500.00 374.00 33 99
2010_000174 0.0919 1.00 310.00 452.00 374.00 37 108
2010_000178 0.0662 1.00 320.00 208.00 375.00 12 102
2010_000325 0.1245 1.00 245.00 375.00 500.00 0 104
2010_000325 0.0853 183.00 171.00 375.00 225.00 0 105
2010_000352 0.0912 1.00 240.00 480.00 360.00 9 124
2010_000669 0.0694 1.00 301.00 230.00 373.00 0 99
2010_000697 0.0962 3.00 273.00 410.00 333.00 0 119
2010_000754 0.0862 53.00 206.00 396.00 333.00 2 100
2010_000821 0.0949 275.00 242.00 500.00 375.00 2 100
2010_000915 0.0721 116.00 387.00 374.00 498.00 16 104
2010_001181 0.1284 3.00 20.00 500.00 375.00 0 102
2010_001287 0.1345 198.00 191.00 420.00 332.00 0 110
2010_001343 0.0938 34.00 232.00 333.00 500.00 2 100
2010_001455 0.1224 1.00 315.00 190.00 457.00 30 101
2010_001535 0.0966 108.00 295.00 405.00 374.00 2 100
2010_001535 0.0872 421.00 133.00 500.00 172.00 2 100
2010_001579 0.0822 1.00 244.00 500.00 373.00 4 113
2010_001645 0.1379 165.00 213.00 370.00 332.00 5 118
2010_001680 0.1367 12.00 38.00 485.00 375.00 3 112
2010_001682 0.1322 1.00 190.00 258.00 375.00 0 106
2010_001777 0.1339 2.00 154.00 375.00 500.00 0 100
2010_001823 0.1009 179.00 340.00 333.00 408.00 21 111
2010_001851 0.1402 142.00 216.00 273.00 350.00 0 111
2010_001907 0.1128 322.00 149.00 500.00 331.00 0 136
2010_002006 0.1299 1.00 257.00 324.00 432.00 2 100
2010_002199 0.1125 116.00 265.00 230.00 359.00 0 111
2010_002211 0.0874 1.00 429.00 375.00 500.00 26 111
2010_002269 0.0925 1.00 287.00 500.00 375.00 23 99
2010_002336 0.1412 44.00 149.00 332.00 409.00 41 100
2010_002366 0.1350 1.00 330.00 273.00 500.00 24 103
2010_002373 0.1210 1.00 261.00 260.00 500.00 0 119
2010_002539 0.1026 1.00 401.00 197.00 483.00 23 99
2010_002605 0.1398 33.00 185.00 362.00 454.00 32 106
2010_002639 0.1144 47.00 160.00 462.00 375.00 0 99
2010_002714 0.0828 1.00 202.00 500.00 375.00 0 102
2010_002721 0.1342 1.00 118.00 474.00 375.00 0 100
2010_002725 0.0899 1.00 297.00 500.00 375.00 0 112
2010_002725 0.1215 1.00 190.00 82.00 272.00 0 112
2010_002728 0.1449 169.00 147.00 456.00 355.00 0 135
2010_002877 0.1338 157.00 204.00 320.00 319.00 0 104
2010_003091 0.0829 1.00 236.00 403.00 375.00 0 105
2010_003154 0.1013 121.00 253.00 363.00 375.00 325 104
2010_003325 0.0752 90.00 301.00 500.00 375.00 0 100
2010_003520 0.1056 88.00 399.00 294.00 500.00 321 106
2010_003531 0.0852 44.00 237.00 500.00 374.00 23 99
2010_003594 0.1435 1.00 30.00 500.00 373.00 330 103
2010_003597 0.1184 51.00 221.00 322.00 375.00 343 107
2010_003597 0.0826 447.00 201.00 500.00 309.00 338 105
2010_003762 0.1086 1.00 142.00 500.00 359.00 343 107
2010_003971 0.1575 136.00 223.00 411.00 500.00 32 113
2010_003976 0.0739 1.00 220.00 500.00 374.00 0 100
2010_004125 0.1260 1.00 260.00 113.00 375.00 21 111
2010_004229 0.1033 124.00 169.00 307.00 364.00 0 100
2010_004278 0.1423 12.00 24.00 423.00 349.00 0 110
2010_004290 0.1208 1.00 4.00 449.00 340.00 12 102
2010_004380 0.1244 1.00 279.00 334.00 500.00 26 111
2010_004380 0.1237 52.00 165.00 295.00 287.00 1 103
2010_004380 0.1154 86.00 94.00 263.00 180.00 341 109
2010_004391 0.1202 1.00 1.00 500.00 272.00 14 103
2010_004597 0.1265 122.00 126.00 477.00 375.00 26 111
2010_004778 0.1246 148.00 166.00 388.00 375.00 0 106
2010_004825 0.1187 85.00 286.00 363.00 472.00 9 124
2010_004909 0.1137 1.00 140.00 464.00 375.00 19 103
2010_004992 0.1297 67.00 89.00 371.00 373.00 0 99
2010_005046 0.0902 1.00 303.00 467.00 398.00 41 100
2010_005369 0.0913 1.00 274.00 500.00 375.00 317 99
2010_005379 0.0962 37.00 413.00 375.00 499.00 344 103
2010_005398 0.1231 217.00 184.00 427.00 299.00 0 116
2010_005493 0.0531 226.00 35.00 375.00 432.00 0 99
2010_005493 0.0817 206.00 1.00 375.00 39.00 319 93
2010_005576 0.1297 1.00 1.00 500.00 374.00 0 124
2010_005626 0.1005 104.00 226.00 459.00 375.00 0 115
2010_005654 0.1295 196.00 241.00 367.00 375.00 0 106
2010_005666 0.0917 1.00 1.00 144.00 270.00 338 105
2010_005764 0.0847 1.00 261.00 500.00 375.00 0 101
2010_005884 0.0949 14.00 234.00 500.00 333.00 4 119
2010_005901 0.0779 1.00 233.00 419.00 375.00 333 99
2010_005936 0.0952 1.00 282.00 500.00 375.00 0 101
2010_005938 0.1035 221.00 50.00 500.00 374.00 9 124
2010_006010 0.0719 1.00 266.00 306.00 336.00 0 116
2010_006056 0.1222 1.00 127.00 304.00 375.00 0 110
2011_000016 0.1225 121.00 170.00 499.00 375.00 0 100
2011_000065 0.1267 80.00 58.00 476.00 374.00 0 167
2011_000098 0.1452 59.00 117.00 301.00 375.00 345 103
2011_000206 0.0898 18.00 344.00 500.00 375.00 0 132
2011_000226 0.1327 1.00 258.00 308.00 492.00 341 109
2011_000257 0.1265 1.00 42.00 375.00 500.00 18 102
2011_000338 0.1144 1.00 268.00 208.00 375.00 0 112
2011_000408 0.1014 1.00 177.00 500.00 375.00 9 106
2011_000427 0.0958 1.00 202.00 459.00 375.00 0 119
2011_000530 0.0738 224.00 176.00 364.00 214.00 338 105
2011_000598 0.1140 1.00 246.00 298.00 500.00 319 93
2011_000622 0.1024 4.00 312.00 373.00 500.00 0 110
2011_000745 0.1411 82.00 97.00 247.00 250.00 2 108
2011_000745 0.0902 131.00 204.00 500.00 375.00 325 104
2011_000745 0.1230 344.00 81.00 500.00 175.00 42 110
2011_000809 0.0956 199.00 121.00 250.00 204.00 0 106
2011_000919 0.1401 122.00 201.00 375.00 375.00 0 110
2011_000932 0.0599 431.00 217.00 500.00 375.00 0 116
2011_000932 0.0829 1.00 289.00 169.00 375.00 4 113
2011_000953 0.0897 31.00 211.00 499.00 375.00 27 111
2011_001008 0.0698 3.00 191.00 497.00 373.00 0 111
2011_001058 0.0918 42.00 248.00 500.00 333.00 0 95
2011_001106 0.1388 1.00 210.00 373.00 500.00 316 101
2011_001111 0.1346 177.00 264.00 375.00 500.00 5 118
2011_001167 0.0732 209.00 291.00 479.00 373.00 23 99
2011_001221 0.0940 157.00 411.00 421.00 450.00 27 111
2011_001276 0.0836 3.00 293.00 279.00 395.00 0 108
2011_001295 0.1116 1.00 320.00 148.00 500.00 0 99
2011_001305 0.0875 2.00 217.00 436.00 375.00 2 90
2011_001330 0.1306 318.00 157.00 500.00 374.00 35 119
2011_001366 0.1388 134.00 118.00 396.00 355.00 328 114
2011_001665 0.0823 47.00 174.00 500.00 333.00 30 99
2011_001665 0.0921 59.00 124.00 252.00 196.00 0 122
2011_001678 0.1149 72.00 193.00 459.00 375.00 42 109
2011_001770 0.1348 1.00 1.00 500.00 374.00 0 106
2011_001785 0.1092 83.00 203.00 419.00 351.00 0 104
2011_001819 0.1124 1.00 101.00 421.00 360.00 347 101
2011_001820 0.0903 83.00 269.00 499.00 392.00 0 102
2011_001842 0.1218 130.00 158.00 366.00 375.00 0 116
2011_001847 0.1435 50.00 245.00 295.00 456.00 0 178
2011_001862 0.1470 209.00 188.00 305.00 266.00 317 103
2011_001900 0.1410 1.00 96.00 377.00 423.00 0 95
2011_001941 0.1139 380.00 272.00 439.00 316.00 0 116
2011_001941 0.1105 413.00 283.00 480.00 338.00 0 113
2011_001941 0.1153 451.00 315.00 500.00 375.00 35 114
2011_001975 0.1136 91.00 166.00 499.00 375.00 41 100
2011_002074 0.1089 117.00 199.00 337.00 291.00 0 178
2011_002074 0.0954 1.00 256.00 306.00 374.00 19 103
2011_002075 0.0921 139.00 287.00 499.00 375.00 319 93
2011_002108 0.1351 155.00 197.00 248.00 268.00 32 113
2011_002163 0.0757 212.00 73.00 447.00 249.00 328 114
2011_002185 0.1351 1.00 190.00 375.00 500.00 318 104
2011_002200 0.1291 104.00 147.00 482.00 375.00 32 106
2011_002241 0.1258 62.00 143.00 480.00 375.00 0 128
2011_002358 0.1114 65.00 154.00 409.00 375.00 39 100
2011_002531 0.1462 158.00 128.00 350.00 320.00 0 105
2011_002542 0.1419 120.00 173.00 397.00 375.00 0 113
2011_002556 0.0896 233.00 254.00 500.00 375.00 318 104
2011_002556 0.0764 1.00 274.00 51.00 375.00 24 100
2011_002556 0.1159 1.00 216.00 53.00 278.00 0 111
2011_002556 0.0556 227.00 238.00 263.00 336.00 2 105
2011_002579 0.0832 247.00 174.00 500.00 256.00 325 104
2011_002640 0.1307 149.00 198.00 361.00 333.00 340 111
2011_002714 0.0805 257.00 228.00 500.00 264.00 0 110
2011_002805 0.1314 74.00 270.00 251.00 420.00 0 110
2011_002838 0.0822 2.00 251.00 456.00 375.00 4 113
2011_002880 0.0892 1.00 308.00 361.00 450.00 23 99
2011_002933 0.0941 203.00 225.00 251.00 318.00 0 114
2011_002933 0.1332 1.00 302.00 154.00 500.00 0 112
2011_002985 0.1081 1.00 156.00 500.00 377.00 0 118
2011_002994 0.0817 162.00 207.00 352.00 304.00 18 102
2011_003050 0.0826 1.00 178.00 499.00 238.00 0 100
2011_003076 0.1385 34.00 208.00 192.00 344.00 317 99
2011_003152 0.0828 1.00 290.00 217.00 334.00 338 105
2011_003166 0.1028 3.00 109.00 498.00 375.00 325 104
2011_003242 0.1286 72.00 176.00 393.00 375.00 42 110
2011_003242 0.1111 174.00 132.00 268.00 179.00 32 106
2011_003242 0.1306 369.00 127.00 500.00 200.00 1 127
2011_003242 0.0980 1.00 144.00 40.00 196.00 353 108
2011_003262 0.1278 80.00 116.00 386.00 359.00 0 116
