2008_000027 0.0936 9.00 32.00 500.00 375.00 1 90
2008_000042 0.0562 445.00 254.00 500.00 335.00 348 92
2008_000050 0.0903 292.00 197.00 328.00 228.00 0 89
2008_000052 0.1082 159.00 71.00 276.00 140.00 15 91
2008_000133 0.0893 1.00 1.00 500.00 217.00 34 97
2008_000163 0.1022 1.00 38.00 500.00 333.00 34 103
2008_000174 0.0793 438.00 265.00 500.00 348.00 0 90
2008_000174 0.0742 180.00 271.00 246.00 295.00 4 92
2008_000174 0.0616 88.00 263.00 162.00 294.00 30 90
2008_000174 0.0351 63.00 269.00 123.00 306.00 18 102
2008_000174 0.0357 1.00 256.00 68.00 309.00 31 90
2008_000174 0.0465 1.00 275.00 40.00 316.00 35 98
2008_000203 0.1132 81.00 108.00 246.00 258.00 342 95
2008_000251 0.0969 1.00 244.00 94.00 310.00 0 93
2008_000253 0.0811 255.00 348.00 320.00 383.00 321 103
2008_000281 0.0911 106.00 377.00 186.00 419.00 1 95
2008_000281 0.0802 194.00 396.00 283.00 444.00 21 96
2008_000304 0.0888 59.00 88.00 462.00 251.00 42 92
2008_000304 0.0698 458.00 152.00 500.00 221.00 15 90
2008_000304 0.0939 1.00 158.00 25.00 186.00 338 103
2008_000304 0.1015 1.00 159.00 42.00 183.00 7 89
2008_000304 0.1085 14.00 156.00 63.00 180.00 21 93
2008_000457 0.1029 1.00 265.00 47.00 303.00 18 90
2008_000457 0.1052 44.00 271.00 87.00 297.00 15 95
2008_000501 0.0708 172.00 313.00 467.00 375.00 16 91
2008_000562 0.0906 282.00 134.00 435.00 204.00 331 96
2008_000599 0.0868 263.00 50.00 339.00 81.00 332 93
2008_000599 0.0882 27.00 78.00 121.00 114.00 1 90
2008_000599 0.0828 77.00 65.00 149.00 99.00 35 92
2008_000599 0.0739 199.00 59.00 240.00 90.00 35 92
2008_000659 0.1100 245.00 264.00 270.00 282.00 318 99
2008_000659 0.0799 285.00 260.00 305.00 277.00 330 90
2008_000828 0.0966 1.00 1.00 500.00 375.00 36 98
2008_000868 0.0796 1.00 312.00 41.00 348.00 4 94
2008_000880 0.1313 1.00 106.00 157.00 171.00 44 98
2008_000880 0.0906 353.00 108.00 394.00 124.00 15 97
2008_000884 0.0829 171.00 170.00 419.00 251.00 12 91
2008_000884 0.0943 1.00 169.00 138.00 263.00 343 101
2008_000904 0.0491 427.00 40.00 500.00 72.00 347 91
2008_000939 0.1109 1.00 37.00 500.00 263.00 1 90
2008_000952 0.0822 1.00 130.00 96.00 220.00 7 89
2008_000952 0.0637 1.00 206.00 87.00 375.00 326 90
2008_000952 0.0884 355.00 266.00 500.00 375.00 7 89
2008_000952 0.0661 382.00 126.00 500.00 207.00 7 89
2008_000952 0.0758 261.00 137.00 361.00 212.00 2 87
2008_000952 0.0789 93.00 140.00 206.00 224.00 355 90
2008_000982 0.0837 410.00 168.00 490.00 271.00 1 95
2008_001007 0.0862 433.00 161.00 488.00 230.00 2 88
2008_001062 0.0918 100.00 63.00 140.00 94.00 29 91
2008_001062 0.0962 329.00 55.00 374.00 91.00 0 93
2008_001062 0.1048 404.00 64.00 438.00 84.00 12 103
2008_001062 0.0757 440.00 69.00 485.00 83.00 12 92
2008_001142 0.0756 199.00 265.00 222.00 279.00 325 92
2008_001142 0.1088 12.00 255.00 113.00 316.00 353 92
2008_001262 0.1059 37.00 98.00 478.00 362.00 15 90
2008_001262 0.1007 104.00 33.00 292.00 147.00 14 98
2008_001334 0.0594 212.00 306.00 331.00 348.00 31 92
2008_001432 0.1195 314.00 146.00 387.00 199.00 355 89
2008_001445 0.1129 65.00 56.00 435.00 320.00 0 93
2008_001445 0.1168 316.00 54.00 457.00 137.00 0 88
2008_001445 0.0795 156.00 36.00 250.00 68.00 19 94
2008_001445 0.0973 85.00 35.00 135.00 66.00 316 92
2008_001445 0.1032 39.00 30.00 82.00 69.00 4 91
2008_001543 0.1007 169.00 216.00 258.00 266.00 340 89
2008_001586 0.0392 1.00 254.00 20.00 312.00 7 89
2008_001586 0.1027 30.00 255.00 76.00 289.00 16 100
2008_001586 0.1070 88.00 251.00 133.00 291.00 344 91
2008_001681 0.0769 217.00 251.00 236.00 263.00 16 91
2008_001681 0.0864 145.00 249.00 166.00 262.00 349 90
2008_001681 0.0563 51.00 231.00 95.00 296.00 15 90
2008_001717 0.0762 112.00 257.00 202.00 325.00 7 89
2008_001717 0.0767 65.00 267.00 122.00 295.00 39 90
2008_001830 0.0814 288.00 156.00 500.00 334.00 319 112
2008_001830 0.0957 130.00 150.00 299.00 226.00 0 87
2008_001830 0.1195 1.00 156.00 51.00 194.00 30 90
2008_001867 0.0961 120.00 234.00 500.00 374.00 29 96
2008_001908 0.0669 190.00 321.00 232.00 335.00 34 93
2008_001908 0.0840 244.00 312.00 293.00 328.00 324 101
2008_001961 0.0872 150.00 187.00 253.00 241.00 21 101
2008_001961 0.1075 393.00 174.00 500.00 243.00 42 94
2008_001961 0.0722 175.00 163.00 470.00 252.00 35 92
2008_002138 0.1015 410.00 139.00 450.00 170.00 9 92
2008_002198 0.1081 1.00 126.00 500.00 320.00 28 97
2008_002199 0.1111 1.00 154.00 268.00 306.00 15 90
2008_002199 0.0979 342.00 183.00 500.00 370.00 343 91
2008_002212 0.0701 1.00 153.00 497.00 339.00 6 90
2008_002223 0.0786 354.00 195.00 415.00 224.00 27 93
2008_002322 0.1102 185.00 95.00 500.00 237.00 35 98
2008_002322 0.0985 1.00 168.00 162.00 271.00 18 94
2008_002366 0.0990 1.00 55.00 331.00 500.00 10 90
2008_002401 0.0929 340.00 208.00 390.00 247.00 5 90
2008_002401 0.0453 241.00 218.00 282.00 255.00 34 91
2008_002444 0.0826 218.00 381.00 375.00 500.00 0 89
2008_002444 0.0734 1.00 362.00 29.00 413.00 0 93
2008_002483 0.0963 280.00 154.00 500.00 272.00 29 91
2008_002483 0.0854 49.00 154.00 403.00 303.00 35 92
2008_002483 0.0962 1.00 165.00 123.00 312.00 7 89
2008_002516 0.0928 40.00 164.00 64.00 185.00 42 100
2008_002640 0.0902 20.00 172.00 89.00 200.00 0 92
2008_002643 0.0522 1.00 101.00 56.00 143.00 325 96
2008_002643 0.0885 185.00 136.00 298.00 185.00 355 89
2008_002705 0.1026 1.00 75.00 500.00 344.00 338 110
2008_002746 0.1018 269.00 146.00 472.00 311.00 30 90
2008_002746 0.0803 1.00 129.00 227.00 291.00 334 90
2008_002746 0.0900 208.00 147.00 309.00 210.00 340 92
2008_002875 0.1122 20.00 53.00 471.00 355.00 33 99
2008_002875 0.0936 1.00 30.00 255.00 236.00 16 91
2008_002875 0.0525 446.00 20.00 500.00 184.00 326 96
2008_002875 0.0973 284.00 23.00 453.00 87.00 42 89
2008_002875 0.0634 171.00 20.00 296.00 59.00 1 87
2008_002956 0.1181 139.00 154.00 167.00 174.00 349 90
2008_002958 0.0787 345.00 182.00 375.00 209.00 15 90
2008_002958 0.0750 1.00 61.00 310.00 500.00 320 93
2008_003005 0.0960 23.00 1.00 500.00 279.00 22 90
2008_003022 0.1120 438.00 110.00 500.00 146.00 340 90
2008_003022 0.1034 425.00 117.00 465.00 139.00 6 91
2008_003022 0.0908 406.00 115.00 466.00 141.00 2 88
2008_003022 0.0741 215.00 116.00 359.00 140.00 20 93
2008_003022 0.1002 32.00 70.00 475.00 302.00 328 95
2008_003030 0.1100 146.00 206.00 464.00 357.00 40 92
2008_003082 0.1020 378.00 239.00 439.00 295.00 12 90
2008_003132 0.1015 225.00 91.00 431.00 260.00 6 90
2008_003141 0.1020 1.00 193.00 148.00 331.00 7 89
2008_003202 0.0890 219.00 133.00 425.00 245.00 355 95
2008_003205 0.1322 127.00 53.00 161.00 81.00 345 92
2008_003255 0.0769 106.00 70.00 372.00 320.00 20 93
2008_003255 0.0780 1.00 161.00 28.00 191.00 12 103
2008_003300 0.0830 1.00 1.00 500.00 456.00 326 90
2008_003333 0.0868 290.00 79.00 400.00 174.00 17 91
2008_003350 0.1175 160.00 133.00 200.00 163.00 9 92
2008_003350 0.1079 62.00 138.00 88.00 153.00 10 91
2008_003350 0.0804 144.00 137.00 158.00 147.00 340 101
2008_003405 0.0676 143.00 103.00 189.00 118.00 0 92
2008_003405 0.0629 196.00 102.00 244.00 116.00 331 88
2008_003405 0.0795 260.00 102.00 306.00 117.00 38 95
2008_003405 0.0848 306.00 102.00 340.00 115.00 27 96
2008_003405 0.0909 325.00 103.00 450.00 147.00 4 94
2008_003479 0.0899 229.00 109.00 375.00 293.00 331 98
2008_003479 0.0912 1.00 70.00 132.00 243.00 20 100
2008_003577 0.0989 1.00 7.00 500.00 375.00 23 100
2008_003577 0.1027 1.00 59.00 209.00 230.00 24 93
2008_003647 0.0910 1.00 1.00 500.00 375.00 40 90
2008_003673 0.0835 20.00 274.00 114.00 325.00 18 89
2008_003673 0.1162 244.00 214.00 272.00 241.00 9 91
2008_003680 0.0843 69.00 212.00 260.00 267.00 4 94
2008_003680 0.1026 205.00 181.00 282.00 223.00 346 93
2008_003680 0.0886 177.00 185.00 256.00 215.00 40 98
2008_003680 0.0772 97.00 232.00 293.00 288.00 36 96
2008_003680 0.0855 157.00 217.00 260.00 252.00 0 93
2008_003680 0.0672 115.00 189.00 240.00 226.00 16 91
2008_003680 0.0867 186.00 192.00 257.00 224.00 333 100
2008_003680 0.0761 362.00 179.00 387.00 205.00 21 101
2008_003680 0.0670 381.00 176.00 442.00 207.00 16 100
2008_003680 0.0802 445.00 181.00 500.00 212.00 343 95
2008_003680 0.0747 468.00 191.00 500.00 222.00 42 94
2008_003680 0.0512 195.00 164.00 228.00 181.00 30 90
2008_003680 0.0678 409.00 183.00 447.00 214.00 355 90
2008_003680 0.0654 82.00 252.00 288.00 322.00 27 95
2008_003755 0.1046 39.00 121.00 294.00 367.00 2 101
2008_003775 0.0190 113.00 171.00 164.00 211.00 30 90
2008_003794 0.1072 177.00 169.00 228.00 214.00 350 94
2008_003794 0.0719 131.00 185.00 162.00 209.00 348 96
2008_003794 0.0659 237.00 183.00 304.00 208.00 16 91
2008_003794 0.0949 25.00 184.00 100.00 209.00 21 92
2008_003794 0.0655 126.00 179.00 151.00 200.00 34 91
2008_003794 0.0490 57.00 180.00 111.00 203.00 35 92
2008_003829 0.0846 1.00 108.00 54.00 143.00 24 93
2008_003829 0.0313 489.00 106.00 500.00 142.00 0 89
2008_003835 0.1104 227.00 408.00 295.00 442.00 330 90
2008_003835 0.0718 311.00 410.00 373.00 432.00 15 90
2008_003835 0.1230 43.00 409.00 59.00 429.00 320 93
2008_003835 0.0750 59.00 415.00 72.00 423.00 2 88
2008_003844 0.0805 437.00 102.00 500.00 196.00 342 90
2008_003844 0.1040 114.00 107.00 288.00 190.00 27 93
2008_003844 0.1214 13.00 120.00 173.00 189.00 40 98
2008_003844 0.1052 331.00 119.00 385.00 155.00 42 94
2008_003844 0.0751 1.00 134.00 43.00 154.00 355 90
2008_003846 0.1045 17.00 86.00 477.00 292.00 3 90
2008_003860 0.1181 73.00 144.00 157.00 206.00 7 98
2008_003860 0.1069 1.00 134.00 107.00 201.00 13 99
2008_003868 0.1108 301.00 139.00 500.00 287.00 355 89
2008_003868 0.0932 138.00 124.00 395.00 241.00 43 94
2008_003924 0.0928 458.00 179.00 484.00 195.00 350 94
2008_003941 0.0922 17.00 331.00 48.00 355.00 35 92
2008_003943 0.0851 69.00 110.00 402.00 223.00 34 91
2008_003943 0.0576 415.00 1.00 500.00 16.00 10 88
2008_003943 0.0637 312.00 1.00 398.00 12.00 342 98
2008_004020 0.1126 9.00 1.00 500.00 343.00 326 98
2008_004046 0.0583 254.00 86.00 384.00 140.00 16 91
2008_004046 0.0749 417.00 55.00 479.00 91.00 26 102
2008_004056 0.1153 1.00 98.00 48.00 136.00 12 90
2008_004069 0.0942 85.00 56.00 452.00 305.00 34 91
2008_004127 0.1218 22.00 12.00 472.00 358.00 343 101
2008_004127 0.0927 272.00 27.00 500.00 241.00 7 98
2008_004127 0.0690 313.00 8.00 397.00 39.00 33 95
2008_004142 0.0810 131.00 142.00 318.00 206.00 26 96
2008_004182 0.0829 437.00 89.00 488.00 121.00 27 100
2008_004312 0.1038 33.00 65.00 489.00 310.00 29 97
2008_004326 0.0634 110.00 134.00 271.00 195.00 330 90
2008_004326 0.0908 80.00 135.00 190.00 188.00 341 95
2008_004326 0.0823 38.00 141.00 136.00 183.00 1 90
2008_004326 0.0535 75.00 126.00 151.00 147.00 38 91
2008_004326 0.0529 475.00 115.00 500.00 152.00 14 92
2008_004326 0.1023 231.00 99.00 470.00 213.00 34 86
2008_004339 0.0615 1.00 95.00 228.00 178.00 10 88
2008_004414 0.1065 33.00 87.00 441.00 344.00 0 91
2008_004414 0.0668 397.00 70.00 426.00 82.00 17 91
2008_004414 0.0854 424.00 67.00 449.00 80.00 335 92
2008_004464 0.0711 336.00 102.00 378.00 153.00 35 98
2008_004464 0.0536 1.00 1.00 184.00 411.00 21 101
2008_004482 0.0995 1.00 111.00 134.00 246.00 350 90
2008_004482 0.0743 356.00 150.00 500.00 254.00 347 96
2008_004502 0.0645 148.00 120.00 189.00 152.00 3 87
2008_004549 0.0475 1.00 121.00 59.00 257.00 0 95
2008_004552 0.0797 1.00 1.00 375.00 160.00 34 104
2008_004605 0.0816 10.00 161.00 30.00 176.00 20 93
2008_004613 0.0618 477.00 210.00 500.00 264.00 346 100
2008_004614 0.0840 388.00 272.00 425.00 289.00 20 90
2008_004614 0.0929 337.00 273.00 377.00 291.00 24 90
2008_004614 0.0806 290.00 276.00 324.00 293.00 42 89
2008_004614 0.0996 280.00 285.00 467.00 373.00 42 93
2008_004614 0.0936 1.00 283.00 24.00 310.00 350 94
2008_004630 0.0546 482.00 230.00 500.00 246.00 355 95
2008_004630 0.0730 437.00 230.00 454.00 246.00 341 95
2008_004630 0.1057 129.00 243.00 158.00 259.00 340 91
2008_004630 0.0509 190.00 238.00 211.00 251.00 351 92
2008_004630 0.0441 208.00 237.00 230.00 251.00 35 92
2008_004684 0.0848 1.00 5.00 466.00 500.00 35 92
2008_004711 0.0987 1.00 2.00 274.00 227.00 0 93
2008_004729 0.1172 331.00 133.00 500.00 247.00 326 104
2008_004729 0.1014 1.00 148.00 73.00 231.00 325 92
2008_004729 0.0871 1.00 135.00 69.00 182.00 332 99
2008_004729 0.0990 57.00 91.00 344.00 253.00 19 92
2008_004832 0.0839 1.00 43.00 238.00 138.00 34 93
2008_004862 0.0931 1.00 93.00 113.00 270.00 38 91
2008_004862 0.0896 1.00 138.00 206.00 245.00 329 94
2008_004862 0.0988 142.00 143.00 248.00 208.00 326 92
2008_004862 0.0926 209.00 142.00 279.00 196.00 340 92
2008_004862 0.0746 246.00 131.00 340.00 167.00 15 93
2008_004862 0.0914 396.00 127.00 435.00 147.00 29 95
2008_004923 0.1086 5.00 90.00 48.00 117.00 14 95
2008_004955 0.1060 65.00 142.00 434.00 259.00 42 91
2008_004955 0.0839 456.00 159.00 500.00 226.00 330 90
2008_004974 0.1079 168.00 133.00 337.00 247.00 330 132
2008_005032 0.0840 1.00 96.00 157.00 350.00 1 90
2008_005032 0.0836 67.00 131.00 221.00 276.00 7 89
2008_005054 0.0865 324.00 108.00 442.00 196.00 39 96
2008_005054 0.0883 127.00 114.00 216.00 203.00 350 94
2008_005054 0.1071 35.00 128.00 111.00 221.00 15 90
2008_005054 0.0354 1.00 124.00 23.00 242.00 0 91
2008_005054 0.0956 232.00 105.00 342.00 203.00 357 90
2008_005054 0.0928 389.00 82.00 500.00 184.00 0 92
2008_005110 0.0958 154.00 141.00 398.00 295.00 0 90
2008_005139 0.1067 261.00 84.00 341.00 162.00 26 109
2008_005139 0.1233 113.00 108.00 214.00 188.00 1 90
2008_005139 0.0921 257.00 62.00 340.00 120.00 2 88
2008_005139 0.1107 143.00 66.00 236.00 153.00 30 90
2008_005139 0.0863 256.00 39.00 332.00 84.00 342 98
2008_005139 0.0888 270.00 8.00 327.00 60.00 1 113
2008_005139 0.0776 286.00 1.00 341.00 49.00 30 90
2008_005139 0.1225 23.00 78.00 123.00 155.00 336 102
2008_005139 0.0808 348.00 274.00 500.00 375.00 7 89
2008_005139 0.0669 373.00 173.00 500.00 279.00 12 103
2008_005139 0.0658 434.00 132.00 500.00 177.00 355 90
2008_005139 0.1027 412.00 109.00 500.00 177.00 7 89
2008_005139 0.0963 400.00 71.00 486.00 151.00 345 93
2008_005139 0.0939 394.00 54.00 470.00 116.00 337 110
2008_005139 0.0872 377.00 1.00 446.00 76.00 340 89
2008_005139 0.0342 476.00 18.00 500.00 79.00 1 90
2008_005139 0.0866 453.00 1.00 500.00 46.00 340 92
2008_005139 0.0628 1.00 116.00 43.00 183.00 4 92
2008_005166 0.0808 454.00 88.00 488.00 101.00 40 90
2008_005245 0.0802 243.00 144.00 337.00 181.00 0 90
2008_005245 0.0716 1.00 142.00 134.00 190.00 22 95
2008_005255 0.0810 68.00 182.00 157.00 215.00 0 82
2008_005277 0.0714 197.00 373.00 219.00 395.00 345 92
2008_005316 0.1139 244.00 233.00 312.00 279.00 26 96
2008_005316 0.1061 54.00 213.00 191.00 273.00 44 91
2008_005319 0.0721 1.00 197.00 205.00 317.00 35 92
2008_005356 0.0700 5.00 1.00 384.00 83.00 24 93
2008_005361 0.0730 417.00 94.00 459.00 127.00 15 90
2008_005378 0.1149 144.00 143.00 427.00 270.00 327 97
2008_005404 0.1085 91.00 35.00 483.00 306.00 340 103
2008_005446 0.0815 460.00 211.00 500.00 236.00 17 91
2008_005446 0.0773 444.00 207.00 481.00 222.00 0 91
2008_005472 0.0866 376.00 141.00 489.00 180.00 25 92
2008_005548 0.1175 148.00 97.00 411.00 257.00 5 93
2008_005612 0.1043 10.00 180.00 159.00 244.00 9 89
2008_005612 0.0779 141.00 193.00 217.00 249.00 1 90
2008_005638 0.0873 45.00 135.00 451.00 298.00 27 94
2008_005663 0.1076 44.00 69.00 425.00 435.00 16 91
2008_005686 0.1526 20.00 26.00 452.00 280.00 323 101
2008_005686 0.0723 1.00 36.00 49.00 137.00 9 92
2008_005720 0.0761 297.00 359.00 352.00 374.00 12 103
2008_005721 0.0581 47.00 207.00 93.00 225.00 4 94
2008_005721 0.0625 1.00 209.00 45.00 226.00 342 100
2008_005721 0.0765 437.00 217.00 458.00 233.00 30 90
2008_005768 0.0974 39.00 256.00 293.00 394.00 35 90
2008_005796 0.0832 216.00 109.00 328.00 161.00 31 93
2008_005865 0.0631 5.00 194.00 419.00 335.00 338 110
2008_005865 0.0941 1.00 185.00 188.00 317.00 14 92
2008_005875 0.1063 63.00 52.00 434.00 277.00 351 92
2008_005889 0.0859 435.00 277.00 500.00 317.00 1 90
2008_005907 0.0618 88.00 220.00 228.00 269.00 39 96
2008_005936 0.0921 1.00 26.00 500.00 372.00 30 90
2008_005936 0.0999 264.00 1.00 472.00 82.00 36 95
2008_005936 0.0925 197.00 1.00 300.00 45.00 30 96
2008_005984 0.1022 1.00 191.00 24.00 214.00 334 90
2008_005989 0.0904 75.00 118.00 392.00 260.00 325 96
2008_006017 0.1026 1.00 1.00 81.00 93.00 343 101
2008_006037 0.1096 83.00 178.00 141.00 210.00 338 91
2008_006071 0.0766 437.00 142.00 485.00 160.00 1 90
2008_006071 0.0727 311.00 133.00 359.00 152.00 34 103
2008_006071 0.0835 189.00 123.00 240.00 142.00 348 97
2008_006082 0.0708 1.00 321.00 105.00 375.00 34 91
2008_006082 0.0927 374.00 321.00 433.00 351.00 20 101
2008_006087 0.0887 424.00 170.00 453.00 187.00 339 100
2008_006087 0.1060 387.00 168.00 413.00 188.00 335 87
2008_006087 0.0898 354.00 172.00 381.00 189.00 10 90
2008_006087 0.1092 319.00 167.00 356.00 187.00 349 90
2008_006087 0.0959 327.00 161.00 355.00 174.00 41 101
2008_006087 0.0766 264.00 163.00 302.00 178.00 30 99
2008_006222 0.1105 258.00 215.00 456.00 348.00 7 89
2008_006222 0.0787 1.00 231.00 103.00 270.00 24 104
2008_006222 0.0861 391.00 233.00 500.00 375.00 44 97
2008_006222 0.1021 419.00 241.00 471.00 266.00 0 91
2008_006240 0.0891 1.00 1.00 458.00 375.00 1 90
2008_006254 0.1116 26.00 164.00 358.00 416.00 352 90
2008_006275 0.0830 78.00 149.00 115.00 219.00 355 90
2008_006310 0.1032 176.00 134.00 230.00 182.00 1 90
2008_006316 0.1186 376.00 196.00 494.00 259.00 349 90
2008_006316 0.1108 321.00 190.00 448.00 264.00 34 93
2008_006316 0.0992 239.00 183.00 403.00 269.00 26 96
2008_006316 0.1007 136.00 186.00 345.00 279.00 342 89
2008_006316 0.1124 12.00 176.00 219.00 281.00 39 96
2008_006382 0.1044 1.00 163.00 400.00 375.00 338 96
2008_006392 0.0942 1.00 228.00 95.00 343.00 344 91
2008_006438 0.1094 88.00 20.00 404.00 286.00 355 90
2008_006438 0.0465 438.00 53.00 500.00 207.00 0 93
2008_006438 0.1120 363.00 16.00 476.00 84.00 23 99
2008_006438 0.1007 97.00 8.00 187.00 82.00 348 96
2008_006438 0.0695 1.00 1.00 52.00 80.00 3 91
2008_006526 0.0928 204.00 141.00 248.00 179.00 27 96
2008_006526 0.0680 87.00 128.00 137.00 155.00 327 97
2008_006600 0.0623 1.00 172.00 13.00 193.00 0 90
2008_006600 0.1043 416.00 173.00 463.00 200.00 2 88
2008_006635 0.0898 1.00 164.00 40.00 201.00 344 91
2008_006635 0.0771 76.00 180.00 98.00 200.00 2 94
2008_006635 0.1006 157.00 169.00 168.00 179.00 355 95
2008_006642 0.1165 350.00 139.00 500.00 195.00 35 98
2008_006642 0.0849 84.00 128.00 289.00 189.00 25 91
2008_006642 0.0974 1.00 133.00 65.00 183.00 0 88
2008_006694 0.1324 3.00 51.00 495.00 399.00 21 97
2008_006714 0.1019 110.00 49.00 488.00 300.00 27 94
2008_006714 0.1076 50.00 46.00 163.00 102.00 1 95
2008_006714 0.0984 1.00 52.00 55.00 104.00 337 86
2008_006774 0.1092 34.00 104.00 458.00 304.00 42 93
2008_006800 0.1162 79.00 100.00 339.00 239.00 330 99
2008_006800 0.0983 349.00 78.00 376.00 96.00 344 96
2008_006833 0.0945 306.00 182.00 500.00 375.00 42 94
2008_006839 0.1093 29.00 79.00 112.00 128.00 7 89
2008_006844 0.1040 76.00 108.00 424.00 375.00 0 93
2008_006844 0.0929 422.00 183.00 500.00 243.00 7 89
2008_006844 0.1055 30.00 183.00 86.00 243.00 354 88
2008_006844 0.0316 1.00 198.00 12.00 242.00 339 96
2008_006844 0.0862 415.00 185.00 449.00 206.00 23 85
2008_006885 0.0730 68.00 53.00 433.00 154.00 340 89
2008_006907 0.1084 121.00 210.00 221.00 253.00 337 95
2008_006907 0.0987 1.00 191.00 89.00 255.00 351 87
2008_006907 0.0538 461.00 245.00 500.00 303.00 354 90
2008_006959 0.1151 21.00 210.00 124.00 281.00 350 93
2008_006986 0.0984 42.00 98.00 447.00 289.00 348 96
2008_006989 0.0906 79.00 116.00 180.00 154.00 34 98
2008_006989 0.0863 295.00 117.00 333.00 143.00 330 90
2008_007034 0.0916 19.00 24.00 479.00 246.00 338 91
2008_007064 0.1178 1.00 24.00 494.00 310.00 340 89
2008_007064 0.1012 407.00 4.00 500.00 125.00 1 90
2008_007103 0.0314 133.00 1.00 324.00 63.00 20 93
2008_007119 0.0954 1.00 24.00 474.00 375.00 31 99
2008_007133 0.1002 89.00 288.00 165.00 321.00 21 91
2008_007133 0.0706 164.00 285.00 217.00 305.00 35 92
2008_007133 0.0737 67.00 293.00 83.00 306.00 330 90
2008_007167 0.1027 206.00 131.00 456.00 248.00 320 95
2008_007171 0.1269 77.00 118.00 363.00 297.00 27 93
2008_007181 0.1001 395.00 296.00 478.00 346.00 31 90
2008_007195 0.0854 1.00 288.00 72.00 359.00 342 100
2008_007214 0.0867 12.00 75.00 307.00 235.00 0 92
2008_007225 0.0899 1.00 317.00 75.00 346.00 326 96
2008_007227 0.0918 201.00 210.00 262.00 249.00 10 90
2008_007241 0.0837 147.00 1.00 500.00 280.00 0 85
2008_007264 0.0728 196.00 33.00 441.00 156.00 29 93
2008_007295 0.0922 47.00 200.00 141.00 249.00 42 89
2008_007311 0.0739 306.00 1.00 500.00 115.00 2 87
2008_007314 0.0764 271.00 303.00 315.00 338.00 0 90
2008_007314 0.0792 130.00 293.00 211.00 345.00 355 90
2008_007314 0.0672 216.00 304.00 233.00 320.00 5 90
2008_007314 0.0687 241.00 304.00 257.00 318.00 355 89
2008_007314 0.0490 198.00 305.00 210.00 316.00 355 95
2008_007314 0.0484 65.00 299.00 82.00 315.00 12 90
2008_007323 0.1094 269.00 141.00 298.00 156.00 40 90
2008_007352 0.0733 14.00 201.00 134.00 235.00 29 93
2008_007352 0.1161 316.00 194.00 414.00 257.00 9 91
2008_007352 0.0467 180.00 195.00 190.00 218.00 39 96
2008_007389 0.0879 82.00 123.00 414.00 240.00 320 91
2008_007409 0.0737 422.00 161.00 500.00 259.00 344 91
2008_007409 0.0739 37.00 177.00 63.00 192.00 7 98
2008_007431 0.0969 119.00 173.00 253.00 232.00 340 94
2008_007431 0.1120 288.00 176.00 343.00 207.00 25 97
2008_007431 0.0763 327.00 145.00 349.00 154.00 18 92
2008_007466 0.0989 75.00 165.00 410.00 290.00 318 90
2008_007478 0.0960 348.00 63.00 393.00 120.00 28 99
2008_007480 0.0862 256.00 269.00 364.00 332.00 35 92
2008_007488 0.0812 1.00 234.00 50.00 286.00 12 103
2008_007488 0.0814 1.00 200.00 49.00 251.00 355 90
2008_007488 0.1119 446.00 230.00 500.00 258.00 10 91
2008_007488 0.0700 452.00 244.00 500.00 324.00 18 102
2008_007488 0.0805 417.00 239.00 451.00 292.00 0 93
2008_007529 0.0847 21.00 28.00 280.00 210.00 4 94
2008_007534 0.1070 454.00 42.00 500.00 78.00 12 103
2008_007558 0.0660 1.00 1.00 169.00 254.00 20 93
2008_007558 0.0442 408.00 190.00 500.00 375.00 5 99
2008_007595 0.0425 213.00 322.00 227.00 357.00 0 90
2008_007595 0.0359 221.00 312.00 236.00 362.00 320 93
2008_007595 0.0322 226.00 304.00 249.00 365.00 320 93
2008_007595 0.0570 240.00 250.00 329.00 382.00 355 90
2008_007595 0.0483 258.00 271.00 342.00 393.00 42 94
2008_007595 0.0531 270.00 237.00 375.00 411.00 330 90
2008_007595 0.0928 93.00 333.00 127.00 360.00 1 90
2008_007716 0.0929 1.00 1.00 193.00 266.00 35 101
2008_007739 0.0921 266.00 7.00 500.00 243.00 2 87
2008_007739 0.0425 1.00 154.00 83.00 375.00 344 91
2008_007757 0.1068 16.00 72.00 422.00 333.00 34 91
2008_007791 0.1253 41.00 134.00 237.00 235.00 340 91
2008_007791 0.1333 227.00 142.00 453.00 236.00 349 99
2008_007793 0.0927 31.00 194.00 497.00 350.00 325 96
2008_007804 0.0774 152.00 219.00 500.00 362.00 39 90
2008_007804 0.0832 188.00 198.00 292.00 240.00 347 91
2008_007804 0.0870 160.00 201.00 195.00 229.00 328 96
2008_007804 0.0802 293.00 200.00 318.00 213.00 0 93
2008_007804 0.0814 271.00 200.00 295.00 212.00 340 89
2008_007804 0.1009 317.00 201.00 336.00 214.00 0 87
2008_007804 0.0852 137.00 199.00 149.00 212.00 12 103
2008_007804 0.0692 69.00 193.00 88.00 215.00 12 92
2008_007804 0.0694 216.00 187.00 271.00 206.00 319 112
2008_007872 0.0769 1.00 281.00 271.00 375.00 41 100
2008_007981 0.1124 6.00 56.00 498.00 300.00 0 85
2008_008001 0.1007 425.00 198.00 500.00 259.00 10 90
2008_008024 0.0761 33.00 1.00 301.00 117.00 20 98
2008_008025 0.0672 14.00 99.00 46.00 112.00 342 100
2008_008050 0.0653 81.00 53.00 138.00 96.00 26 102
2008_008069 0.0368 249.00 85.00 333.00 500.00 20 93
2008_008086 0.1005 279.00 242.00 300.00 251.00 34 103
2008_008086 0.1064 193.00 242.00 213.00 252.00 36 91
2008_008086 0.0721 425.00 201.00 436.00 206.00 13 99
2008_008086 0.0430 371.00 202.00 385.00 206.00 0 88
2008_008086 0.0550 323.00 200.00 339.00 205.00 33 102
2008_008086 0.0568 232.00 198.00 248.00 204.00 344 87
2008_008086 0.0494 276.00 199.00 293.00 203.00 34 93
2008_008086 0.0500 251.00 199.00 264.00 203.00 35 98
2008_008120 0.0415 10.00 166.00 21.00 185.00 7 98
2008_008127 0.0945 207.00 118.00 246.00 144.00 30 100
2008_008141 0.0920 109.00 161.00 174.00 193.00 340 89
2008_008177 0.1334 405.00 125.00 500.00 174.00 26 92
2008_008210 0.0718 355.00 139.00 459.00 178.00 43 99
2008_008210 0.0804 20.00 150.00 36.00 164.00 351 92
2008_008210 0.1079 34.00 152.00 67.00 174.00 11 90
2008_008210 0.0898 58.00 151.00 85.00 169.00 39 96
2008_008210 0.0949 86.00 151.00 111.00 165.00 10 90
2008_008210 0.0883 111.00 150.00 135.00 163.00 42 89
2008_008246 0.1055 1.00 123.00 222.00 245.00 325 96
2008_008357 0.0704 234.00 115.00 344.00 205.00 345 92
2008_008501 0.0619 154.00 160.00 275.00 232.00 340 89
2008_008659 0.0472 144.00 248.00 198.00 275.00 13 99
2008_008659 0.0585 418.00 240.00 437.00 263.00 330 90
2008_008662 0.0977 34.00 29.00 92.00 56.00 24 100
2008_008679 0.0833 406.00 243.00 500.00 365.00 34 104
2008_008679 0.0929 350.00 256.00 436.00 318.00 1 90
2008_008679 0.0729 295.00 261.00 327.00 284.00 0 89
2008_008679 0.0708 280.00 263.00 300.00 277.00 34 91
2008_008679 0.0969 1.00 243.00 116.00 321.00 17 91
2008_008679 0.1020 111.00 256.00 160.00 297.00 9 92
2008_008679 0.0926 221.00 263.00 234.00 273.00 342 98
2008_008726 0.0737 143.00 124.00 182.00 140.00 335 92
2009_000060 0.0496 479.00 184.00 500.00 233.00 34 91
2009_000078 0.0833 95.00 117.00 404.00 225.00 335 92
2009_000089 0.1108 1.00 202.00 85.00 300.00 1 90
2009_000089 0.0943 460.00 189.00 500.00 227.00 34 91
2009_000097 0.0995 36.00 162.00 135.00 199.00 328 101
2009_000097 0.0903 411.00 152.00 467.00 179.00 335 99
2009_000097 0.0725 462.00 156.00 492.00 179.00 344 91
2009_000121 0.1258 162.00 356.00 254.00 419.00 19 93
2009_000165 0.1108 139.00 139.00 262.00 218.00 1 90
2009_000169 0.0636 239.00 53.00 315.00 79.00 14 93
2009_000169 0.0494 167.00 60.00 218.00 75.00 31 95
2009_000212 0.0647 194.00 192.00 268.00 226.00 0 90
2009_000212 0.0596 190.00 177.00 227.00 205.00 326 96
2009_000212 0.0818 254.00 172.00 298.00 197.00 40 90
2009_000225 0.1019 1.00 230.00 59.00 266.00 14 93
2009_000225 0.1132 48.00 237.00 110.00 268.00 344 100
2009_000225 0.0925 87.00 235.00 156.00 271.00 35 101
2009_000225 0.0817 143.00 246.00 200.00 273.00 35 92
2009_000225 0.0906 173.00 245.00 228.00 275.00 27 91
2009_000225 0.0704 234.00 254.00 252.00 273.00 35 92
2009_000225 0.0761 330.00 258.00 370.00 281.00 330 90
2009_000225 0.0979 295.00 261.00 307.00 275.00 342 98
2009_000282 0.0948 148.00 129.00 176.00 150.00 3 87
2009_000283 0.0939 1.00 74.00 33.00 100.00 21 101
2009_000288 0.0995 119.00 29.00 390.00 301.00 21 97
2009_000288 0.0656 1.00 94.00 99.00 132.00 2 94
2009_000288 0.0341 447.00 65.00 475.00 149.00 335 99
2009_000335 0.1039 411.00 184.00 500.00 254.00 14 95
2009_000397 0.0833 172.00 207.00 446.00 290.00 15 90
2009_000399 0.0952 115.00 104.00 454.00 256.00 345 106
2009_000402 0.0952 3.00 1.00 500.00 237.00 14 89
2009_000457 0.1020 332.00 128.00 500.00 209.00 21 91
2009_000461 0.0609 375.00 144.00 458.00 176.00 25 90
2009_000461 0.0658 134.00 147.00 220.00 178.00 18 87
2009_000523 0.1252 10.00 177.00 375.00 480.00 329 95
2009_000542 0.0702 53.00 200.00 200.00 256.00 348 90
2009_000542 0.0519 57.00 208.00 392.00 362.00 330 90
2009_000568 0.1259 471.00 139.00 500.00 153.00 31 90
2009_000631 0.0967 32.00 1.00 500.00 242.00 0 88
2009_000683 0.1166 201.00 95.00 435.00 256.00 31 94
2009_000683 0.0724 74.00 194.00 141.00 235.00 349 90
2009_000726 0.1106 55.00 89.00 380.00 267.00 26 102
2009_000726 0.0858 1.00 129.00 102.00 245.00 330 90
2009_000726 0.1020 430.00 137.00 500.00 227.00 0 87
2009_000741 0.0914 413.00 56.00 500.00 133.00 355 90
2009_000741 0.1050 6.00 38.00 500.00 375.00 324 101
2009_000821 0.0973 1.00 1.00 500.00 306.00 348 96
2009_000825 0.1152 115.00 127.00 386.00 254.00 1 100
2009_000886 0.0869 379.00 193.00 450.00 255.00 5 90
2009_000886 0.0872 438.00 212.00 500.00 271.00 343 94
2009_000886 0.1012 85.00 171.00 105.00 191.00 21 97
2009_000886 0.1041 66.00 170.00 88.00 187.00 335 91
2009_000904 0.0997 275.00 185.00 300.00 200.00 35 90
2009_000948 0.0876 133.00 124.00 448.00 237.00 34 97
2009_000948 0.0854 273.00 97.00 323.00 124.00 345 90
2009_000954 0.0946 260.00 289.00 296.00 333.00 2 88
2009_001026 0.0811 474.00 121.00 500.00 145.00 7 98
2009_001026 0.0861 407.00 125.00 433.00 144.00 3 91
2009_001026 0.0713 45.00 115.00 78.00 135.00 7 98
2009_001083 0.0778 319.00 163.00 361.00 214.00 0 93
2009_001083 0.0598 347.00 169.00 379.00 213.00 347 91
2009_001097 0.0974 227.00 1.00 312.00 30.00 111 86
2009_001097 0.0909 56.00 13.00 219.00 68.00 350 89
2009_001097 0.1212 85.00 51.00 426.00 241.00 326 91
2009_001113 0.0889 401.00 132.00 420.00 147.00 9 89
2009_001113 0.1012 466.00 132.00 479.00 142.00 342 98
2009_001113 0.0771 488.00 132.00 500.00 147.00 348 96
2009_001240 0.0996 1.00 225.00 205.00 341.00 34 104
2009_001245 0.0817 35.00 209.00 45.00 221.00 10 95
2009_001255 0.0829 19.00 1.00 500.00 172.00 352 90
2009_001321 0.0963 47.00 271.00 63.00 282.00 29 93
2009_001519 0.0800 366.00 231.00 394.00 245.00 26 102
2009_001519 0.0434 403.00 220.00 411.00 244.00 33 102
2009_001519 0.0884 1.00 189.00 132.00 333.00 342 98
2009_001536 0.0896 61.00 55.00 397.00 261.00 0 90
2009_001591 0.1264 14.00 285.00 327.00 446.00 0 85
2009_001675 0.0445 1.00 165.00 74.00 331.00 355 90
2009_001767 0.1208 143.00 112.00 322.00 213.00 327 97
2009_001811 0.0354 1.00 271.00 42.00 364.00 355 90
2009_001811 0.0867 1.00 187.00 102.00 282.00 353 89
2009_001811 0.0917 1.00 172.00 97.00 231.00 320 93
2009_001811 0.0902 94.00 178.00 120.00 195.00 13 85
2009_001820 0.0737 199.00 160.00 303.00 189.00 338 110
2009_001945 0.0890 20.00 156.00 332.00 500.00 326 96
2009_001945 0.1000 52.00 134.00 143.00 179.00 35 92
2009_001984 0.0769 367.00 1.00 500.00 168.00 42 92
2009_001984 0.0705 68.00 1.00 369.00 101.00 321 95
2009_001988 0.0952 21.00 120.00 474.00 299.00 0 90
2009_002058 0.0490 1.00 181.00 142.00 484.00 8 92
2009_002073 0.0940 28.00 80.00 477.00 232.00 325 98
2009_002128 0.0403 453.00 228.00 479.00 319.00 1 94
2009_002128 0.1080 70.00 184.00 154.00 243.00 32 102
2009_002128 0.0776 25.00 201.00 54.00 248.00 30 90
2009_002128 0.0746 47.00 188.00 85.00 239.00 327 104
2009_002164 0.1045 130.00 115.00 414.00 278.00 26 102
2009_002212 0.0969 120.00 60.00 166.00 94.00 333 100
2009_002238 0.1048 390.00 194.00 500.00 268.00 7 98
2009_002239 0.0878 1.00 261.00 141.00 367.00 343 94
2009_002267 0.0746 1.00 1.00 472.00 202.00 325 92
2009_002380 0.0918 48.00 44.00 375.00 417.00 1 100
2009_002436 0.0910 473.00 189.00 493.00 210.00 4 92
2009_002436 0.0626 442.00 193.00 462.00 209.00 35 92
2009_002517 0.0917 415.00 194.00 500.00 296.00 4 92
2009_002524 0.0853 365.00 183.00 500.00 222.00 28 101
2009_002532 0.0938 47.00 249.00 70.00 272.00 15 100
2009_002570 0.0925 439.00 168.00 500.00 246.00 330 90
2009_002618 0.0608 1.00 110.00 193.00 333.00 343 94
2009_002632 0.1069 142.00 52.00 417.00 254.00 10 90
2009_002711 0.1061 1.00 1.00 447.00 291.00 331 99
2009_002711 0.0299 454.00 14.00 500.00 142.00 29 96
2009_002744 0.0985 403.00 51.00 497.00 106.00 34 96
2009_002744 0.0977 298.00 59.00 490.00 226.00 343 101
2009_002777 0.0947 230.00 166.00 461.00 345.00 317 101
2009_002806 0.0761 262.00 119.00 500.00 252.00 27 104
2009_002841 0.0410 182.00 366.00 193.00 399.00 319 93
2009_002894 0.0514 272.00 245.00 334.00 403.00 330 90
2009_002894 0.0370 1.00 259.00 40.00 382.00 7 98
2009_002960 0.1053 2.00 25.00 315.00 320.00 335 97
2009_002960 0.0412 439.00 93.00 500.00 261.00 325 90
2009_002990 0.0933 28.00 89.00 465.00 258.00 38 96
2009_003003 0.0977 13.00 20.00 356.00 255.00 35 92
2009_003020 0.0803 146.00 162.00 276.00 256.00 0 92
2009_003031 0.1252 24.00 70.00 475.00 307.00 39 90
2009_003058 0.1275 82.00 146.00 333.00 365.00 7 89
2009_003132 0.1014 58.00 346.00 253.00 431.00 10 90
2009_003132 0.0744 219.00 347.00 256.00 360.00 0 92
2009_003183 0.1013 89.00 293.00 192.00 373.00 346 90
2009_003212 0.0868 24.00 203.00 68.00 241.00 359 97
2009_003212 0.0983 40.00 206.00 103.00 256.00 13 93
2009_003212 0.1110 71.00 209.00 197.00 279.00 320 95
2009_003212 0.1113 168.00 209.00 469.00 351.00 338 92
2009_003238 0.1054 281.00 97.00 500.00 240.00 38 103
2009_003255 0.1038 32.00 21.00 481.00 306.00 330 102
2009_003255 0.0950 261.00 15.00 500.00 191.00 330 99
2009_003255 0.0792 35.00 19.00 328.00 84.00 325 96
2009_003255 0.0880 234.00 3.00 309.00 49.00 12 92
2009_003255 0.0822 128.00 9.00 224.00 48.00 30 99
2009_003269 0.0457 207.00 189.00 267.00 273.00 0 95
2009_003376 0.1020 13.00 35.00 495.00 316.00 343 94
2009_003376 0.0794 279.00 45.00 500.00 206.00 27 94
2009_003387 0.1005 1.00 114.00 500.00 332.00 39 96
2009_003387 0.0855 2.00 96.00 94.00 188.00 359 97
2009_003406 0.0901 20.00 96.00 414.00 250.00 332 91
2009_003500 0.0977 45.00 2.00 415.00 333.00 5 90
2009_003549 0.1072 45.00 50.00 469.00 238.00 37 92
2009_003560 0.1218 264.00 150.00 305.00 178.00 0 90
2009_003566 0.0571 23.00 197.00 56.00 207.00 34 91
2009_003589 0.1250 31.00 92.00 469.00 312.00 19 88
2009_003592 0.0868 468.00 206.00 500.00 239.00 28 103
2009_003633 0.0880 393.00 84.00 500.00 136.00 42 92
2009_003725 0.0517 130.00 262.00 266.00 293.00 0 95
2009_003725 0.0593 241.00 255.00 387.00 290.00 33 105
2009_003725 0.0898 368.00 240.00 469.00 289.00 39 90
2009_003781 0.0973 378.00 170.00 429.00 196.00 0 88
2009_003781 0.0666 429.00 170.00 500.00 200.00 97 95
2009_003802 0.0408 401.00 57.00 500.00 375.00 352 90
2009_003814 0.1204 49.00 37.00 428.00 223.00 15 88
2009_003822 0.1007 465.00 93.00 500.00 144.00 0 89
2009_003879 0.0939 1.00 1.00 162.00 60.00 344 100
2009_003905 0.0888 249.00 126.00 333.00 178.00 6 90
2009_003905 0.0829 129.00 159.00 153.00 171.00 5 94
2009_003977 0.0956 106.00 67.00 429.00 319.00 0 95
2009_003977 0.0864 375.00 163.00 479.00 223.00 334 95
2009_003977 0.0829 437.00 168.00 499.00 207.00 329 95
2009_004102 0.1059 51.00 66.00 444.00 296.00 355 89
2009_004102 0.1177 21.00 102.00 154.00 183.00 20 93
2009_004175 0.1076 250.00 157.00 330.00 208.00 335 91
2009_004197 0.1149 477.00 228.00 500.00 248.00 12 90
2009_004224 0.0896 360.00 136.00 500.00 271.00 30 90
2009_004224 0.1272 111.00 119.00 354.00 245.00 331 100
2009_004224 0.1045 1.00 138.00 63.00 224.00 355 90
2009_004232 0.1144 1.00 48.00 213.00 243.00 16 103
2009_004232 0.1137 23.00 1.00 499.00 368.00 0 89
2009_004258 0.0902 2.00 173.00 57.00 195.00 350 93
2009_004272 0.1050 161.00 68.00 389.00 208.00 35 92
2009_004303 0.0610 422.00 4.00 493.00 28.00 345 103
2009_004303 0.1013 266.00 1.00 379.00 60.00 33 102
2009_004303 0.1068 82.00 1.00 385.00 235.00 335 97
2009_004364 0.0835 420.00 58.00 500.00 147.00 0 93
2009_004364 0.0821 455.00 27.00 500.00 75.00 26 102
2009_004364 0.1046 305.00 55.00 403.00 96.00 334 90
2009_004364 0.1205 255.00 56.00 322.00 89.00 318 87
2009_004364 0.0905 191.00 63.00 224.00 85.00 334 90
2009_004364 0.1279 129.00 61.00 211.00 111.00 9 99
2009_004436 0.1028 1.00 85.00 491.00 374.00 35 92
2009_004440 0.0342 13.00 173.00 25.00 212.00 32 97
2009_004455 0.0900 1.00 74.00 90.00 146.00 355 95
2009_004455 0.0923 60.00 67.00 153.00 114.00 32 92
2009_004471 0.1189 41.00 109.00 463.00 286.00 34 103
2009_004471 0.0867 398.00 135.00 500.00 174.00 22 94
2009_004471 0.0920 441.00 141.00 500.00 224.00 0 90
2009_004494 0.0875 262.00 1.00 323.00 66.00 3 87
2009_004494 0.0823 395.00 6.00 474.00 37.00 5 93
2009_004518 0.0622 325.00 57.00 340.00 68.00 12 90
2009_004518 0.0626 290.00 56.00 306.00 65.00 21 92
2009_004518 0.0966 127.00 61.00 153.00 71.00 322 94
2009_004518 0.0941 53.00 94.00 103.00 129.00 27 93
2009_004532 0.0900 385.00 81.00 459.00 124.00 0 95
2009_004532 0.0816 380.00 90.00 429.00 129.00 34 91
2009_004556 0.0707 2.00 93.00 500.00 296.00 26 92
2009_004567 0.0872 1.00 184.00 30.00 215.00 25 103
2009_004567 0.0711 28.00 191.00 47.00 210.00 15 90
2009_004567 0.0856 120.00 185.00 145.00 208.00 20 93
2009_004594 0.1255 91.00 30.00 393.00 301.00 17 91
2009_004630 0.0998 48.00 252.00 179.00 302.00 0 90
2009_004630 0.0928 16.00 253.00 100.00 294.00 340 91
2009_004630 0.0598 2.00 262.00 22.00 288.00 348 96
2009_004630 0.0531 1.00 249.00 39.00 268.00 35 92
2009_004630 0.0734 187.00 253.00 227.00 276.00 14 94
2009_004630 0.0890 211.00 245.00 276.00 279.00 5 93
2009_004630 0.0979 236.00 253.00 305.00 280.00 34 98
2009_004630 0.0570 278.00 248.00 316.00 265.00 316 93
2009_004630 0.0726 302.00 254.00 334.00 269.00 26 96
2009_004630 0.0851 310.00 250.00 370.00 283.00 0 87
2009_004630 0.0413 363.00 253.00 398.00 264.00 35 92
2009_004630 0.0714 483.00 253.00 500.00 274.00 355 90
2009_004630 0.0582 417.00 252.00 456.00 263.00 355 93
2009_004630 0.0598 444.00 247.00 471.00 265.00 19 94
2009_004748 0.1239 57.00 106.00 475.00 316.00 29 96
2009_004748 0.0528 1.00 165.00 61.00 191.00 21 92
2009_004822 0.0479 1.00 1.00 144.00 89.00 35 92
2009_004822 0.0869 166.00 1.00 500.00 70.00 4 94
2009_004872 0.0995 176.00 166.00 252.00 197.00 318 93
2009_004913 0.0690 9.00 186.00 493.00 316.00 30 90
2009_004933 0.0541 1.00 1.00 106.00 117.00 20 93
2009_004933 0.0728 92.00 1.00 264.00 120.00 0 92
2009_004933 0.0955 285.00 25.00 397.00 124.00 12 103
2009_005025 0.1235 12.00 94.00 230.00 207.00 33 93
2009_005036 0.0585 368.00 191.00 488.00 238.00 348 96
2009_005036 0.0820 50.00 189.00 87.00 211.00 3 90
2009_005060 0.0826 29.00 189.00 106.00 225.00 5 93
2009_005086 0.1157 385.00 163.00 500.00 242.00 17 91
2009_005104 0.1061 66.00 35.00 455.00 311.00 18 102
2009_005215 0.0771 371.00 206.00 426.00 219.00 37 88
2009_005242 0.1193 23.00 34.00 500.00 333.00 10 88
2009_005279 0.0772 425.00 247.00 500.00 278.00 14 96
2009_005294 0.0936 77.00 210.00 187.00 266.00 0 90
2009_005294 0.0821 318.00 220.00 444.00 296.00 0 90
2009_005294 0.1470 36.00 212.00 328.00 375.00 36 99
2010_000035 0.0989 301.00 1.00 500.00 163.00 12 96
2010_000035 0.0826 1.00 1.00 134.00 160.00 345 90
2010_000036 0.1093 33.00 93.00 450.00 318.00 350 89
2010_000160 0.1002 17.00 24.00 482.00 368.00 3 91
2010_000160 0.0580 1.00 31.00 150.00 140.00 30 90
2010_000194 0.1104 355.00 117.00 413.00 155.00 34 99
2010_000194 0.1099 192.00 117.00 229.00 146.00 34 91
2010_000211 0.1066 9.00 12.00 500.00 323.00 26 93
2010_000246 0.1160 251.00 38.00 500.00 290.00 329 87
2010_000246 0.1089 24.00 33.00 369.00 235.00 37 100
2010_000246 0.1007 1.00 1.00 261.00 187.00 35 102
2010_000279 0.1050 32.00 1.00 500.00 439.00 12 103
2010_000336 0.1066 1.00 1.00 500.00 375.00 336 88
2010_000372 0.0970 306.00 133.00 432.00 205.00 4 94
2010_000372 0.1195 18.00 126.00 432.00 303.00 325 96
2010_000372 0.0764 301.00 108.00 432.00 157.00 4 88
2010_000381 0.0975 13.00 101.00 490.00 273.00 335 92
2010_000381 0.0902 307.00 98.00 500.00 186.00 330 90
2010_000444 0.0486 412.00 120.00 438.00 132.00 34 91
2010_000444 0.0704 454.00 120.00 482.00 131.00 338 101
2010_000444 0.0713 389.00 120.00 406.00 132.00 5 90
2010_000444 0.0785 355.00 119.00 378.00 132.00 7 98
2010_000444 0.0685 331.00 119.00 355.00 133.00 0 90
2010_000444 0.0686 284.00 121.00 308.00 134.00 0 93
2010_000444 0.0524 265.00 121.00 283.00 135.00 355 90
2010_000444 0.0625 309.00 122.00 330.00 135.00 351 92
2010_000444 0.0473 243.00 122.00 264.00 134.00 30 90
2010_000493 0.0993 279.00 156.00 357.00 214.00 37 97
2010_000524 0.1115 1.00 183.00 51.00 227.00 39 91
2010_000524 0.0805 465.00 160.00 500.00 182.00 37 88
2010_000526 0.0952 1.00 1.00 500.00 375.00 12 103
2010_000530 0.0921 157.00 242.00 376.00 349.00 337 103
2010_000530 0.0873 168.00 203.00 237.00 230.00 331 99
2010_000582 0.0965 1.00 41.00 459.00 375.00 330 102
2010_000590 0.1065 59.00 102.00 239.00 290.00 7 98
2010_000590 0.0925 246.00 180.00 290.00 205.00 14 93
2010_000590 0.1038 227.00 182.00 258.00 211.00 0 95
2010_000590 0.0880 52.00 187.00 96.00 217.00 355 90
2010_000604 0.1141 14.00 28.00 109.00 125.00 18 92
2010_000604 0.1080 35.00 84.00 454.00 279.00 336 103
2010_000628 0.1136 148.00 213.00 312.00 293.00 26 102
2010_000682 0.0897 41.00 116.00 86.00 137.00 14 98
2010_000689 0.0696 38.00 1.00 168.00 76.00 21 92
2010_000689 0.0552 1.00 89.00 63.00 181.00 342 98
2010_000711 0.0494 46.00 1.00 500.00 172.00 10 90
2010_000711 0.0296 1.00 1.00 74.00 162.00 345 92
2010_000722 0.0913 21.00 102.00 486.00 389.00 342 98
2010_000865 0.0423 1.00 172.00 16.00 208.00 351 92
2010_000928 0.1110 204.00 175.00 333.00 225.00 71 95
2010_000947 0.0793 460.00 221.00 500.00 257.00 0 93
2010_000952 0.1100 46.00 57.00 479.00 309.00 328 104
2010_001080 0.1111 44.00 121.00 490.00 375.00 357 90
2010_001117 0.1146 339.00 55.00 500.00 122.00 323 100
2010_001117 0.1107 58.00 74.00 411.00 276.00 334 92
2010_001117 0.1112 1.00 55.00 45.00 88.00 9 91
2010_001117 0.1013 102.00 64.00 155.00 91.00 333 92
2010_001117 0.1080 63.00 60.00 119.00 91.00 33 95
2010_001163 0.1005 208.00 154.00 500.00 376.00 339 100
2010_001163 0.0506 1.00 280.00 259.00 376.00 342 98
2010_001220 0.0782 1.00 1.00 500.00 375.00 0 90
2010_001246 0.0938 418.00 218.00 458.00 247.00 342 98
2010_001272 0.1195 1.00 187.00 32.00 218.00 5 96
2010_001315 0.0985 99.00 79.00 424.00 215.00 44 94
2010_001321 0.0559 417.00 190.00 500.00 244.00 20 93
2010_001321 0.1144 310.00 192.00 424.00 252.00 320 101
2010_001321 0.1042 184.00 183.00 343.00 258.00 34 86
2010_001394 0.0930 2.00 16.00 496.00 318.00 330 99
2010_001403 0.1094 1.00 204.00 111.00 304.00 32 102
2010_001449 0.1203 2.00 119.00 391.00 354.00 42 105
2010_001453 0.1310 1.00 182.00 38.00 210.00 335 100
2010_001536 0.0694 309.00 268.00 490.00 322.00 320 90
2010_001553 0.1015 47.00 1.00 358.00 191.00 23 85
2010_001668 0.0807 66.00 176.00 445.00 301.00 322 91
2010_001669 0.0686 22.00 150.00 77.00 202.00 7 98
2010_001685 0.1048 18.00 22.00 485.00 333.00 325 93
2010_001685 0.1001 340.00 1.00 500.00 114.00 348 96
2010_001685 0.0681 296.00 1.00 356.00 12.00 5 96
2010_001685 0.0700 227.00 1.00 298.00 20.00 0 95
2010_001685 0.0578 130.00 1.00 219.00 30.00 342 98
2010_001685 0.0892 1.00 1.00 134.00 55.00 31 95
2010_001734 0.0756 347.00 280.00 384.00 292.00 334 95
2010_001734 0.0469 55.00 278.00 77.00 291.00 12 103
2010_001734 0.0429 77.00 281.00 91.00 290.00 16 100
2010_001757 0.1066 163.00 172.00 500.00 375.00 14 93
2010_001767 0.0859 1.00 34.00 215.00 142.00 330 90
2010_001821 0.1117 284.00 275.00 439.00 363.00 15 100
2010_001821 0.0588 439.00 279.00 483.00 300.00 35 92
2010_001821 0.0432 484.00 300.00 500.00 364.00 0 90
2010_001828 0.0823 1.00 46.00 492.00 281.00 335 94
2010_001892 0.0702 479.00 118.00 500.00 154.00 20 98
2010_001893 0.0896 96.00 119.00 410.00 241.00 322 105
2010_001954 0.1282 131.00 41.00 415.00 234.00 13 89
2010_001966 0.0633 58.00 245.00 96.00 275.00 0 93
2010_001966 0.0516 83.00 244.00 102.00 265.00 355 90
2010_001966 0.0311 98.00 250.00 107.00 258.00 342 98
2010_001966 0.0364 108.00 248.00 117.00 256.00 342 98
2010_001966 0.0335 122.00 250.00 128.00 255.00 30 90
2010_001998 0.0923 47.00 117.00 460.00 280.00 32 100
2010_001998 0.1122 396.00 105.00 439.00 134.00 19 92
2010_001998 0.0977 424.00 100.00 500.00 165.00 3 95
2010_002017 0.0803 295.00 59.00 500.00 247.00 7 98
2010_002046 0.0740 293.00 115.00 433.00 165.00 40 92
2010_002046 0.0804 87.00 119.00 200.00 164.00 33 98
2010_002048 0.0787 104.00 108.00 460.00 263.00 330 90
2010_002175 0.1152 84.00 299.00 331.00 466.00 38 90
2010_002194 0.0774 186.00 153.00 290.00 193.00 327 104
2010_002194 0.0955 46.00 165.00 283.00 259.00 338 100
2010_002200 0.0683 378.00 201.00 397.00 210.00 43 102
2010_002200 0.0727 343.00 202.00 368.00 209.00 8 92
2010_002200 0.0782 213.00 197.00 245.00 208.00 42 89
2010_002200 0.0696 297.00 200.00 330.00 211.00 12 90
2010_002279 0.0893 1.00 1.00 446.00 240.00 326 92
2010_002361 0.1215 317.00 55.00 500.00 242.00 12 103
2010_002361 0.1003 12.00 50.00 488.00 342.00 2 94
2010_002409 0.0867 270.00 72.00 480.00 259.00 318 99
2010_002409 0.0882 1.00 65.00 156.00 216.00 20 93
2010_002409 0.0969 88.00 94.00 405.00 311.00 333 100
2010_002516 0.0903 439.00 101.00 500.00 141.00 35 98
2010_002516 0.0848 200.00 92.00 255.00 112.00 4 94
2010_002516 0.0987 82.00 87.00 205.00 156.00 28 101
2010_002516 0.0913 1.00 88.00 88.00 183.00 344 100
2010_002516 0.0852 280.00 94.00 387.00 145.00 4 91
2010_002516 0.1040 19.00 106.00 382.00 346.00 332 100
2010_002546 0.0930 334.00 163.00 367.00 210.00 328 99
2010_002578 0.0989 107.00 105.00 479.00 266.00 342 88
2010_002579 0.0923 276.00 226.00 318.00 251.00 42 93
2010_002579 0.0872 389.00 259.00 497.00 320.00 359 97
2010_002598 0.0931 1.00 10.00 428.00 327.00 5 90
2010_002783 0.0882 1.00 134.00 500.00 326.00 39 90
2010_002790 0.0937 249.00 66.00 500.00 263.00 336 96
2010_002790 0.1223 52.00 55.00 406.00 340.00 320 90
2010_002790 0.0357 1.00 162.00 69.00 375.00 38 116
2010_002807 0.1076 420.00 47.00 491.00 103.00 27 94
2010_002902 0.1223 62.00 35.00 395.00 290.00 341 102
2010_002902 0.0517 1.00 73.00 70.00 220.00 320 93
2010_002929 0.1128 6.00 57.00 454.00 314.00 327 96
2010_002929 0.1000 1.00 75.00 52.00 123.00 30 90
2010_002929 0.0992 30.00 76.00 74.00 111.00 9 99
2010_002929 0.0474 68.00 81.00 162.00 112.00 356 89
2010_002929 0.0706 376.00 102.00 411.00 145.00 355 95
2010_002940 0.0806 192.00 426.00 207.00 439.00 338 103
2010_002940 0.0477 127.00 439.00 143.00 466.00 42 92
2010_002940 0.0421 117.00 438.00 135.00 470.00 355 95
2010_002985 0.0795 234.00 173.00 272.00 188.00 337 94
2010_002985 0.0903 222.00 186.00 394.00 273.00 4 94
2010_002988 0.1067 254.00 176.00 486.00 310.00 0 93
2010_002988 0.1023 154.00 175.00 361.00 276.00 21 90
2010_002988 0.0973 79.00 173.00 220.00 259.00 11 93
2010_003024 0.0881 79.00 1.00 407.00 271.00 3 91
2010_003120 0.1059 367.00 106.00 495.00 200.00 21 101
2010_003120 0.1096 14.00 63.00 312.00 296.00 339 91
2010_003120 0.1169 234.00 97.00 475.00 240.00 357 90
2010_003123 0.1078 213.00 6.00 271.00 59.00 13 92
2010_003123 0.1055 291.00 1.00 346.00 50.00 26 102
2010_003129 0.0676 30.00 227.00 58.00 238.00 20 90
2010_003129 0.1008 1.00 223.00 38.00 271.00 2 94
2010_003129 0.0979 6.00 234.00 83.00 295.00 0 93
2010_003129 0.0849 68.00 229.00 108.00 249.00 12 91
2010_003129 0.1147 135.00 231.00 228.00 280.00 21 97
2010_003129 0.1103 42.00 241.00 189.00 333.00 336 89
2010_003129 0.0834 258.00 193.00 500.00 288.00 11 92
2010_003129 0.0842 164.00 236.00 500.00 375.00 35 92
2010_003139 0.1098 42.00 66.00 426.00 258.00 32 97
2010_003200 0.0760 39.00 86.00 63.00 105.00 7 98
2010_003200 0.0802 218.00 98.00 265.00 116.00 335 92
2010_003212 0.0747 111.00 225.00 347.00 268.00 30 96
2010_003219 0.1044 9.00 175.00 368.00 437.00 23 85
2010_003231 0.1074 182.00 286.00 360.00 443.00 7 98
2010_003276 0.1173 30.00 46.00 441.00 327.00 14 93
2010_003276 0.0800 89.00 45.00 134.00 60.00 320 95
2010_003293 0.0410 465.00 159.00 500.00 248.00 355 90
2010_003316 0.0975 438.00 232.00 500.00 294.00 324 92
2010_003381 0.0738 1.00 93.00 500.00 342.00 328 89
2010_003385 0.0942 1.00 1.00 488.00 314.00 23 95
2010_003446 0.1205 16.00 105.00 121.00 182.00 0 91
2010_003446 0.0902 96.00 103.00 243.00 173.00 15 90
2010_003446 0.0912 203.00 104.00 277.00 161.00 21 92
2010_003450 0.0938 1.00 1.00 500.00 240.00 10 88
2010_003453 0.1199 30.00 42.00 470.00 318.00 18 98
2010_003453 0.0772 1.00 85.00 118.00 255.00 1 90
2010_003537 0.1326 10.00 34.00 458.00 333.00 34 91
2010_003561 0.1108 30.00 119.00 331.00 391.00 330 90
2010_003562 0.0912 3.00 171.00 36.00 197.00 319 112
2010_003562 0.0973 37.00 174.00 69.00 202.00 14 93
2010_003585 0.0962 4.00 39.00 151.00 102.00 17 91
2010_003585 0.0916 139.00 58.00 279.00 107.00 30 100
2010_003645 0.0790 63.00 163.00 206.00 217.00 10 90
2010_003664 0.1028 365.00 36.00 435.00 63.00 29 95
2010_003664 0.0649 198.00 44.00 344.00 96.00 0 95
2010_003664 0.0984 52.00 81.00 500.00 262.00 0 93
2010_003729 0.1188 169.00 21.00 486.00 314.00 9 92
2010_003730 0.1032 29.00 94.00 448.00 266.00 34 93
2010_003746 0.0951 1.00 85.00 143.00 179.00 0 90
2010_003768 0.0868 152.00 163.00 334.00 208.00 330 101
2010_003768 0.0874 1.00 76.00 40.00 100.00 344 100
2010_003807 0.0920 12.00 154.00 333.00 472.00 7 98
2010_003813 0.1094 33.00 130.00 480.00 336.00 33 102
2010_003854 0.0922 1.00 33.00 403.00 333.00 22 100
2010_003981 0.0998 1.00 41.00 152.00 187.00 34 91
2010_003981 0.1105 52.00 15.00 446.00 314.00 356 89
2010_004021 0.0884 1.00 39.00 192.00 200.00 15 90
2010_004021 0.0650 137.00 61.00 315.00 124.00 334 92
2010_004021 0.0391 354.00 85.00 500.00 223.00 34 91
2010_004027 0.1020 204.00 254.00 311.00 344.00 28 101
2010_004096 0.0716 129.00 140.00 500.00 324.00 13 99
2010_004139 0.0884 5.00 36.00 499.00 346.00 21 96
2010_004228 0.0827 1.00 1.00 84.00 31.00 330 90
2010_004263 0.0818 70.00 141.00 133.00 173.00 15 93
2010_004263 0.0783 16.00 148.00 40.00 163.00 24 93
2010_004291 0.0760 71.00 124.00 458.00 274.00 317 92
2010_004337 0.0748 288.00 196.00 320.00 222.00 319 112
2010_004337 0.0732 266.00 200.00 288.00 219.00 348 96
2010_004390 0.0953 3.00 105.00 495.00 349.00 35 92
2010_004390 0.0751 363.00 131.00 402.00 146.00 16 91
2010_004422 0.0963 309.00 1.00 500.00 203.00 21 93
2010_004484 0.0840 69.00 246.00 300.00 333.00 317 92
2010_004533 0.0659 94.00 85.00 353.00 167.00 0 92
2010_004533 0.0745 1.00 131.00 94.00 165.00 33 95
2010_004557 0.0777 359.00 283.00 393.00 302.00 18 97
2010_004557 0.0832 339.00 288.00 376.00 304.00 16 100
2010_004557 0.0755 283.00 288.00 344.00 313.00 4 94
2010_004557 0.0717 396.00 283.00 424.00 299.00 0 90
2010_004557 0.0717 420.00 286.00 437.00 297.00 15 90
2010_004557 0.0857 393.00 288.00 408.00 300.00 0 93
2010_004557 0.0847 423.00 282.00 445.00 295.00 316 97
2010_004557 0.0417 442.00 284.00 465.00 295.00 30 90
2010_004618 0.0900 136.00 73.00 363.00 250.00 31 92
2010_004654 0.1078 33.00 100.00 462.00 281.00 0 92
2010_004661 0.0975 12.00 171.00 385.00 482.00 2 94
2010_004661 0.1079 248.00 140.00 308.00 183.00 338 103
2010_004661 0.0784 299.00 218.00 374.00 258.00 334 92
2010_004661 0.1001 177.00 165.00 235.00 203.00 23 85
2010_004686 0.0424 291.00 348.00 355.00 480.00 38 91
2010_004692 0.0759 200.00 11.00 319.00 47.00 318 96
2010_004692 0.0929 25.00 7.00 92.00 37.00 31 84
2010_004692 0.0947 1.00 85.00 457.00 374.00 8 92
2010_004692 0.1047 88.00 11.00 123.00 38.00 346 100
2010_004692 0.0908 263.00 13.00 332.00 44.00 325 96
2010_004747 0.0810 14.00 95.00 484.00 266.00 334 90
2010_004785 0.1168 83.00 91.00 433.00 309.00 345 97
2010_004785 0.0651 1.00 84.00 123.00 163.00 35 98
2010_004785 0.0816 1.00 45.00 60.00 84.00 21 99
2010_004785 0.0911 94.00 52.00 123.00 79.00 30 90
2010_004785 0.0937 63.00 52.00 96.00 77.00 0 95
2010_004854 0.1040 159.00 11.00 285.00 66.00 33 90
2010_004865 0.1172 35.00 72.00 311.00 224.00 18 94
2010_004877 0.1072 47.00 116.00 413.00 307.00 11 93
2010_004877 0.0996 1.00 110.00 169.00 267.00 328 89
2010_004930 0.1030 108.00 102.00 354.00 278.00 340 89
2010_004946 0.1263 37.00 165.00 331.00 423.00 1 88
2010_005013 0.0834 342.00 10.00 493.00 70.00 15 90
2010_005075 0.1047 1.00 87.00 307.00 352.00 2 94
2010_005075 0.1006 109.00 66.00 500.00 300.00 31 103
2010_005087 0.0830 1.00 1.00 500.00 375.00 344 91
2010_005123 0.0796 66.00 214.00 93.00 233.00 342 98
2010_005123 0.0861 95.00 212.00 122.00 235.00 330 90
2010_005167 0.0844 1.00 323.00 118.00 375.00 22 100
2010_005226 0.1211 83.00 150.00 144.00 184.00 14 93
2010_005226 0.0954 210.00 141.00 230.00 159.00 39 97
2010_005284 0.0957 423.00 163.00 464.00 203.00 30 90
2010_005323 0.0929 9.00 190.00 490.00 326.00 350 95
2010_005414 0.0999 111.00 63.00 439.00 294.00 334 92
2010_005432 0.1016 36.00 71.00 487.00 319.00 22 98
2010_005474 0.1043 217.00 187.00 346.00 255.00 23 93
2010_005474 0.1013 259.00 163.00 289.00 185.00 16 91
2010_005474 0.0859 156.00 152.00 199.00 173.00 28 94
2010_005483 0.0994 1.00 1.00 500.00 317.00 18 102
2010_005501 0.0933 137.00 1.00 500.00 206.00 18 90
2010_005502 0.1001 211.00 164.00 273.00 214.00 1 93
2010_005542 0.0814 54.00 142.00 79.00 159.00 12 103
2010_005542 0.0741 56.00 133.00 98.00 153.00 30 90
2010_005587 0.1107 43.00 107.00 399.00 347.00 28 91
2010_005718 0.1243 19.00 197.00 79.00 233.00 21 97
2010_005718 0.0740 1.00 212.00 20.00 251.00 34 91
2010_005718 0.0710 81.00 197.00 146.00 224.00 336 94
2010_005733 0.1220 1.00 114.00 131.00 216.00 355 91
2010_005752 0.1053 2.00 116.00 359.00 466.00 1 95
2010_005804 0.0828 45.00 1.00 500.00 333.00 7 89
2010_005817 0.0897 45.00 115.00 473.00 264.00 337 92
2010_005860 0.1352 124.00 100.00 457.00 268.00 28 91
2010_005868 0.1448 49.00 79.00 425.00 302.00 34 91
2010_005907 0.0999 14.00 10.00 479.00 309.00 34 102
2010_005997 0.1008 273.00 119.00 307.00 151.00 4 92
2010_006003 0.0933 162.00 199.00 220.00 248.00 355 95
2010_006003 0.0752 145.00 227.00 164.00 246.00 7 89
2010_006033 0.1084 1.00 1.00 500.00 306.00 326 91
2010_006051 0.0654 449.00 52.00 487.00 66.00 351 87
2010_006051 0.0488 409.00 58.00 432.00 65.00 330 102
2010_006051 0.0524 414.00 51.00 436.00 62.00 1 96
2010_006070 0.0940 1.00 1.00 153.00 105.00 3 91
2011_000007 0.0716 64.00 198.00 87.00 224.00 39 96
2011_000007 0.0835 340.00 159.00 375.00 181.00 352 91
2011_000034 0.0439 466.00 151.00 500.00 230.00 1 90
2011_000076 0.0714 11.00 129.00 240.00 491.00 30 100
2011_000076 0.0793 22.00 188.00 52.00 214.00 6 90
2011_000076 0.0872 1.00 193.00 17.00 217.00 35 90
2011_000086 0.0939 62.00 124.00 446.00 293.00 27 104
2011_000094 0.0959 89.00 59.00 455.00 289.00 330 102
2011_000094 0.1062 331.00 60.00 500.00 168.00 318 103
2011_000094 0.0595 240.00 63.00 391.00 106.00 1 100
2011_000128 0.0717 244.00 45.00 366.00 78.00 30 105
2011_000239 0.0978 2.00 177.00 52.00 199.00 16 91
2011_000239 0.0985 49.00 175.00 84.00 198.00 4 92
2011_000239 0.0932 55.00 177.00 95.00 196.00 0 91
2011_000239 0.0766 92.00 178.00 103.00 194.00 320 93
2011_000248 0.0864 260.00 94.00 299.00 111.00 354 90
2011_000432 0.1104 150.00 163.00 382.00 332.00 5 90
2011_000432 0.0749 1.00 108.00 128.00 254.00 339 100
2011_000503 0.0491 1.00 250.00 18.00 287.00 318 98
2011_000503 0.1080 12.00 237.00 103.00 313.00 16 91
2011_000503 0.0929 395.00 243.00 491.00 289.00 34 103
2011_000503 0.0462 459.00 272.00 499.00 362.00 39 97
2011_000503 0.0717 262.00 251.00 400.00 306.00 19 94
2011_000503 0.0609 170.00 277.00 495.00 374.00 26 96
2011_000559 0.0659 67.00 153.00 98.00 205.00 0 93
2011_000569 0.1409 130.00 111.00 430.00 307.00 1 90
2011_000569 0.1420 1.00 191.00 119.00 296.00 7 98
2011_000658 0.0746 367.00 303.00 499.00 353.00 0 91
2011_000658 0.0794 196.00 312.00 227.00 350.00 7 98
2011_000724 0.0892 118.00 147.00 419.00 266.00 321 98
2011_000785 0.0633 234.00 81.00 292.00 103.00 35 92
2011_000853 0.0336 1.00 280.00 16.00 340.00 353 90
2011_000853 0.0843 12.00 300.00 34.00 326.00 326 96
2011_000853 0.1150 58.00 296.00 99.00 331.00 350 95
2011_000853 0.0903 135.00 298.00 175.00 332.00 0 93
2011_000853 0.0795 197.00 293.00 230.00 325.00 15 90
2011_000887 0.0711 159.00 145.00 310.00 205.00 319 89
2011_000887 0.0927 45.00 120.00 120.00 190.00 6 90
2011_000897 0.1093 355.00 206.00 499.00 301.00 333 106
2011_000900 0.1222 176.00 94.00 475.00 311.00 334 93
2011_000900 0.0866 438.00 77.00 500.00 126.00 342 98
2011_000900 0.0864 1.00 57.00 162.00 294.00 30 90
2011_000900 0.0880 1.00 26.00 160.00 109.00 26 98
2011_000900 0.1009 137.00 46.00 252.00 140.00 342 98
2011_000900 0.0748 184.00 51.00 359.00 98.00 328 93
2011_000900 0.0719 264.00 52.00 401.00 101.00 7 89
2011_000900 0.0963 324.00 54.00 423.00 104.00 318 100
2011_000900 0.0828 464.00 48.00 500.00 74.00 18 87
2011_000901 0.0338 460.00 127.00 495.00 219.00 0 90
2011_001025 0.0399 1.00 349.00 11.00 375.00 0 89
2011_001105 0.0838 438.00 131.00 500.00 168.00 15 90
2011_001105 0.0788 344.00 128.00 423.00 160.00 44 95
2011_001110 0.1222 277.00 163.00 410.00 231.00 326 90
2011_001110 0.1110 1.00 159.00 233.00 314.00 42 89
2011_001110 0.0949 124.00 157.00 246.00 209.00 27 96
2011_001110 0.0752 223.00 154.00 293.00 180.00 5 94
2011_001110 0.0806 74.00 143.00 125.00 166.00 35 92
2011_001110 0.0820 385.00 164.00 410.00 189.00 342 98
2011_001110 0.0723 1.00 140.00 63.00 162.00 318 90
2011_001110 0.0839 215.00 150.00 259.00 172.00 19 87
2011_001110 0.0687 485.00 169.00 500.00 194.00 0 92
2011_001110 0.0832 363.00 154.00 405.00 173.00 327 107
2011_001124 0.1012 4.00 125.00 145.00 253.00 26 102
2011_001124 0.1026 103.00 134.00 253.00 236.00 36 98
2011_001124 0.0658 357.00 141.00 431.00 193.00 7 89
2011_001137 0.0747 223.00 47.00 360.00 90.00 34 91
2011_001190 0.1261 68.00 266.00 91.00 288.00 340 92
2011_001190 0.0916 46.00 268.00 67.00 284.00 0 87
2011_001260 0.0698 1.00 118.00 103.00 316.00 5 94
2011_001260 0.0854 97.00 135.00 371.00 305.00 330 90
2011_001260 0.0923 350.00 133.00 500.00 253.00 20 93
2011_001260 0.0918 256.00 103.00 354.00 154.00 25 90
2011_001260 0.0668 368.00 124.00 500.00 171.00 40 98
2011_001260 0.0777 364.00 117.00 500.00 167.00 18 102
2011_001261 0.0588 1.00 46.00 46.00 130.00 7 98
2011_001261 0.1223 39.00 62.00 460.00 291.00 0 90
2011_001271 0.0999 1.00 182.00 183.00 274.00 10 90
2011_001271 0.1070 273.00 179.00 320.00 213.00 26 102
2011_001271 0.0704 164.00 187.00 229.00 235.00 348 96
2011_001271 0.1081 283.00 161.00 500.00 256.00 334 92
2011_001311 0.0886 1.00 67.00 107.00 211.00 7 89
2011_001311 0.1116 128.00 83.00 360.00 262.00 7 89
2011_001311 0.0399 477.00 111.00 500.00 214.00 12 103
2011_001313 0.0598 230.00 363.00 292.00 375.00 0 93
2011_001313 0.0469 95.00 361.00 150.00 375.00 328 99
2011_001313 0.0577 25.00 362.00 74.00 375.00 7 89
2011_001313 0.0704 1.00 359.00 31.00 375.00 14 95
2011_001406 0.0894 1.00 364.00 41.00 399.00 34 91
2011_001406 0.0478 1.00 432.00 38.00 500.00 355 90
2011_001524 0.0893 274.00 1.00 382.00 51.00 318 103
2011_001524 0.1029 193.00 1.00 274.00 41.00 0 95
2011_001524 0.1092 119.00 1.00 185.00 39.00 39 91
2011_001535 0.0935 137.00 87.00 176.00 143.00 327 96
2011_001535 0.0956 203.00 90.00 225.00 108.00 355 90
2011_001596 0.0940 328.00 168.00 385.00 196.00 14 98
2011_001596 0.0902 23.00 163.00 79.00 193.00 18 102
2011_001596 0.0521 401.00 178.00 444.00 197.00 35 92
2011_001596 0.0599 377.00 173.00 407.00 196.00 42 94
2011_001596 0.0681 1.00 167.00 29.00 189.00 20 93
2011_001596 0.0742 464.00 176.00 485.00 197.00 35 98
2011_001641 0.0883 1.00 95.00 345.00 413.00 31 90
2011_001669 0.1107 331.00 240.00 359.00 259.00 3 90
2011_001747 0.0938 23.00 160.00 103.00 204.00 29 94
2011_001801 0.1054 25.00 181.00 109.00 238.00 342 98
2011_001824 0.0625 47.00 200.00 115.00 231.00 39 97
2011_001982 0.1426 43.00 117.00 449.00 303.00 34 93
2011_001988 0.0661 133.00 1.00 149.00 12.00 355 90
2011_002002 0.0852 431.00 69.00 472.00 88.00 0 90
2011_002021 0.0936 389.00 138.00 500.00 219.00 335 97
2011_002021 0.0574 418.00 191.00 500.00 351.00 349 90
2011_002033 0.0789 1.00 187.00 373.00 341.00 22 94
2011_002064 0.0845 76.00 86.00 121.00 124.00 30 90
2011_002064 0.0958 133.00 80.00 256.00 130.00 20 95
2011_002064 0.1024 378.00 67.00 500.00 139.00 36 98
2011_002174 0.0693 444.00 313.00 500.00 374.00 320 93
2011_002174 0.0945 340.00 322.00 383.00 359.00 355 90
2011_002174 0.0600 228.00 302.00 321.00 367.00 355 89
2011_002174 0.0822 314.00 314.00 349.00 367.00 0 90
2011_002174 0.0940 365.00 318.00 407.00 351.00 2 94
2011_002174 0.0769 408.00 316.00 431.00 342.00 5 90
2011_002174 0.0977 425.00 320.00 445.00 338.00 7 89
2011_002215 0.0568 1.00 267.00 177.00 374.00 7 98
2011_002215 0.0748 134.00 287.00 270.00 374.00 35 92
2011_002215 0.1019 222.00 277.00 292.00 311.00 35 98
2011_002234 0.0921 15.00 67.00 500.00 333.00 26 102
2011_002322 0.0702 1.00 1.00 339.00 125.00 355 90
2011_002366 0.0866 56.00 48.00 341.00 141.00 33 100
2011_002384 0.0609 305.00 217.00 494.00 316.00 38 116
2011_002384 0.0562 433.00 208.00 500.00 249.00 3 87
2011_002536 0.1001 270.00 270.00 352.00 309.00 33 102
2011_002536 0.0991 113.00 248.00 144.00 276.00 0 89
2011_002592 0.1034 45.00 21.00 473.00 342.00 6 90
2011_002629 0.0559 472.00 194.00 500.00 245.00 7 98
2011_002725 0.1050 59.00 159.00 290.00 312.00 340 95
2011_002796 0.1241 79.00 68.00 167.00 137.00 34 91
2011_002796 0.0819 202.00 69.00 237.00 92.00 3 91
2011_002812 0.1026 1.00 159.00 123.00 223.00 34 98
2011_002925 0.0786 271.00 277.00 317.00 299.00 10 88
2011_002925 0.0435 302.00 356.00 375.00 467.00 35 92
2011_002962 0.1110 422.00 152.00 500.00 238.00 340 92
2011_002978 0.0789 2.00 185.00 104.00 236.00 24 94
2011_002978 0.0788 19.00 196.00 103.00 237.00 353 96
2011_003019 0.0580 116.00 1.00 341.00 61.00 10 90
2011_003029 0.1014 19.00 50.00 500.00 375.00 14 89
2011_003055 0.1004 41.00 54.00 493.00 371.00 4 88
2011_003086 0.0673 18.00 361.00 64.00 371.00 1 90
2011_003114 0.0626 373.00 172.00 402.00 234.00 338 99
2011_003167 0.0774 327.00 292.00 375.00 341.00 32 101
2011_003176 0.1076 285.00 214.00 307.00 229.00 349 99
2011_003185 0.0827 1.00 65.00 500.00 367.00 348 98
2011_003269 0.0880 19.00 347.00 309.00 461.00 35 92
