2008_000032 0.1115 6.00 118.00 489.00 274.00 340 89
2008_000075 0.1332 14.00 73.00 500.00 257.00 344 90
2008_000982 0.1633 144.00 70.00 407.00 278.00 0 88
2008_001681 0.0768 188.00 244.00 219.00 263.00 340 93
2008_001820 0.1714 253.00 45.00 500.00 321.00 41 84
2008_001820 0.1549 1.00 18.00 256.00 329.00 11 92
2008_002179 0.1481 41.00 97.00 355.00 333.00 321 89
2008_002205 0.1637 1.00 62.00 453.00 319.00 1 92
2008_002412 0.1447 25.00 157.00 486.00 333.00 348 90
2008_002451 0.1759 336.00 100.00 500.00 238.00 335 91
2008_003067 0.1449 120.00 189.00 288.00 472.00 338 90
2008_003067 0.1415 297.00 344.00 327.00 389.00 0 88
2008_003141 0.1941 100.00 32.00 438.00 314.00 340 91
2008_003673 0.1131 283.00 186.00 355.00 216.00 354 90
2008_003777 0.1626 140.00 1.00 432.00 288.00 6 88
2008_003777 0.0948 80.00 112.00 142.00 223.00 346 91
2008_003777 0.1069 65.00 153.00 90.00 193.00 22 89
2008_003777 0.0455 56.00 161.00 63.00 184.00 2 89
2008_003777 0.0686 48.00 165.00 57.00 182.00 338 89
2008_003924 0.1752 92.00 47.00 433.00 295.00 349 90
2008_003924 0.1528 372.00 95.00 459.00 218.00 329 90
2008_003924 0.0612 480.00 89.00 500.00 217.00 335 87
2008_003924 0.1657 1.00 82.00 236.00 262.00 339 90
2008_004088 0.1297 154.00 27.00 438.00 500.00 350 89
2008_004613 0.1593 29.00 12.00 477.00 304.00 342 90
2008_004614 0.1203 111.00 259.00 252.00 298.00 349 90
2008_004614 0.0784 1.00 262.00 83.00 288.00 42 87
2008_004794 0.1149 90.00 241.00 192.00 279.00 25 91
2008_004866 0.1662 9.00 7.00 271.00 284.00 11 85
2008_004968 0.1398 99.00 258.00 131.00 284.00 331 90
2008_004968 0.1274 128.00 261.00 145.00 280.00 332 87
2008_005139 0.1336 133.00 1.00 277.00 86.00 339 88
2008_005277 0.0576 233.00 173.00 375.00 498.00 17 89
2008_005360 0.1741 31.00 11.00 461.00 332.00 335 88
2008_005360 0.1461 289.00 51.00 480.00 263.00 10 89
2008_005676 0.1178 25.00 176.00 212.00 237.00 343 87
2008_005720 0.0879 1.00 345.00 120.00 374.00 34 88
2008_005720 0.1049 120.00 347.00 140.00 374.00 2 89
2008_005720 0.1094 138.00 355.00 176.00 374.00 334 89
2008_005933 0.1153 183.00 94.00 364.00 144.00 326 91
2008_005933 0.1266 1.00 95.00 103.00 148.00 0 88
2008_005984 0.1917 21.00 34.00 497.00 357.00 340 90
2008_006359 0.1734 1.00 10.00 416.00 375.00 347 89
2008_006530 0.1942 1.00 1.00 500.00 375.00 27 88
2008_006554 0.1247 62.00 79.00 369.00 278.00 11 92
2008_006635 0.1823 180.00 108.00 376.00 250.00 0 92
2008_007056 0.1199 114.00 264.00 410.00 375.00 10 93
2008_007133 0.1345 1.00 227.00 63.00 322.00 22 90
2008_007352 0.1611 185.00 96.00 317.00 269.00 18 89
2008_007488 0.1617 43.00 60.00 419.00 298.00 338 88
2008_007635 0.1616 1.00 1.00 500.00 361.00 338 87
2008_007797 0.1637 58.00 108.00 375.00 413.00 10 89
2008_007804 0.1428 86.00 181.00 138.00 217.00 1 88
2008_007872 0.0546 420.00 72.00 500.00 375.00 5 90
2008_007931 0.1708 1.00 1.00 500.00 338.00 337 91
2008_008066 0.1375 35.00 16.00 340.00 465.00 338 90
2008_008113 0.1828 132.00 94.00 466.00 289.00 340 89
2008_008120 0.1720 18.00 29.00 471.00 324.00 336 95
2008_008120 0.1191 433.00 134.00 500.00 217.00 340 89
2008_008120 0.0743 411.00 139.00 435.00 188.00 341 89
2008_008234 0.1513 74.00 17.00 488.00 375.00 351 90
2008_008252 0.1564 38.00 79.00 348.00 373.00 339 90
2008_008301 0.1159 1.00 93.00 500.00 253.00 27 96
2008_008469 0.1573 1.00 1.00 352.00 397.00 338 91
2008_008598 0.1324 455.00 131.00 500.00 197.00 0 92
2008_008598 0.1586 1.00 12.00 456.00 287.00 328 88
2008_008679 0.0963 244.00 242.00 273.00 279.00 0 88
2008_008682 0.1871 234.00 194.00 405.00 354.00 340 88
2008_008682 0.1679 137.00 222.00 253.00 337.00 335 89
2008_008682 0.1540 58.00 218.00 166.00 321.00 337 95
2008_008682 0.1579 1.00 213.00 89.00 317.00 332 92
2008_008683 0.1381 112.00 113.00 236.00 322.00 322 95
2008_008683 0.1599 1.00 147.00 115.00 287.00 322 86
2008_008684 0.1702 213.00 171.00 295.00 260.00 9 91
2008_008684 0.1702 287.00 170.00 359.00 239.00 322 95
2008_008705 0.1631 240.00 114.00 484.00 286.00 349 91
2008_008705 0.1463 7.00 149.00 209.00 246.00 341 87
2009_000060 0.1565 98.00 23.00 476.00 329.00 14 91
2009_000089 0.1881 59.00 59.00 462.00 287.00 15 89
2009_000097 0.1474 185.00 128.00 408.00 215.00 338 90
2009_000199 0.1383 103.00 117.00 454.00 284.00 29 86
2009_000335 0.1505 112.00 47.00 384.00 269.00 20 93
2009_000335 0.1566 1.00 113.00 145.00 259.00 0 91
2009_000426 0.1881 1.00 68.00 241.00 250.00 354 90
2009_000426 0.1662 231.00 95.00 453.00 242.00 335 87
2009_000455 0.1604 212.00 120.00 353.00 280.00 21 85
2009_000519 0.1457 414.00 181.00 500.00 249.00 22 89
2009_000519 0.1366 134.00 169.00 394.00 273.00 337 95
2009_000519 0.1515 84.00 184.00 137.00 240.00 15 89
2009_000558 0.1756 6.00 109.00 375.00 429.00 18 89
2009_000558 0.0875 279.00 142.00 375.00 356.00 38 107
2009_000568 0.1386 24.00 44.00 471.00 227.00 338 90
2009_000568 0.1147 470.00 129.00 495.00 145.00 11 92
2009_000648 0.1432 121.00 101.00 389.00 231.00 6 89
2009_000886 0.1588 100.00 110.00 380.00 257.00 36 89
2009_000960 0.1450 103.00 57.00 499.00 322.00 17 89
2009_001044 0.1607 75.00 107.00 463.00 295.00 352 93
2009_001082 0.1519 261.00 85.00 500.00 354.00 318 90
2009_001082 0.1650 9.00 13.00 294.00 339.00 343 90
2009_001083 0.0957 27.00 124.00 92.00 202.00 346 91
2009_001083 0.1392 381.00 112.00 500.00 216.00 0 91
2009_001083 0.1249 92.00 72.00 320.00 294.00 346 91
2009_001113 0.1929 25.00 27.00 401.00 266.00 329 93
2009_001148 0.1571 39.00 31.00 460.00 323.00 343 90
2009_001148 0.0720 403.00 32.00 500.00 278.00 341 91
2009_001326 0.1744 72.00 70.00 437.00 307.00 333 89
2009_001326 0.1262 347.00 141.00 479.00 231.00 339 90
2009_001326 0.0611 59.00 168.00 75.00 233.00 352 89
2009_001366 0.1802 14.00 44.00 496.00 334.00 340 89
2009_001633 0.1319 20.00 16.00 346.00 497.00 15 89
2009_001633 0.0633 304.00 153.00 375.00 386.00 34 88
2009_001675 0.1804 63.00 27.00 456.00 374.00 13 89
2009_001707 0.1719 116.00 30.00 472.00 352.00 14 89
2009_001752 0.1496 77.00 70.00 382.00 223.00 321 89
2009_001778 0.1084 440.00 113.00 488.00 139.00 14 90
2009_001804 0.1651 84.00 98.00 454.00 312.00 334 89
2009_001804 0.1302 37.00 159.00 63.00 200.00 7 87
2009_001811 0.1562 152.00 122.00 394.00 268.00 23 90
2009_001816 0.1583 16.00 66.00 411.00 295.00 19 90
2009_001822 0.1729 32.00 1.00 444.00 333.00 12 92
2009_001854 0.1688 83.00 20.00 386.00 310.00 29 86
2009_001854 0.0927 1.00 68.00 92.00 275.00 9 88
2009_001967 0.1740 40.00 36.00 404.00 301.00 19 88
2009_002128 0.1440 151.00 52.00 421.00 287.00 319 91
2009_002238 0.1781 1.00 12.00 403.00 409.00 341 90
2009_002398 0.1733 11.00 12.00 477.00 340.00 21 85
2009_002398 0.1134 1.00 126.00 60.00 251.00 11 85
2009_002436 0.1660 31.00 12.00 447.00 301.00 342 90
2009_002457 0.1903 30.00 31.00 434.00 305.00 329 90
2009_002512 0.1541 403.00 114.00 500.00 242.00 339 90
2009_002512 0.1659 138.00 23.00 407.00 304.00 21 86
2009_002517 0.1292 20.00 73.00 457.00 289.00 333 86
2009_002532 0.1622 70.00 118.00 357.00 317.00 1 92
2009_002535 0.1680 107.00 73.00 390.00 280.00 339 88
2009_002566 0.1602 109.00 39.00 429.00 269.00 6 89
2009_002566 0.1196 28.00 48.00 113.00 189.00 17 91
2009_002570 0.1242 1.00 64.00 89.00 224.00 354 91
2009_002570 0.1731 86.00 100.00 191.00 222.00 20 93
2009_002570 0.1578 198.00 98.00 280.00 206.00 17 89
2009_002570 0.1376 285.00 106.00 351.00 206.00 11 89
2009_002570 0.1512 359.00 110.00 429.00 213.00 327 87
2009_002876 0.1748 40.00 63.00 463.00 356.00 43 91
2009_002876 0.0792 446.00 93.00 500.00 236.00 1 88
2009_003018 0.1829 26.00 61.00 449.00 280.00 43 91
2009_003276 0.1413 56.00 157.00 327.00 281.00 25 91
2009_003304 0.1718 47.00 52.00 454.00 292.00 16 88
2009_003422 0.1782 28.00 12.00 482.00 303.00 335 90
2009_003491 0.1721 30.00 39.00 367.00 250.00 32 92
2009_003491 0.1651 365.00 87.00 451.00 172.00 21 88
2009_003491 0.1676 449.00 97.00 497.00 150.00 7 87
2009_003566 0.1840 73.00 139.00 407.00 298.00 318 90
2009_003592 0.1250 5.00 126.00 466.00 288.00 18 92
2009_003669 0.1761 116.00 157.00 270.00 313.00 338 90
2009_003669 0.1574 269.00 193.00 425.00 303.00 330 88
2009_003669 0.1555 334.00 222.00 500.00 316.00 21 87
2009_003703 0.1644 75.00 80.00 496.00 324.00 21 94
2009_003703 0.1050 37.00 133.00 117.00 278.00 7 91
2009_003710 0.1779 64.00 39.00 373.00 310.00 1 88
2009_003781 0.1497 75.00 79.00 380.00 269.00 350 90
2009_003821 0.1179 223.00 286.00 246.00 308.00 15 89
2009_003916 0.1563 10.00 28.00 488.00 326.00 7 87
2009_003969 0.1132 89.00 114.00 166.00 176.00 340 93
2009_003969 0.1202 164.00 116.00 320.00 180.00 323 96
2009_004040 0.1336 426.00 116.00 500.00 203.00 332 87
2009_004040 0.0941 350.00 116.00 439.00 197.00 340 93
2009_004040 0.0925 280.00 115.00 362.00 188.00 347 89
2009_004040 0.0581 1.00 34.00 22.00 266.00 0 88
2009_004040 0.0457 23.00 122.00 33.00 204.00 17 89
2009_004040 0.0544 42.00 129.00 59.00 192.00 348 90
2009_004040 0.1666 59.00 36.00 441.00 327.00 33 90
2009_004052 0.1583 49.00 36.00 440.00 302.00 19 90
2009_004072 0.1611 59.00 30.00 500.00 375.00 19 90
2009_004197 0.1321 68.00 194.00 336.00 283.00 321 89
2009_004197 0.1473 333.00 209.00 451.00 262.00 331 90
2009_004197 0.0846 1.00 205.00 75.00 259.00 0 88
2009_004258 0.1707 67.00 46.00 465.00 285.00 6 89
2009_004350 0.1464 70.00 141.00 382.00 321.00 343 89
2009_004440 0.1392 300.00 59.00 481.00 270.00 35 89
2009_004440 0.1719 20.00 92.00 159.00 261.00 338 87
2009_004567 0.1184 91.00 138.00 420.00 256.00 335 87
2009_004590 0.1096 1.00 84.00 65.00 210.00 25 88
2009_004590 0.1828 122.00 37.00 399.00 263.00 22 90
2009_004670 0.1451 20.00 60.00 478.00 276.00 330 99
2009_004732 0.1735 70.00 65.00 416.00 296.00 29 86
2009_004732 0.1016 370.00 96.00 449.00 272.00 337 91
2009_004789 0.1456 77.00 73.00 500.00 347.00 17 89
2009_004789 0.1415 12.00 78.00 232.00 323.00 10 89
2009_004789 0.0559 1.00 75.00 88.00 313.00 20 93
2009_004867 0.1778 53.00 59.00 461.00 321.00 338 91
2009_004947 0.1594 43.00 55.00 353.00 283.00 7 87
2009_005060 0.1256 84.00 52.00 492.00 285.00 6 89
2009_005231 0.1389 92.00 170.00 273.00 244.00 338 88
2009_005231 0.1341 1.00 181.00 97.00 226.00 15 89
2009_005279 0.1602 215.00 149.00 362.00 285.00 345 87
2009_005279 0.1522 6.00 126.00 202.00 300.00 344 88
2010_000069 0.1606 47.00 6.00 463.00 341.00 345 91
2010_000376 0.1770 50.00 108.00 387.00 281.00 333 89
2010_000524 0.1698 65.00 72.00 412.00 290.00 25 92
2010_000573 0.1875 101.00 61.00 448.00 346.00 338 91
2010_000603 0.1487 103.00 65.00 432.00 295.00 29 93
2010_000682 0.1714 94.00 35.00 339.00 211.00 0 88
2010_000689 0.1290 109.00 1.00 395.00 223.00 339 88
2010_000689 0.1199 245.00 1.00 500.00 333.00 354 90
2010_000726 0.1676 52.00 44.00 376.00 440.00 339 92
2010_000726 0.0724 391.00 38.00 454.00 442.00 352 98
2010_000726 0.0748 1.00 105.00 62.00 410.00 339 89
2010_000797 0.1422 374.00 180.00 500.00 232.00 20 93
2010_000797 0.0991 58.00 169.00 250.00 234.00 44 87
2010_000947 0.1546 288.00 78.00 463.00 294.00 6 89
2010_000947 0.1496 56.00 144.00 293.00 285.00 14 90
2010_001204 0.1113 8.00 150.00 121.00 332.00 34 88
2010_001206 0.1376 64.00 83.00 410.00 248.00 343 90
2010_001364 0.1718 1.00 62.00 306.00 354.00 343 90
2010_001403 0.1576 96.00 1.00 488.00 325.00 6 88
2010_001453 0.1819 102.00 66.00 360.00 252.00 25 88
2010_001640 0.1792 1.00 64.00 210.00 246.00 321 89
2010_001640 0.1580 92.00 84.00 368.00 237.00 11 91
2010_001640 0.1624 358.00 99.00 470.00 230.00 350 89
2010_001640 0.1460 298.00 121.00 500.00 220.00 11 92
2010_001646 0.1814 269.00 49.00 496.00 265.00 340 93
2010_001646 0.1820 142.00 110.00 258.00 230.00 26 91
2010_001646 0.1865 11.00 77.00 144.00 244.00 17 90
2010_001771 0.1239 45.00 95.00 375.00 224.00 328 92
2010_001892 0.1637 1.00 1.00 408.00 249.00 349 90
2010_002102 0.1847 105.00 45.00 391.00 276.00 19 88
2010_002200 0.1102 402.00 195.00 434.00 211.00 336 94
2010_002546 0.1349 365.00 102.00 500.00 314.00 348 87
2010_002546 0.1612 67.00 102.00 340.00 293.00 343 90
2010_002758 0.1503 53.00 62.00 450.00 301.00 328 92
2010_002774 0.1596 77.00 66.00 455.00 266.00 348 90
2010_002774 0.1704 1.00 76.00 315.00 261.00 22 90
2010_002868 0.1687 11.00 25.00 287.00 336.00 17 89
2010_002868 0.1731 196.00 87.00 485.00 302.00 18 89
2010_002868 0.1678 380.00 145.00 500.00 241.00 13 91
2010_003040 0.1813 60.00 16.00 458.00 266.00 343 90
2010_003293 0.1617 86.00 52.00 398.00 293.00 18 89
2010_003293 0.1035 59.00 138.00 90.00 195.00 7 92
2010_003562 0.1796 66.00 65.00 472.00 279.00 29 88
2010_003772 0.1375 36.00 138.00 326.00 277.00 328 92
2010_003855 0.1661 3.00 163.00 335.00 440.00 344 89
2010_003936 0.1904 50.00 26.00 404.00 284.00 348 87
2010_004263 0.1425 132.00 87.00 425.00 219.00 327 87
2010_004263 0.1473 45.00 140.00 83.00 163.00 337 91
2010_004348 0.1372 33.00 47.00 409.00 290.00 324 87
2010_004348 0.0534 456.00 107.00 500.00 290.00 333 98
2010_004348 0.0539 1.00 81.00 88.00 290.00 338 88
2010_004554 0.1651 82.00 32.00 449.00 341.00 333 98
2010_004554 0.0930 393.00 77.00 499.00 107.00 336 95
2010_004588 0.0960 1.00 41.00 147.00 344.00 14 91
2010_004588 0.1824 146.00 5.00 433.00 322.00 336 95
2010_004588 0.1660 300.00 85.00 500.00 322.00 341 90
2010_004627 0.1146 125.00 46.00 350.00 138.00 28 88
2010_004637 0.1512 107.00 74.00 481.00 357.00 328 92
2010_004637 0.0837 17.00 196.00 109.00 222.00 22 90
2010_004735 0.1856 1.00 1.00 410.00 491.00 324 89
2010_004903 0.1611 1.00 40.00 358.00 412.00 343 90
2010_005063 0.1225 404.00 147.00 500.00 221.00 347 90
2010_005063 0.1277 358.00 141.00 405.00 216.00 332 89
2010_005063 0.1793 223.00 136.00 363.00 224.00 15 89
2010_005063 0.1481 180.00 147.00 231.00 209.00 335 89
2010_005063 0.1760 86.00 139.00 182.00 226.00 334 89
2010_005063 0.1178 1.00 142.00 82.00 232.00 11 91
2010_005118 0.1786 40.00 85.00 420.00 339.00 344 89
2010_005123 0.1498 117.00 194.00 218.00 244.00 326 90
2010_005160 0.1225 1.00 1.00 212.00 90.00 4 91
2010_005284 0.1645 87.00 25.00 411.00 268.00 20 90
2010_005502 0.1530 109.00 133.00 215.00 217.00 346 91
2010_005527 0.1908 127.00 119.00 343.00 257.00 339 89
2010_005527 0.1242 1.00 160.00 53.00 199.00 0 88
2010_005636 0.1615 84.00 45.00 488.00 310.00 323 96
2010_005756 0.1141 2.00 44.00 476.00 246.00 328 92
2011_000007 0.1038 76.00 106.00 316.00 434.00 332 90
2011_000090 0.1462 14.00 103.00 464.00 304.00 327 87
2011_000178 0.1706 1.00 79.00 461.00 362.00 344 89
2011_000180 0.0783 331.00 345.00 389.00 361.00 338 90
2011_000239 0.1760 99.00 83.00 405.00 290.00 329 90
2011_000248 0.1955 272.00 89.00 428.00 280.00 357 88
2011_000248 0.1749 33.00 80.00 236.00 269.00 322 86
2011_000312 0.1431 240.00 63.00 496.00 174.00 25 92
2011_000312 0.1158 28.00 62.00 314.00 164.00 328 90
2011_000369 0.1502 274.00 117.00 448.00 204.00 21 90
2011_000541 0.1710 86.00 75.00 399.00 269.00 341 91
2011_000541 0.0818 401.00 54.00 500.00 289.00 345 90
2011_000559 0.1655 89.00 78.00 432.00 283.00 25 89
2011_000559 0.0853 1.00 99.00 54.00 209.00 22 92
2011_000767 0.1636 58.00 264.00 312.00 482.00 357 88
2011_000830 0.1738 33.00 34.00 320.00 430.00 6 92
2011_000830 0.1443 1.00 105.00 173.00 380.00 321 89
2011_000830 0.0675 314.00 220.00 347.00 308.00 354 90
2011_000888 0.1380 11.00 64.00 435.00 290.00 32 93
2011_000901 0.1849 52.00 12.00 464.00 292.00 340 89
2011_000969 0.1086 177.00 160.00 440.00 268.00 338 90
2011_001064 0.1365 61.00 130.00 470.00 291.00 338 90
2011_001064 0.0710 470.00 164.00 500.00 245.00 0 88
2011_001105 0.1574 29.00 42.00 403.00 222.00 327 87
2011_001110 0.1248 317.00 136.00 409.00 168.00 346 91
2011_001146 0.1791 24.00 17.00 470.00 315.00 18 89
2011_001146 0.1391 462.00 117.00 499.00 171.00 25 92
2011_001341 0.1785 85.00 24.00 422.00 290.00 0 92
2011_001355 0.1714 121.00 60.00 417.00 309.00 324 90
2011_001355 0.1593 257.00 91.00 483.00 254.00 12 88
2011_001355 0.0633 16.00 73.00 70.00 330.00 40 98
2011_001747 0.1873 95.00 42.00 443.00 283.00 29 86
2011_001747 0.0628 441.00 151.00 455.00 188.00 19 87
2011_001748 0.1223 324.00 210.00 380.00 232.00 34 88
2011_001870 0.1395 66.00 38.00 294.00 421.00 5 90
2011_002079 0.1695 1.00 53.00 344.00 374.00 11 85
2011_002215 0.1139 287.00 1.00 498.00 374.00 333 90
2011_002330 0.1869 82.00 62.00 404.00 246.00 13 90
2011_002330 0.1184 422.00 108.00 478.00 166.00 6 88
2011_002330 0.0685 467.00 107.00 500.00 179.00 346 90
2011_002384 0.0869 28.00 157.00 397.00 246.00 0 88
2011_002629 0.1658 32.00 40.00 470.00 319.00 13 93
2011_002687 0.1848 108.00 165.00 434.00 484.00 25 90
2011_002925 0.1343 87.00 242.00 227.00 341.00 335 87
2011_002944 0.1296 232.00 1.00 499.00 375.00 352 89
2011_003086 0.1596 124.00 237.00 305.00 426.00 341 90
2011_003089 0.1787 16.00 38.00 372.00 455.00 322 95
2011_003114 0.1865 121.00 63.00 378.00 316.00 338 91
