2008_000002 0.2393 34.00 11.00 448.00 293.00 349 104
2008_000016 0.2177 91.00 15.00 392.00 353.00 349 113
2008_000145 0.2129 91.00 59.00 449.00 297.00 12 108
2008_000244 0.2198 55.00 1.00 457.00 375.00 334 79
2008_000305 0.2636 308.00 89.00 429.00 160.00 325 90
2008_000383 0.1998 8.00 66.00 106.00 146.00 340 87
2008_000566 0.2275 225.00 218.00 347.00 334.00 322 97
2008_000566 0.1653 408.00 117.00 500.00 206.00 329 106
2008_000566 0.1433 390.00 202.00 500.00 256.00 22 91
2008_000566 0.1341 280.00 247.00 401.00 360.00 2 114
2008_000904 0.2893 281.00 10.00 415.00 120.00 322 90
2008_001401 0.1794 370.00 127.00 500.00 240.00 22 91
2008_001428 0.3980 39.00 1.00 463.00 356.00 9 90
2008_001481 0.2100 296.00 138.00 375.00 259.00 0 112
2008_001481 0.2389 1.00 134.00 97.00 259.00 3 97
2008_001688 0.2526 193.00 111.00 364.00 222.00 22 90
2008_001772 0.1620 416.00 173.00 451.00 211.00 328 89
2008_001815 0.1957 1.00 5.00 214.00 206.00 328 86
2008_001815 0.0763 1.00 65.00 49.00 222.00 11 89
2008_001920 0.2345 143.00 58.00 288.00 189.00 349 104
2008_001920 0.2700 297.00 48.00 480.00 208.00 0 97
2008_002082 0.2582 356.00 88.00 429.00 143.00 350 84
2008_002140 0.1606 1.00 1.00 304.00 317.00 360 111
2008_002328 0.1309 1.00 255.00 235.00 375.00 10 122
2008_002464 0.2235 154.00 78.00 494.00 334.00 17 130
2008_002481 0.2933 271.00 234.00 320.00 278.00 355 96
2008_002680 0.3232 37.00 34.00 290.00 237.00 17 97
2008_002817 0.2380 154.00 1.00 404.00 216.00 0 96
2008_002826 0.3400 340.00 107.00 500.00 250.00 3 112
2008_002831 0.1778 1.00 1.00 375.00 237.00 27 91
2008_003003 0.2640 111.00 73.00 247.00 164.00 0 112
2008_003026 0.1606 353.00 163.00 500.00 375.00 8 91
2008_003202 0.2427 455.00 109.00 498.00 156.00 0 86
2008_003280 0.1727 233.00 180.00 277.00 262.00 349 104
2008_003280 0.1050 275.00 181.00 310.00 274.00 10 91
2008_003280 0.1691 119.00 174.00 140.00 208.00 12 120
2008_003348 0.2534 201.00 117.00 293.00 215.00 10 122
2008_003432 0.3350 44.00 100.00 141.00 189.00 3 112
2008_003432 0.3461 146.00 91.00 234.00 175.00 3 112
2008_003432 0.2298 221.00 84.00 308.00 171.00 0 87
2008_003432 0.2822 306.00 85.00 391.00 164.00 18 97
2008_003432 0.1667 198.00 38.00 279.00 93.00 349 104
2008_003466 0.2639 128.00 73.00 357.00 287.00 343 103
2008_003609 0.1787 255.00 15.00 409.00 139.00 0 120
2008_003753 0.3486 322.00 186.00 376.00 236.00 0 98
2008_003825 0.1097 1.00 345.00 269.00 417.00 338 105
2008_003885 0.2644 129.00 47.00 444.00 308.00 6 94
2008_003948 0.2040 48.00 149.00 279.00 310.00 355 125
2008_003948 0.2099 269.00 125.00 465.00 275.00 355 125
2008_004006 0.0953 1.00 1.00 451.00 145.00 22 89
2008_004093 0.1917 73.00 113.00 349.00 324.00 338 97
2008_004279 0.1974 130.00 10.00 379.00 183.00 327 105
2008_004297 0.2207 273.00 19.00 445.00 167.00 3 101
2008_004330 0.3554 230.00 52.00 329.00 143.00 44 90
2008_004333 0.2083 310.00 103.00 500.00 285.00 3 112
2008_004501 0.1136 1.00 119.00 88.00 276.00 339 116
2008_004526 0.2503 1.00 147.00 325.00 500.00 10 122
2008_004541 0.1913 157.00 141.00 294.00 255.00 1 101
2008_004550 0.1918 60.00 111.00 140.00 229.00 0 80
2008_004606 0.2633 1.00 1.00 126.00 137.00 322 97
2008_004619 0.1897 199.00 81.00 261.00 134.00 30 88
2008_004665 0.2120 50.00 170.00 102.00 211.00 2 122
2008_004720 0.2899 246.00 84.00 327.00 169.00 349 104
2008_004720 0.2813 171.00 86.00 251.00 186.00 11 105
2008_004754 0.3226 127.00 1.00 354.00 192.00 349 104
2008_004881 0.1886 368.00 50.00 500.00 229.00 0 108
2008_004898 0.2666 61.00 9.00 176.00 100.00 10 90
2008_004910 0.3165 237.00 158.00 350.00 256.00 10 98
2008_004930 0.2491 24.00 4.00 476.00 373.00 1 111
2008_005008 0.2989 219.00 106.00 389.00 250.00 22 91
2008_005008 0.0825 1.00 96.00 29.00 232.00 325 92
2008_005037 0.2284 347.00 29.00 429.00 132.00 0 115
2008_005089 0.2363 155.00 149.00 299.00 276.00 44 89
2008_005183 0.2183 270.00 183.00 384.00 294.00 336 87
2008_005191 0.2417 203.00 186.00 275.00 232.00 343 88
2008_005254 0.2483 106.00 37.00 452.00 286.00 349 104
2008_005255 0.2911 157.00 63.00 490.00 294.00 2 112
2008_005257 0.2404 243.00 125.00 306.00 172.00 18 95
2008_005393 0.2769 168.00 131.00 335.00 261.00 359 84
2008_005439 0.1526 17.00 114.00 289.00 483.00 1 114
2008_005445 0.2293 58.00 149.00 147.00 248.00 9 90
2008_005660 0.2314 4.00 95.00 263.00 329.00 0 99
2008_005660 0.2078 259.00 105.00 472.00 294.00 19 90
2008_005732 0.2581 1.00 114.00 54.00 172.00 0 115
2008_005732 0.2383 455.00 98.00 500.00 138.00 18 95
2008_005877 0.2427 8.00 80.00 262.00 285.00 0 94
2008_005918 0.2512 160.00 117.00 356.00 279.00 0 100
2008_005957 0.1927 342.00 97.00 500.00 253.00 349 104
2008_005962 0.2714 80.00 43.00 390.00 283.00 17 130
2008_006031 0.2445 128.00 93.00 354.00 273.00 5 112
2008_006047 0.1985 262.00 60.00 368.00 128.00 17 97
2008_006052 0.1209 289.00 218.00 389.00 261.00 1 102
2008_006147 0.2173 242.00 6.00 471.00 372.00 330 107
2008_006147 0.2164 2.00 6.00 245.00 382.00 316 92
2008_006159 0.2109 303.00 172.00 444.00 313.00 3 97
2008_006233 0.2646 64.00 1.00 226.00 144.00 5 85
2008_006267 0.1165 19.00 291.00 204.00 375.00 3 112
2008_006267 0.1241 1.00 164.00 57.00 261.00 330 135
2008_006267 0.1817 45.00 148.00 142.00 225.00 4 97
2008_006288 0.2209 43.00 16.00 201.00 226.00 322 97
2008_006366 0.2870 263.00 310.00 349.00 386.00 3 68
2008_006409 0.3166 58.00 70.00 329.00 282.00 9 90
2008_006591 0.1210 190.00 1.00 393.00 71.00 319 90
2008_006591 0.1618 388.00 1.00 500.00 85.00 11 90
2008_006605 0.1915 253.00 123.00 331.00 227.00 4 112
2008_006605 0.2394 361.00 150.00 445.00 234.00 1 99
2008_006617 0.2040 107.00 82.00 379.00 298.00 3 97
2008_006662 0.2835 51.00 90.00 180.00 221.00 35 93
2008_006662 0.2023 1.00 110.00 54.00 220.00 10 92
2008_006710 0.1526 1.00 299.00 99.00 375.00 22 94
2008_006710 0.1560 1.00 243.00 76.00 326.00 22 91
2008_006710 0.1860 201.00 201.00 281.00 294.00 12 96
2008_006773 0.2688 241.00 198.00 316.00 245.00 5 78
2008_006887 0.1639 1.00 132.00 48.00 187.00 1 102
2008_006887 0.1232 162.00 128.00 239.00 154.00 4 96
2008_006948 0.2606 352.00 109.00 417.00 161.00 355 125
2008_007010 0.2434 248.00 135.00 363.00 214.00 9 91
2008_007114 0.3305 45.00 210.00 301.00 484.00 12 97
2008_007114 0.1858 210.00 194.00 350.00 385.00 322 97
2008_007196 0.1398 1.00 185.00 180.00 447.00 27 89
2008_007196 0.1543 203.00 1.00 375.00 179.00 326 90
2008_007196 0.1671 176.00 133.00 355.00 288.00 10 122
2008_007282 0.1924 64.00 232.00 121.00 280.00 338 97
2008_007324 0.2519 128.00 2.00 310.00 188.00 12 96
2008_007332 0.1349 1.00 51.00 158.00 303.00 1 117
2008_007446 0.1792 175.00 91.00 344.00 280.00 358 114
2008_007446 0.1662 1.00 118.00 187.00 375.00 3 81
2008_007476 0.1932 1.00 177.00 119.00 319.00 22 91
2008_007527 0.2645 177.00 123.00 293.00 226.00 338 95
2008_007536 0.2333 31.00 35.00 345.00 329.00 1 81
2008_007536 0.1135 100.00 19.00 296.00 35.00 348 90
2008_007536 0.2249 208.00 1.00 233.00 18.00 22 83
2008_007561 0.3012 274.00 35.00 381.00 152.00 359 108
2008_007567 0.2003 223.00 16.00 388.00 152.00 9 94
2008_007685 0.1373 1.00 141.00 112.00 375.00 1 113
2008_007685 0.3570 154.00 272.00 244.00 363.00 18 87
2008_007798 0.2181 96.00 41.00 288.00 218.00 7 102
2008_007828 0.1726 185.00 192.00 233.00 248.00 22 91
2008_007828 0.1266 434.00 187.00 500.00 296.00 333 109
2008_007933 0.2447 17.00 1.00 266.00 225.00 1 99
2008_007933 0.1655 268.00 1.00 408.00 229.00 3 65
2008_007933 0.1053 17.00 238.00 267.00 308.00 22 84
2008_007933 0.1323 271.00 247.00 408.00 308.00 328 89
2008_008269 0.3810 138.00 54.00 365.00 263.00 338 97
2008_008429 0.3436 53.00 78.00 295.00 258.00 348 90
2008_008439 0.2145 379.00 157.00 489.00 253.00 3 112
2008_008524 0.1761 429.00 124.00 500.00 246.00 10 98
2009_000041 0.2093 192.00 28.00 452.00 235.00 316 99
2009_000041 0.2182 25.00 95.00 214.00 326.00 0 87
2009_000136 0.1661 1.00 109.00 88.00 240.00 10 122
2009_000157 0.3099 60.00 256.00 129.00 323.00 3 112
2009_000157 0.2285 286.00 258.00 333.00 337.00 335 88
2009_000214 0.2847 179.00 109.00 228.00 173.00 338 97
2009_000216 0.2190 8.00 12.00 280.00 265.00 335 88
2009_000391 0.2548 80.00 18.00 249.00 202.00 13 60
2009_000398 0.1745 89.00 338.00 275.00 500.00 0 140
2009_000398 0.1102 182.00 307.00 225.00 325.00 22 91
2009_000398 0.1288 142.00 324.00 231.00 349.00 0 86
2009_000488 0.1695 21.00 1.00 193.00 95.00 334 90
2009_000549 0.2748 392.00 85.00 482.00 215.00 329 89
2009_000552 0.1758 1.00 1.00 72.00 109.00 22 91
2009_000704 0.2976 1.00 162.00 60.00 227.00 3 112
2009_000704 0.2363 308.00 162.00 358.00 212.00 22 91
2009_000791 0.3175 82.00 1.00 322.00 198.00 0 112
2009_000939 0.3143 201.00 158.00 254.00 198.00 355 125
2009_001000 0.2536 84.00 39.00 124.00 69.00 11 94
2009_001069 0.2788 142.00 25.00 403.00 265.00 10 91
2009_001106 0.3111 206.00 228.00 282.00 328.00 340 87
2009_001106 0.1173 158.00 230.00 204.00 330.00 1 102
2009_001155 0.1590 1.00 74.00 163.00 333.00 349 104
2009_001343 0.1838 229.00 70.00 275.00 112.00 22 91
2009_001363 0.1912 180.00 6.00 342.00 97.00 355 125
2009_001393 0.2084 86.00 1.00 467.00 375.00 3 112
2009_001526 0.1421 122.00 2.00 478.00 203.00 331 84
2009_001644 0.2879 288.00 131.00 386.00 193.00 0 99
2009_001682 0.1945 165.00 126.00 352.00 250.00 337 91
2009_001839 0.2776 90.00 105.00 245.00 231.00 2 109
2009_001839 0.1536 368.00 102.00 461.00 222.00 22 91
2009_001839 0.0924 482.00 102.00 500.00 215.00 349 104
2009_001852 0.2510 12.00 58.00 450.00 350.00 29 103
2009_001864 0.2509 89.00 122.00 211.00 213.00 0 74
2009_002094 0.2262 259.00 1.00 439.00 112.00 329 89
2009_002094 0.1829 51.00 1.00 161.00 67.00 40 94
2009_002110 0.1277 1.00 1.00 258.00 375.00 22 90
2009_002110 0.1235 227.00 94.00 289.00 190.00 332 90
2009_002110 0.0808 281.00 78.00 311.00 144.00 322 90
2009_002139 0.2248 145.00 147.00 267.00 241.00 338 95
2009_002232 0.2943 23.00 10.00 461.00 375.00 348 94
2009_002366 0.2985 196.00 1.00 408.00 191.00 17 130
2009_002537 0.1636 406.00 211.00 500.00 375.00 3 112
2009_002562 0.2669 1.00 115.00 375.00 415.00 338 97
2009_002573 0.2808 160.00 194.00 272.00 294.00 359 84
2009_002663 0.2327 236.00 1.00 310.00 86.00 3 112
2009_002733 0.2186 8.00 27.00 237.00 294.00 19 88
2009_002733 0.2596 226.00 12.00 395.00 225.00 18 88
2009_002755 0.1727 327.00 3.00 479.00 83.00 0 127
2009_002967 0.2141 96.00 5.00 372.00 329.00 355 125
2009_002995 0.1905 44.00 1.00 358.00 280.00 6 95
2009_003140 0.1983 99.00 32.00 261.00 206.00 322 90
2009_003191 0.2748 29.00 194.00 101.00 264.00 0 120
2009_003204 0.3478 86.00 19.00 230.00 154.00 3 112
2009_003214 0.2062 217.00 84.00 383.00 225.00 17 130
2009_003214 0.2195 36.00 74.00 219.00 228.00 17 97
2009_003373 0.0803 196.00 110.00 225.00 179.00 349 104
2009_003387 0.1939 114.00 54.00 164.00 91.00 353 109
2009_003387 0.1942 37.00 57.00 90.00 91.00 22 94
2009_003523 0.2704 111.00 108.00 448.00 350.00 11 105
2009_003537 0.2577 47.00 111.00 195.00 244.00 10 122
2009_003551 0.2580 187.00 155.00 481.00 439.00 322 97
2009_003551 0.0748 1.00 1.00 166.00 500.00 350 84
2009_003554 0.2178 134.00 122.00 216.00 202.00 40 94
2009_003857 0.2551 136.00 82.00 282.00 187.00 3 112
2009_003895 0.2348 8.00 111.00 163.00 255.00 352 95
2009_003895 0.2607 157.00 115.00 336.00 289.00 335 90
2009_003895 0.0876 151.00 1.00 264.00 38.00 7 102
2009_004062 0.1495 1.00 74.00 59.00 153.00 11 105
2009_004062 0.2591 45.00 74.00 117.00 146.00 3 112
2009_004062 0.2435 112.00 82.00 184.00 151.00 0 101
2009_004062 0.2713 181.00 71.00 254.00 145.00 4 96
2009_004062 0.2898 253.00 85.00 316.00 147.00 3 112
2009_004062 0.2555 319.00 67.00 401.00 142.00 4 96
2009_004062 0.2469 399.00 62.00 478.00 135.00 0 87
2009_004062 0.0909 483.00 65.00 500.00 145.00 10 98
2009_004062 0.1419 1.00 138.00 52.00 198.00 0 74
2009_004062 0.2477 46.00 143.00 118.00 213.00 33 92
2009_004062 0.1829 116.00 149.00 182.00 202.00 0 96
2009_004062 0.1899 181.00 139.00 254.00 203.00 2 112
2009_004062 0.2409 252.00 147.00 315.00 213.00 2 109
2009_004062 0.2263 311.00 139.00 387.00 212.00 5 78
2009_004062 0.2276 387.00 134.00 459.00 201.00 3 112
2009_004062 0.0937 472.00 143.00 500.00 215.00 18 86
2009_004062 0.1052 1.00 190.00 36.00 258.00 11 105
2009_004062 0.2068 34.00 195.00 106.00 264.00 330 107
2009_004062 0.2415 108.00 200.00 174.00 272.00 17 97
2009_004062 0.2170 170.00 194.00 245.00 265.00 0 80
2009_004062 0.2852 244.00 200.00 318.00 266.00 0 120
2009_004062 0.2168 319.00 198.00 398.00 272.00 34 99
2009_004062 0.2717 396.00 189.00 464.00 264.00 22 91
2009_004062 0.0770 478.00 199.00 500.00 277.00 334 95
2009_004062 0.1437 1.00 260.00 55.00 333.00 0 99
2009_004062 0.1602 47.00 260.00 138.00 325.00 1 83
2009_004062 0.1812 152.00 242.00 237.00 325.00 7 98
2009_004062 0.2026 236.00 255.00 305.00 326.00 0 99
2009_004062 0.2497 313.00 262.00 384.00 331.00 0 81
2009_004062 0.1608 382.00 262.00 464.00 317.00 0 98
2009_004062 0.1043 465.00 270.00 500.00 330.00 3 101
2009_004062 0.1562 1.00 329.00 42.00 351.00 0 87
2009_004062 0.1761 42.00 318.00 128.00 358.00 338 97
2009_004062 0.1862 134.00 321.00 219.00 362.00 18 97
2009_004062 0.2172 226.00 324.00 311.00 375.00 2 115
2009_004062 0.1255 310.00 337.00 403.00 375.00 4 96
2009_004062 0.1608 322.00 323.00 387.00 367.00 355 125
2009_004062 0.1328 403.00 339.00 464.00 375.00 22 91
2009_004062 0.1592 468.00 328.00 500.00 343.00 0 115
2009_004128 0.2744 60.00 209.00 186.00 346.00 12 92
2009_004138 0.3247 50.00 137.00 164.00 210.00 0 118
2009_004243 0.2385 218.00 120.00 267.00 160.00 27 90
2009_004243 0.1916 153.00 141.00 192.00 167.00 1 83
2009_004359 0.1793 309.00 14.00 500.00 253.00 18 88
2009_004478 0.2784 18.00 4.00 340.00 370.00 10 90
2009_004763 0.1693 188.00 87.00 352.00 280.00 333 91
2009_004902 0.2602 88.00 1.00 423.00 166.00 22 91
2009_004922 0.2954 278.00 99.00 339.00 184.00 338 97
2009_004993 0.1394 1.00 152.00 122.00 353.00 319 79
2009_005062 0.3513 83.00 46.00 183.00 137.00 3 112
2009_005221 0.2505 89.00 47.00 273.00 248.00 17 130
2009_005288 0.2198 361.00 140.00 419.00 231.00 349 104
2009_005310 0.1887 124.00 214.00 192.00 279.00 349 104
2010_000053 0.1641 61.00 57.00 498.00 320.00 0 140
2010_000178 0.2007 389.00 220.00 423.00 248.00 3 112
2010_000291 0.2606 227.00 1.00 500.00 277.00 22 91
2010_000291 0.2557 1.00 1.00 229.00 308.00 22 91
2010_000318 0.2138 336.00 64.00 500.00 249.00 346 112
2010_000318 0.2107 1.00 99.00 142.00 245.00 1 116
2010_000375 0.2994 324.00 164.00 402.00 236.00 349 104
2010_000379 0.1884 232.00 37.00 411.00 305.00 1 78
2010_000435 0.3273 259.00 95.00 323.00 153.00 14 93
2010_000442 0.2383 31.00 165.00 354.00 375.00 349 104
2010_000449 0.2110 57.00 139.00 120.00 221.00 333 90
2010_000669 0.2533 200.00 124.00 271.00 176.00 0 112
2010_000705 0.2498 115.00 190.00 202.00 250.00 22 94
2010_000738 0.2642 367.00 119.00 434.00 189.00 3 112
2010_000738 0.2451 307.00 120.00 368.00 170.00 355 125
2010_000893 0.1563 235.00 60.00 285.00 110.00 3 112
2010_000931 0.2314 237.00 70.00 340.00 176.00 344 90
2010_000931 0.3231 128.00 63.00 239.00 170.00 2 84
2010_000944 0.2231 218.00 105.00 351.00 221.00 5 101
2010_001099 0.1892 7.00 60.00 500.00 336.00 9 90
2010_001127 0.1079 1.00 52.00 42.00 142.00 0 87
2010_001270 0.2222 241.00 47.00 351.00 171.00 35 96
2010_001367 0.1461 1.00 50.00 144.00 283.00 28 92
2010_001690 0.3023 1.00 1.00 489.00 418.00 22 82
2010_001752 0.3248 128.00 25.00 371.00 191.00 0 112
2010_001862 0.1294 1.00 112.00 88.00 235.00 19 88
2010_001918 0.2784 45.00 46.00 244.00 235.00 13 65
2010_002002 0.2761 280.00 76.00 363.00 152.00 9 91
2010_002094 0.1881 9.00 8.00 499.00 316.00 338 97
2010_002167 0.2593 57.00 96.00 363.00 424.00 0 87
2010_002245 0.2208 178.00 117.00 331.00 249.00 328 100
2010_002247 0.2690 106.00 31.00 286.00 221.00 318 100
2010_002247 0.2390 401.00 31.00 500.00 145.00 337 99
2010_002402 0.2768 343.00 161.00 409.00 223.00 348 84
2010_002427 0.1911 70.00 1.00 500.00 332.00 0 87
2010_002526 0.2503 63.00 190.00 118.00 238.00 355 125
2010_002526 0.1225 288.00 169.00 329.00 228.00 1 112
2010_002561 0.2308 219.00 64.00 367.00 225.00 10 83
2010_002586 0.2253 153.00 34.00 260.00 116.00 2 84
2010_002652 0.2402 68.00 134.00 183.00 248.00 0 87
2010_002770 0.1760 1.00 1.00 500.00 375.00 28 96
2010_002791 0.2898 38.00 160.00 336.00 460.00 10 89
2010_002921 0.2660 258.00 175.00 354.00 272.00 10 98
2010_002921 0.2599 126.00 169.00 250.00 276.00 11 94
2010_002921 0.3245 48.00 184.00 129.00 271.00 355 125
2010_003103 0.3657 332.00 168.00 437.00 253.00 3 112
2010_003236 0.3191 66.00 14.00 351.00 279.00 0 96
2010_003287 0.1927 363.00 163.00 500.00 300.00 355 125
2010_003461 0.1765 226.00 117.00 401.00 299.00 339 101
2010_003688 0.2122 125.00 4.00 399.00 202.00 16 116
2010_003728 0.3198 197.00 95.00 288.00 179.00 4 96
2010_003857 0.2459 40.00 21.00 470.00 360.00 19 90
2010_003942 0.2294 165.00 37.00 457.00 237.00 22 85
2010_003942 0.2262 1.00 44.00 160.00 229.00 12 96
2010_004050 0.2131 67.00 105.00 151.00 182.00 360 116
2010_004095 0.2064 74.00 153.00 136.00 219.00 11 104
2010_004102 0.1003 1.00 145.00 28.00 204.00 328 83
2010_004102 0.0976 1.00 226.00 27.00 285.00 10 90
2010_004102 0.1647 181.00 188.00 291.00 289.00 4 117
2010_004102 0.2257 69.00 188.00 180.00 293.00 343 95
2010_004125 0.2925 271.00 139.00 324.00 179.00 2 100
2010_004137 0.2409 190.00 34.00 350.00 123.00 16 97
2010_004254 0.2823 337.00 151.00 500.00 346.00 22 91
2010_004460 0.2760 108.00 170.00 314.00 349.00 5 78
2010_004479 0.1240 1.00 9.00 139.00 278.00 0 96
2010_004503 0.1908 17.00 40.00 324.00 263.00 17 97
2010_004545 0.2149 120.00 61.00 309.00 252.00 17 130
2010_004586 0.2024 356.00 79.00 441.00 161.00 4 97
2010_004836 0.2759 111.00 70.00 372.00 267.00 28 96
2010_004857 0.2668 142.00 61.00 265.00 180.00 10 91
2010_004857 0.1417 5.00 85.00 85.00 228.00 22 91
2010_004982 0.1915 38.00 37.00 136.00 142.00 0 74
2010_005049 0.1981 431.00 48.00 500.00 144.00 0 106
2010_005158 0.2166 59.00 103.00 420.00 333.00 0 111
2010_005180 0.2784 157.00 168.00 221.00 218.00 0 101
2010_005239 0.2229 100.00 324.00 297.00 456.00 0 98
2010_005239 0.2096 121.00 192.00 309.00 330.00 0 114
2010_005243 0.2684 397.00 91.00 456.00 140.00 22 93
2010_005305 0.1704 1.00 1.00 199.00 76.00 357 101
2010_005345 0.3348 86.00 40.00 358.00 297.00 0 112
2010_005372 0.2851 157.00 236.00 242.00 318.00 22 91
2010_005410 0.3617 375.00 133.00 437.00 182.00 0 122
2010_005676 0.3167 241.00 170.00 362.00 289.00 1 99
2010_005764 0.1104 1.00 1.00 99.00 34.00 1 116
2010_005827 0.1900 1.00 1.00 500.00 286.00 360 116
2010_005884 0.1750 414.00 1.00 474.00 29.00 38 107
2011_000009 0.2065 95.00 37.00 215.00 182.00 9 96
2011_000036 0.2169 130.00 90.00 285.00 230.00 11 94
2011_000037 0.2456 226.00 166.00 288.00 217.00 3 112
2011_000037 0.1152 12.00 187.00 40.00 251.00 344 92
2011_000038 0.2383 204.00 25.00 337.00 127.00 338 97
2011_000061 0.2741 321.00 2.00 447.00 109.00 3 81
2011_000061 0.2933 31.00 29.00 125.00 113.00 360 110
2011_000061 0.2846 279.00 169.00 428.00 298.00 22 85
2011_000071 0.2529 224.00 130.00 345.00 243.00 4 117
2011_000077 0.3090 75.00 4.00 315.00 244.00 0 113
2011_000253 0.3038 391.00 188.00 456.00 245.00 360 84
2011_000253 0.1586 203.00 161.00 221.00 182.00 0 96
2011_000288 0.3064 209.00 88.00 345.00 227.00 3 112
2011_000364 0.2501 394.00 92.00 494.00 185.00 2 115
2011_000607 0.2043 367.00 162.00 425.00 226.00 330 107
2011_000608 0.2403 347.00 142.00 450.00 226.00 355 125
2011_000685 0.2913 49.00 26.00 437.00 359.00 9 90
2011_000965 0.2080 271.00 136.00 369.00 237.00 7 102
2011_001058 0.2416 186.00 35.00 214.00 59.00 10 90
2011_001058 0.1894 96.00 75.00 112.00 92.00 1 68
2011_001058 0.2045 18.00 87.00 38.00 103.00 348 90
2011_001149 0.1740 400.00 46.00 500.00 171.00 338 98
2011_001223 0.2244 116.00 184.00 164.00 226.00 0 92
2011_001223 0.1823 179.00 186.00 234.00 232.00 10 92
2011_001304 0.1591 3.00 104.00 64.00 171.00 0 87
2011_001370 0.1761 48.00 111.00 139.00 183.00 2 122
2011_001387 0.2573 36.00 117.00 291.00 368.00 347 56
2011_001404 0.2383 214.00 53.00 293.00 124.00 349 104
2011_001404 0.2320 306.00 37.00 352.00 81.00 9 90
2011_001507 0.1899 1.00 94.00 233.00 258.00 1 64
2011_001507 0.2085 265.00 96.00 499.00 263.00 42 88
2011_001573 0.2083 264.00 103.00 335.00 174.00 3 112
2011_001573 0.1818 320.00 135.00 374.00 203.00 9 90
2011_001678 0.2005 22.00 62.00 53.00 100.00 349 104
2011_001705 0.3607 148.00 82.00 297.00 228.00 3 81
2011_001726 0.2452 155.00 132.00 233.00 199.00 22 91
2011_001837 0.1896 75.00 82.00 141.00 138.00 3 112
2011_001856 0.3271 89.00 143.00 154.00 199.00 355 125
2011_001910 0.1811 235.00 173.00 326.00 316.00 11 105
2011_001946 0.2255 103.00 196.00 148.00 238.00 3 81
2011_002154 0.2135 301.00 161.00 436.00 298.00 0 99
2011_002158 0.0927 2.00 96.00 41.00 318.00 328 83
2011_002292 0.2760 33.00 26.00 214.00 218.00 34 99
2011_002507 0.2958 188.00 42.00 236.00 83.00 344 91
2011_002509 0.2365 359.00 139.00 416.00 170.00 40 94
2011_002532 0.2677 251.00 41.00 426.00 176.00 0 120
2011_002532 0.2671 17.00 41.00 193.00 181.00 2 114
2011_002610 0.3211 39.00 96.00 105.00 149.00 349 104
2011_002644 0.2233 154.00 150.00 223.00 221.00 0 113
2011_002750 0.3265 262.00 128.00 320.00 184.00 355 125
2011_002802 0.2250 1.00 76.00 136.00 197.00 3 112
2011_002810 0.3024 28.00 201.00 91.00 259.00 337 91
2011_002879 0.2873 171.00 125.00 330.00 239.00 344 90
2011_002970 0.1953 63.00 15.00 376.00 347.00 0 107
2011_003079 0.3073 220.00 182.00 298.00 260.00 10 122
2011_003254 0.2858 147.00 199.00 281.00 309.00 325 92
