2008_000027 10.0946 291.42 62.74 480.56 217.00 350 90
2008_000027 10.0903 34.59 88.40 433.45 295.67 16 103
2008_000050 10.0831 295.07 196.55 326.50 227.18 0 93
2008_000133 10.0926 357.00 113.22 473.01 179.00 327 100
2008_000163 10.1009 46.00 70.46 464.00 329.00 330 90
2008_000251 10.0766 421.16 209.34 496.28 243.12 2 88
2008_000253 10.0801 271.53 366.21 318.09 397.55 330 90
2008_000261 10.0769 199.26 8.18 446.00 227.00 340 94
2008_000298 10.0867 269.00 291.29 404.00 382.19 16 91
2008_000304 10.1089 88.09 116.36 410.00 273.66 23 85
2008_000446 10.0983 48.17 76.00 202.39 159.08 346 100
2008_000457 10.0798 82.85 191.45 118.64 219.42 329 100
2008_000457 10.0798 42.15 183.10 87.18 226.96 329 100
2008_000501 10.0622 266.00 314.98 447.41 374.00 330 100
2008_000501 10.0551 170.29 316.34 398.83 364.00 15 90
2008_000562 10.1012 327.00 148.90 463.21 218.23 316 98
2008_000562 10.0877 320.95 147.35 446.00 193.00 354 90
2008_000562 10.0723 275.63 136.32 443.46 208.39 28 99
2008_000599 10.0853 289.12 50.34 335.79 80.11 317 90
2008_000659 10.0817 261.27 278.04 286.12 297.85 19 93
2008_000659 10.0799 262.25 279.57 283.57 296.07 10 90
2008_000659 10.0777 259.64 280.71 285.28 297.95 344 91
2008_000659 10.0636 244.61 262.98 270.30 283.87 7 89
2008_000811 10.0947 50.31 154.56 222.27 296.59 16 91
2008_000811 10.0928 44.00 128.91 262.65 331.83 0 93
2008_000834 10.1008 105.00 193.84 309.00 282.37 331 101
2008_000880 10.1101 5.00 118.99 119.66 167.26 42 93
2008_000880 10.1098 22.00 119.69 175.47 182.91 317 101
2008_000884 10.0965 226.00 169.90 378.00 249.99 35 98
2008_000884 10.0845 188.37 175.65 317.00 269.83 340 85
2008_000884 10.0845 62.00 192.79 164.16 271.00 340 85
2008_000939 10.1168 50.65 49.53 447.00 270.71 29 94
2008_000952 10.1008 91.03 141.15 206.32 225.97 337 95
2008_000952 10.1008 261.27 136.52 366.96 214.00 337 95
2008_001062 10.0973 113.80 80.10 159.74 109.23 35 92
2008_001062 10.0867 604.30 84.02 647.00 122.64 35 98
2008_001062 10.0605 78.95 127.92 132.52 169.25 35 98
2008_001142 10.0921 25.81 273.23 129.51 328.96 14 89
2008_001142 10.0921 212.89 279.33 236.39 294.84 14 89
2008_001142 10.0828 216.31 279.92 233.33 296.18 15 90
2008_001226 10.0999 58.00 46.88 310.00 214.93 21 101
2008_001226 10.0794 27.64 27.25 409.17 258.83 31 84
2008_001262 10.1077 86.71 102.29 446.65 323.58 347 91
2008_001308 10.0837 395.67 314.17 430.00 347.25 16 91
2008_001334 10.0804 220.29 312.98 344.46 345.91 0 91
2008_001334 10.0714 234.96 314.32 325.43 335.00 14 95
2008_001432 10.0828 334.38 158.90 401.45 210.67 18 89
2008_001432 10.0663 338.04 158.91 401.12 215.24 354 90
2008_001445 10.1079 142.70 99.63 438.88 261.09 35 90
2008_001445 10.1030 107.78 51.97 147.70 85.74 335 91
2008_001445 10.0891 375.03 76.27 473.35 152.33 1 90
2008_001543 10.0952 189.58 237.58 261.16 265.92 5 93
2008_001543 10.0901 184.78 242.96 258.22 278.71 42 89
2008_001543 10.0843 186.95 237.16 275.37 277.39 36 98
2008_001586 10.1042 148.27 73.47 192.56 116.95 34 94
2008_001586 10.0890 90.36 321.31 132.07 363.10 0 89
2008_001586 10.0860 26.71 112.68 70.61 148.87 5 94
2008_001586 10.0858 125.74 201.77 171.54 241.16 331 104
2008_001586 10.0857 42.63 31.15 83.72 91.99 352 91
2008_001625 10.0862 288.43 228.07 326.81 250.26 327 97
2008_001681 10.0748 162.07 263.84 184.86 281.49 33 102
2008_001681 10.0687 159.70 260.57 184.12 280.92 0 91
2008_001717 10.0903 214.44 63.87 307.78 136.50 14 95
2008_001717 10.0871 120.69 365.65 183.67 403.30 42 89
2008_001717 10.0820 130.05 274.70 222.04 341.13 34 104
2008_001722 10.0957 214.00 184.13 371.87 224.29 26 92
2008_001722 10.0812 206.65 180.15 382.01 223.90 38 91
2008_001722 10.0698 197.01 166.26 344.42 214.85 36 98
2008_001742 10.0667 147.71 97.00 513.00 378.00 35 90
2008_001812 10.0894 230.84 240.36 299.93 271.50 320 95
2008_001812 10.0786 206.97 224.12 283.15 262.26 29 94
2008_001830 10.1001 161.36 163.47 327.63 241.51 0 90
2008_001830 10.0901 153.59 165.14 342.81 243.96 343 96
2008_001830 10.0901 299.58 161.80 470.00 325.00 343 96
2008_001867 10.1095 126.64 179.21 261.00 317.74 38 90
2008_001867 10.1070 239.32 275.09 387.00 358.00 32 94
2008_001867 10.0974 173.46 240.97 405.00 345.00 342 96
2008_001908 10.0836 68.21 384.59 107.63 404.61 32 99
2008_001961 10.1003 189.23 177.08 345.00 268.81 353 89
2008_001961 10.0909 192.74 179.69 503.00 277.75 37 111
2008_001961 10.0810 241.64 127.66 350.00 210.96 316 98
2008_001961 10.0751 466.15 136.50 634.00 227.91 352 91
2008_002045 10.0807 417.09 51.26 445.00 69.13 21 97
2008_002124 10.0935 48.87 158.61 294.00 320.22 333 92
2008_002198 10.1184 80.00 146.33 346.00 335.20 335 91
2008_002198 10.0508 24.76 130.16 462.40 311.02 31 93
2008_002199 10.1077 10.00 203.62 127.26 277.00 15 95
2008_002199 10.1006 22.77 181.96 252.76 320.11 15 90
2008_002212 10.0974 240.00 164.71 495.00 297.00 317 92
2008_002212 10.0878 54.00 145.24 377.00 326.00 337 99
2008_002223 10.0609 388.96 213.07 427.95 239.10 35 92
2008_002322 10.1145 195.34 117.22 430.00 284.33 350 95
2008_002322 10.0875 26.00 182.91 200.61 279.15 15 90
2008_002322 10.0712 185.84 103.74 440.00 254.08 318 94
2008_002383 10.0553 141.01 191.59 203.52 243.48 5 93
2008_002412 10.1078 187.21 200.76 398.00 358.47 0 92
2008_002444 10.0891 208.97 370.61 337.61 469.00 321 104
2008_002483 10.1088 93.07 159.30 399.00 267.00 28 95
2008_002483 10.0973 272.00 149.95 466.36 270.00 13 92
2008_002483 10.0835 466.69 124.69 763.00 302.43 354 90
2008_002640 10.0961 52.58 185.50 104.49 219.06 3 88
2008_002705 10.1019 58.95 156.62 253.00 297.00 15 90
2008_002705 10.0988 33.98 122.81 366.70 358.49 30 90
2008_002716 10.0901 119.00 178.43 360.66 365.00 350 94
2008_002746 10.0894 288.59 166.52 477.49 325.24 0 94
2008_002875 10.1141 71.30 78.53 468.37 344.45 23 85
2008_002956 10.1096 149.65 171.21 183.67 188.87 340 96
2008_002956 10.0751 306.73 264.00 339.98 281.71 20 93
2008_002956 10.0660 229.09 102.49 261.56 120.94 336 109
2008_002968 10.0951 214.00 84.00 370.22 191.32 330 101
2008_003005 10.0956 29.00 57.85 446.00 305.48 16 91
2008_003022 10.0970 74.63 90.62 465.86 301.30 1 96
2008_003022 10.0970 426.48 131.95 486.00 160.51 1 96
2008_003030 10.0943 135.28 256.54 275.00 341.43 36 98
2008_003030 10.0909 124.89 259.68 430.56 344.00 14 94
2008_003082 10.0849 425.73 383.69 472.00 436.25 20 90
2008_003132 10.0861 261.96 105.76 444.27 283.84 334 90
2008_003205 10.0807 143.28 80.00 181.97 95.52 28 95
2008_003350 10.0849 267.16 316.47 304.31 343.60 39 97
2008_003405 10.0942 362.13 116.88 470.60 161.93 323 100
2008_003405 10.0800 154.01 118.26 206.19 135.08 29 103
2008_003405 10.0783 340.74 115.18 433.00 162.44 44 94
2008_003405 10.0727 331.87 94.37 413.00 146.63 0 86
2008_003442 10.0728 222.89 75.07 257.85 93.97 25 92
2008_003479 10.0932 88.00 218.34 258.28 377.87 345 89
2008_003479 10.0820 19.97 67.23 258.38 269.00 9 92
2008_003479 10.0789 44.00 92.74 140.42 251.04 330 90
2008_003577 10.0948 28.00 59.42 446.68 312.00 343 96
2008_003647 10.0883 250.60 82.45 504.00 259.73 327 97
2008_003673 10.0880 253.72 233.25 288.90 258.53 35 90
2008_003680 10.0900 68.00 193.22 289.34 325.79 9 91
2008_003755 10.1061 58.06 145.44 289.26 366.00 16 91
2008_003794 10.0642 19.49 183.94 113.26 212.40 38 91
2008_003794 10.0626 17.16 184.72 100.42 214.88 340 89
2008_003813 10.0958 342.00 186.47 506.00 300.00 21 91
2008_003826 10.0975 223.76 340.27 242.40 357.21 25 90
2008_003827 10.0958 233.00 225.79 438.00 318.96 0 93
2008_003835 10.0904 236.39 424.53 317.08 457.43 1 90
2008_003835 10.0897 245.40 423.79 269.00 448.00 0 95
2008_003835 10.0770 226.07 541.10 302.20 574.26 35 98
2008_003835 10.0770 323.10 542.17 365.60 562.71 35 98
2008_003844 10.0977 46.00 138.12 209.00 204.30 353 90
2008_003844 10.0854 39.00 139.29 202.35 196.57 37 88
2008_003846 10.1071 51.12 92.73 463.00 296.12 5 93
2008_003860 10.0941 77.57 154.15 197.80 219.59 328 101
2008_003860 10.0886 38.17 189.89 143.12 259.52 5 90
2008_003905 10.0915 22.58 185.39 131.00 237.37 27 90
2008_003943 10.1043 86.09 125.99 334.36 241.48 39 91
2008_003943 10.0944 251.00 132.19 419.68 236.23 331 100
2008_003943 10.0574 184.00 105.16 388.28 224.48 319 103
2008_003996 10.0987 222.00 149.64 367.66 237.00 42 93
2008_004020 10.1093 56.45 37.64 465.00 291.24 355 89
2008_004056 10.0775 5.00 151.15 23.94 189.71 23 85
2008_004069 10.0966 79.37 75.48 476.63 303.28 16 100
2008_004127 10.1232 71.56 60.94 474.66 330.07 0 94
2008_004127 10.0934 603.23 0.60 733.00 241.01 335 89
2008_004127 10.0911 94.53 13.57 209.38 91.94 42 94
2008_004312 10.1072 137.07 141.81 474.50 324.22 15 88
2008_004326 10.0964 235.00 120.49 437.00 234.72 332 91
2008_004326 10.0941 70.23 138.90 228.00 208.29 25 91
2008_004326 10.0865 237.87 108.85 477.36 230.48 0 95
2008_004414 10.1092 89.41 106.05 454.00 354.00 35 98
2008_004464 10.0855 15.37 131.26 146.28 287.67 7 88
2008_004549 10.0950 185.27 170.00 325.89 334.53 324 92
2008_004552 10.0820 25.00 15.00 202.69 143.00 5 90
2008_004613 10.0973 18.26 203.00 126.52 268.51 0 93
2008_004613 10.0940 33.00 175.00 169.83 291.60 15 90
2008_004614 10.0972 333.00 303.86 468.00 370.45 19 94
2008_004614 10.0837 280.20 288.46 419.00 363.83 0 95
2008_004632 10.0785 342.57 93.00 402.00 136.95 10 95
2008_004684 10.0912 175.33 63.53 421.00 178.13 345 93
2008_004711 10.0901 42.83 40.17 408.42 260.53 30 96
2008_004729 10.1041 108.68 170.09 357.75 273.23 14 94
2008_004729 10.1025 66.57 170.06 419.33 263.45 24 93
2008_004862 10.1066 112.38 155.70 269.42 257.23 339 100
2008_004862 10.0912 57.00 165.49 151.97 299.06 18 96
2008_004898 10.0910 254.18 133.72 343.57 175.18 35 98
2008_004955 10.1108 107.59 164.15 426.00 272.48 44 98
2008_005032 10.0920 28.00 138.26 226.39 301.87 2 93
2008_005054 10.0909 290.98 127.07 465.70 234.33 23 92
2008_005054 10.0885 19.00 172.00 83.51 272.16 340 89
2008_005054 10.0873 134.40 47.00 230.10 114.28 324 104
2008_005054 10.0826 465.44 358.78 571.65 470.39 34 92
2008_005054 10.0824 397.65 141.13 489.91 232.86 39 91
2008_005054 10.0821 270.88 293.00 350.44 341.27 15 90
2008_005054 10.0820 325.33 283.00 426.70 347.78 34 91
2008_005054 10.0774 63.00 154.64 105.86 216.34 28 94
2008_005110 10.0895 220.08 168.28 423.52 261.00 26 98
2008_005139 10.0986 271.18 50.89 351.96 185.22 31 99
2008_005139 10.0621 255.72 72.78 344.54 171.13 328 95
2008_005253 10.0956 247.31 137.16 428.00 232.00 21 91
2008_005253 10.0897 282.00 135.38 485.00 233.85 28 95
2008_005255 10.0961 102.00 185.53 148.43 217.49 350 93
2008_005316 10.0995 124.48 230.94 201.51 290.07 346 93
2008_005316 10.0910 140.94 227.08 205.05 289.66 327 97
2008_005316 10.0900 161.11 233.63 201.01 263.00 338 103
2008_005316 10.0764 247.51 228.58 307.57 280.34 25 93
2008_005316 10.0640 67.71 216.36 193.26 272.05 7 93
2008_005378 10.1235 198.00 142.03 445.75 283.19 328 89
2008_005378 10.0843 165.32 135.64 297.19 223.80 35 90
2008_005378 10.0785 159.60 146.91 366.00 224.00 0 90
2008_005378 10.0696 459.12 234.44 749.44 381.83 35 92
2008_005404 10.0975 100.52 79.98 500.45 329.65 334 91
2008_005472 10.0994 390.84 154.97 503.43 195.90 327 100
2008_005472 10.0770 375.22 142.22 448.47 177.19 20 93
2008_005548 10.1071 189.64 123.08 422.00 249.53 316 93
2008_005548 10.0843 189.00 97.49 407.51 178.43 34 104
2008_005611 10.0853 210.27 161.74 470.00 329.83 36 98
2008_005612 10.0949 34.59 195.96 154.49 258.94 16 91
2008_005612 10.0854 37.00 193.15 150.72 261.32 23 99
2008_005638 10.1047 51.71 160.60 464.00 315.43 335 93
2008_005663 10.1082 85.00 124.35 374.23 343.00 348 90
2008_005676 10.0887 193.40 208.52 223.70 245.51 324 98
2008_005686 10.1430 73.21 58.71 469.03 289.50 323 101
2008_005721 10.0887 17.25 224.57 60.70 244.13 0 90
2008_005768 10.0961 60.85 273.67 285.68 407.17 316 92
2008_005768 10.0785 214.63 405.04 449.40 461.00 317 92
2008_005875 10.1014 102.00 80.79 410.00 276.80 335 93
2008_005875 10.0668 90.43 147.90 417.29 289.79 342 100
2008_005889 10.0705 140.01 212.75 165.07 230.90 36 99
2008_005936 10.1014 278.00 16.92 391.00 74.00 25 96
2008_005936 10.0960 120.94 214.00 323.00 320.19 1 96
2008_005936 10.0904 113.65 76.00 448.49 335.04 34 96
2008_005989 10.1006 127.08 135.89 413.27 275.08 318 90
2008_006037 10.0990 121.70 190.95 161.00 221.94 31 99
2008_006037 10.0880 90.01 195.45 157.71 217.22 0 95
2008_006042 10.0928 147.45 306.10 341.00 424.00 32 94
2008_006071 10.0706 572.42 110.84 624.91 128.93 40 92
2008_006082 10.0808 667.71 509.71 724.55 535.72 33 93
2008_006087 10.0939 337.56 181.16 372.81 202.73 15 90
2008_006222 10.1051 315.00 219.42 452.55 296.19 35 92
2008_006222 10.0753 265.00 215.92 477.37 317.79 350 93
2008_006254 10.1069 70.56 196.40 385.00 388.94 6 90
2008_006254 10.0538 182.47 289.00 355.83 409.14 16 91
2008_006275 10.0774 94.94 162.50 144.93 241.10 1 90
2008_006310 10.0760 192.70 148.74 249.17 201.62 34 104
2008_006316 10.1119 37.07 213.09 237.00 306.70 324 98
2008_006316 10.1043 213.92 222.56 368.91 297.00 30 96
2008_006316 10.0911 333.00 223.52 467.00 281.25 333 93
2008_006316 10.0897 29.00 211.13 242.85 293.46 332 98
2008_006392 10.0722 0.00 234.68 86.73 306.00 10 95
2008_006394 10.0635 444.01 181.57 478.54 207.29 14 95
2008_006438 10.1026 102.00 54.38 414.34 268.00 0 96
2008_006438 10.0697 103.99 146.28 409.90 291.65 34 104
2008_006458 10.1001 93.00 221.00 223.05 323.38 348 96
2008_006458 10.0991 62.85 210.39 233.66 324.74 30 98
2008_006467 10.0916 185.00 207.00 333.12 290.87 7 89
2008_006467 10.0863 124.40 51.00 266.00 172.00 34 94
2008_006526 10.0747 207.38 141.28 244.91 171.68 16 91
2008_006554 10.1088 108.00 152.99 345.52 306.92 328 89
2008_006600 10.0821 665.71 300.32 711.27 326.54 352 91
2008_006642 10.1016 99.74 150.31 223.67 208.16 329 100
2008_006642 10.0971 359.09 140.66 477.00 195.69 15 93
2008_006642 10.0926 230.57 142.35 300.69 206.58 35 91
2008_006642 10.0887 91.27 148.29 299.33 206.55 331 95
2008_006642 10.0712 356.07 139.32 499.00 203.15 31 103
2008_006646 10.0907 403.53 172.44 429.98 189.86 35 90
2008_006665 10.0715 85.00 256.59 164.99 321.45 32 102
2008_006694 10.1262 111.00 90.12 468.45 305.00 15 88
2008_006714 10.1009 275.00 105.61 468.73 232.00 318 100
2008_006714 10.0939 160.35 115.47 385.21 267.41 317 109
2008_006774 10.1081 139.65 127.80 455.00 297.26 34 104
2008_006777 10.0780 243.24 229.82 305.59 271.28 14 95
2008_006800 10.1125 100.79 112.31 328.86 272.24 326 112
2008_006800 10.0650 67.22 97.33 334.75 244.76 34 104
2008_006839 10.0767 40.21 94.60 123.04 143.12 22 96
2008_006839 10.0739 25.76 79.27 108.19 130.91 334 90
2008_006844 10.0976 75.06 130.86 441.33 364.00 35 101
2008_006844 10.0976 44.20 200.77 109.75 257.06 35 101
2008_006870 10.0881 16.00 52.00 128.00 134.64 355 90
2008_006885 10.0893 248.00 65.56 432.16 148.89 1 95
2008_006885 10.0859 100.94 43.21 275.00 157.00 35 98
2008_006907 10.0913 136.23 226.15 240.09 265.06 23 85
2008_006907 10.0852 133.36 221.15 238.57 268.49 344 91
2008_006959 10.0961 37.94 215.48 119.00 279.04 33 95
2008_006959 10.0936 43.00 229.65 140.43 294.88 18 96
2008_006986 10.1016 135.81 135.89 448.00 308.52 10 90
2008_006989 10.0959 87.90 131.39 201.91 172.08 21 95
2008_006989 10.0933 92.83 129.01 199.15 173.71 31 99
2008_006989 10.0874 160.00 134.21 196.42 168.13 327 97
2008_006989 10.0642 81.86 119.04 182.62 152.51 327 104
2008_007034 10.1029 307.00 126.67 486.85 252.70 38 90
2008_007064 10.1199 92.00 42.20 500.01 309.00 335 102
2008_007119 10.0924 79.40 55.49 481.00 321.00 30 90
2008_007133 10.0825 103.85 298.37 185.87 338.62 39 96
2008_007133 10.0722 107.96 303.80 183.51 338.47 34 112
2008_007133 10.0710 107.46 305.63 183.70 339.92 44 97
2008_007167 10.1100 264.81 150.44 471.00 254.29 43 90
2008_007167 10.0975 223.84 156.54 335.00 242.81 323 101
2008_007167 10.0744 217.75 148.48 484.85 237.00 351 103
2008_007171 10.1102 93.00 133.85 387.98 311.28 23 95
2008_007171 10.0821 68.67 119.68 372.56 191.00 39 97
2008_007214 10.0921 38.00 95.27 311.00 218.75 15 100
2008_007241 10.0845 129.17 72.00 327.55 246.87 21 94
2008_007241 10.0605 210.58 26.00 448.96 301.14 322 104
2008_007295 10.0955 45.11 214.02 165.11 282.71 344 100
2008_007295 10.0848 53.77 212.69 165.32 275.51 12 90
2008_007295 10.0793 51.60 213.32 157.55 278.48 26 95
2008_007314 10.0730 266.99 295.79 319.84 339.68 16 100
2008_007314 10.0729 282.91 315.49 328.84 356.59 340 91
2008_007314 10.0729 144.77 308.68 223.14 350.44 340 91
2008_007314 10.0729 231.47 319.41 256.23 335.58 340 91
2008_007352 10.0990 328.06 206.18 429.31 274.21 350 95
2008_007352 10.0931 38.18 216.65 136.79 250.46 28 95
2008_007352 10.0862 334.17 212.62 428.71 232.00 35 90
2008_007352 10.0847 29.71 213.84 143.80 252.94 14 95
2008_007352 10.0684 316.75 192.17 417.91 258.50 34 104
2008_007374 10.0893 196.00 102.95 470.00 249.40 25 90
2008_007389 10.1084 103.69 130.64 332.51 258.11 37 90
2008_007389 10.0966 251.00 137.02 438.34 249.62 16 100
2008_007389 10.0762 114.00 125.09 436.18 242.14 10 93
2008_007431 10.1078 137.00 194.86 281.29 246.91 31 99
2008_007431 10.0658 125.48 178.27 260.06 230.84 33 100
2008_007459 10.1001 62.00 200.60 432.00 423.00 0 90
2008_007466 10.1034 153.00 171.82 407.91 304.86 327 97
2008_007466 10.0895 58.07 165.11 278.00 243.00 350 87
2008_007529 10.0779 16.00 47.88 260.76 207.00 35 98
2008_007716 10.0931 83.71 76.59 209.84 233.43 326 92
2008_007757 10.1030 58.92 133.66 261.00 191.69 16 100
2008_007757 10.1016 52.07 83.15 347.62 289.72 25 92
2008_007791 10.1260 258.00 156.33 452.74 256.11 328 89
2008_007791 10.1169 59.31 150.60 249.65 255.82 348 90
2008_007791 10.0989 60.00 149.99 258.37 249.80 340 94
2008_007791 10.0878 568.96 358.92 715.00 469.36 347 91
2008_007791 10.0823 443.58 491.21 661.44 595.51 9 87
2008_007791 10.0500 212.38 133.81 452.19 238.64 15 93
2008_007793 10.0959 91.59 253.44 473.00 373.00 1 94
2008_007804 10.0960 197.19 211.88 313.45 255.03 340 94
2008_007804 10.0930 197.85 210.51 303.55 257.31 5 93
2008_007872 10.0641 40.00 0.00 175.02 94.32 336 88
2008_007981 10.1088 56.48 136.37 349.23 321.19 21 101
2008_007981 10.0936 252.63 68.42 478.00 207.00 334 90
2008_007981 10.0565 6.52 73.80 493.63 285.95 25 97
2008_008001 10.0822 423.94 202.37 464.00 258.25 0 88
2008_008024 10.0786 95.14 60.94 238.50 153.76 10 90
2008_008066 10.0967 86.00 132.00 245.14 231.25 330 90
2008_008066 10.0936 58.54 95.19 245.00 215.21 326 90
2008_008066 10.0914 86.60 117.25 342.36 325.90 341 105
2008_008066 10.0903 45.00 263.59 316.18 441.41 35 90
2008_008120 10.1020 194.96 169.04 464.00 319.70 0 95
2008_008127 10.0961 223.10 134.30 267.10 162.21 34 104
2008_008127 10.0720 318.93 56.66 359.11 81.42 355 89
2008_008141 10.0990 399.31 198.25 471.32 234.52 347 91
2008_008141 10.0988 63.03 198.84 127.07 235.54 8 92
2008_008177 10.0845 394.55 136.00 466.00 174.63 347 91
2008_008210 10.0969 372.16 159.46 438.47 193.22 35 101
2008_008210 10.0901 60.35 167.63 101.28 188.93 335 93
2008_008210 10.0884 311.60 196.70 352.57 223.59 15 93
2008_008246 10.1005 26.49 137.88 160.60 220.00 329 93
2008_008246 10.0980 10.70 125.31 153.45 229.05 327 97
2008_008246 10.0842 94.00 129.48 245.35 259.35 6 90
2008_008254 10.0737 343.72 382.16 368.56 394.90 16 91
2008_008301 10.0925 349.09 146.68 492.00 246.00 324 98
2008_008336 10.0925 121.27 90.21 285.00 227.00 27 95
2008_008373 10.0839 401.99 278.20 431.82 295.34 26 92
2008_008501 10.0865 276.48 100.46 465.02 192.13 0 91
2008_008501 10.0781 147.88 163.56 290.42 210.00 4 94
2008_008628 10.0808 529.96 396.32 604.05 454.69 347 91
2008_008628 10.0778 681.78 340.57 758.50 385.29 34 104
2008_008662 10.0965 46.00 42.00 108.18 72.57 30 94
2008_008679 10.0939 349.00 256.17 482.09 340.13 7 89
2008_008679 10.0909 3.00 236.56 111.91 305.82 341 89
2008_008679 10.0772 659.25 204.55 696.82 237.16 328 89
2008_008679 10.0758 136.93 174.81 260.93 254.90 35 90
2008_008682 10.1191 232.95 262.33 387.07 363.21 328 95
2009_000074 10.0992 110.53 62.62 342.26 231.00 26 98
2009_000078 10.1034 168.00 124.78 419.17 242.03 330 90
2009_000078 10.0929 97.40 125.97 237.00 243.03 328 89
2009_000078 10.0902 172.68 40.08 461.37 134.89 343 96
2009_000089 10.1036 479.69 218.87 500.35 242.39 0 92
2009_000097 10.1054 424.96 167.22 492.00 196.66 319 112
2009_000097 10.1002 56.59 178.74 121.91 209.60 37 90
2009_000121 10.0750 173.20 369.10 273.09 430.44 35 92
2009_000165 10.0927 152.67 155.48 271.73 233.47 321 104
2009_000165 10.0926 155.08 153.82 277.26 245.90 337 95
2009_000165 10.0616 136.51 140.40 264.28 230.03 343 92
2009_000225 10.0944 126.77 255.28 179.12 286.41 19 87
2009_000225 10.0907 48.66 252.64 124.53 277.94 330 99
2009_000276 10.0855 162.20 56.00 401.00 272.85 6 91
2009_000288 10.0958 145.57 58.68 408.34 276.94 330 93
2009_000288 10.0549 102.84 149.00 383.00 257.69 320 90
2009_000397 10.0969 198.38 211.34 357.43 310.20 329 94
2009_000397 10.0945 254.45 200.82 475.51 312.62 16 91
2009_000399 10.1056 223.00 107.65 434.13 258.84 329 89
2009_000399 10.0996 115.67 126.66 311.00 258.97 334 90
2009_000399 10.0713 107.32 111.83 455.00 264.86 35 92
2009_000402 10.1019 147.00 76.37 349.00 191.46 323 101
2009_000457 10.0643 331.30 126.73 483.00 205.92 34 86
2009_000523 10.1156 33.73 214.79 346.00 420.00 0 90
2009_000523 10.0796 106.92 304.00 365.00 462.61 3 90
2009_000542 10.0747 73.00 213.14 292.92 320.30 316 93
2009_000542 10.0738 80.00 481.50 401.70 608.00 1 95
2009_000542 10.0738 80.01 480.86 236.25 556.21 1 95
2009_000631 10.1062 113.00 120.00 316.00 242.86 325 93
2009_000631 10.0941 174.00 59.25 493.07 216.67 35 90
2009_000661 10.1002 119.08 216.49 318.55 340.80 0 93
2009_000683 10.1122 216.36 118.02 450.43 271.56 1 95
2009_000683 10.1009 199.11 97.48 438.00 269.45 44 97
2009_000719 10.1016 213.43 150.29 323.10 265.32 330 93
2009_000719 10.0955 108.62 166.19 301.00 329.14 318 89
2009_000726 10.1082 77.84 135.89 334.00 264.94 5 88
2009_000726 10.0543 41.00 121.26 184.26 169.32 34 104
2009_000741 10.1066 63.00 89.00 482.00 365.46 34 104
2009_000821 10.0950 190.00 144.00 355.77 351.31 19 95
2009_000821 10.0822 57.97 20.76 392.88 231.00 351 90
2009_000825 10.1139 190.59 143.04 372.59 278.19 9 91
2009_000825 10.0944 167.98 141.10 363.01 286.06 41 88
2009_000825 10.0600 147.06 125.72 360.08 190.00 44 105
2009_000858 10.0863 67.53 184.00 284.00 333.50 31 95
2009_000886 10.0825 544.93 188.06 595.00 246.49 30 90
2009_000886 10.0823 344.86 137.89 372.21 161.34 22 97
2009_000904 10.0772 525.65 318.27 558.14 345.42 0 92
2009_000948 10.1098 216.09 142.30 403.10 248.88 353 89
2009_000948 10.1057 141.11 135.49 446.00 249.51 15 88
2009_000954 10.0544 259.08 283.53 292.41 328.42 24 93
2009_001061 10.0982 47.63 95.48 366.46 294.00 350 87
2009_001083 10.0628 319.05 161.22 358.94 209.25 36 98
2009_001097 10.1250 131.00 77.57 445.35 271.54 25 92
2009_001240 10.0926 19.00 247.00 221.00 356.86 321 104
2009_001240 10.0913 70.00 226.30 217.65 330.77 34 93
2009_001320 10.1064 147.81 41.40 367.99 187.27 34 94
2009_001320 10.0981 74.00 81.08 496.00 348.00 16 100
2009_001326 10.0991 274.00 208.26 455.82 319.86 3 87
2009_001366 10.1220 44.00 115.67 457.86 355.53 22 95
2009_001398 10.0687 173.24 398.11 208.29 421.70 320 93
2009_001468 10.0761 60.84 150.61 263.31 199.00 29 91
2009_001519 10.0734 20.00 195.66 150.13 315.00 42 94
2009_001526 10.0972 86.81 95.00 401.00 300.08 0 89
2009_001526 10.0720 85.27 182.25 410.06 408.00 1 90
2009_001536 10.0913 238.33 182.16 383.80 278.35 316 93
2009_001591 10.1326 27.00 289.64 303.00 442.36 23 85
2009_001646 10.1066 242.29 111.82 494.00 272.00 347 91
2009_001646 10.1018 118.85 140.31 260.08 251.57 0 94
2009_001646 10.0944 164.71 187.37 323.70 292.91 21 91
2009_001675 10.1046 159.32 141.46 358.87 304.00 350 94
2009_001675 10.0817 419.20 186.79 781.07 435.21 317 101
2009_001707 10.1092 137.66 192.00 389.48 353.55 43 93
2009_001707 10.0662 118.56 130.07 409.82 343.47 18 92
2009_001767 10.1016 223.60 139.58 335.99 225.10 15 98
2009_001767 10.0899 230.90 52.57 357.00 153.95 327 97
2009_001767 10.0892 33.00 131.20 148.99 230.35 35 92
2009_001804 10.1023 91.00 220.42 293.00 321.85 29 94
2009_001811 10.0887 25.00 189.05 130.76 261.29 25 90
2009_001811 10.0880 58.09 191.51 124.40 263.00 339 91
2009_001811 10.0830 46.00 188.89 138.14 295.16 345 89
2009_001820 10.0869 266.27 123.86 310.78 144.19 0 86
2009_001915 10.0920 113.00 154.32 335.26 320.00 340 91
2009_001915 10.0893 333.62 55.33 482.00 135.03 350 87
2009_001945 10.0739 29.00 207.28 277.49 364.05 321 104
2009_001984 10.0999 212.00 32.00 390.66 175.48 327 97
2009_001984 10.0980 82.00 87.56 240.06 235.35 331 96
2009_001984 10.0726 253.54 8.22 611.02 87.12 35 102
2009_001988 10.1139 243.10 172.89 489.48 311.00 18 96
2009_001988 10.0964 38.00 136.33 361.00 304.92 345 88
2009_002073 10.1145 51.69 100.24 348.67 260.93 42 105
2009_002073 10.0581 240.00 87.20 477.87 236.07 44 95
2009_002128 10.0840 95.71 198.51 139.81 258.31 350 87
2009_002164 10.1031 192.86 136.45 417.28 287.56 317 102
2009_002164 10.0671 124.79 116.56 408.38 273.60 20 89
2009_002212 10.0879 151.85 227.99 190.90 256.07 27 92
2009_002212 10.0855 221.15 320.84 262.35 348.83 329 89
2009_002221 10.0853 172.43 182.48 234.46 231.00 35 92
2009_002239 10.1038 175.72 194.98 449.00 403.00 328 88
2009_002267 10.0795 118.00 24.00 424.19 200.62 328 89
2009_002335 10.0889 61.67 206.74 223.16 327.00 10 88
2009_002380 10.0948 49.96 231.00 367.10 446.18 345 88
2009_002398 10.0975 275.80 205.92 477.00 327.01 353 90
2009_002399 10.0945 378.36 43.99 481.11 118.65 22 102
2009_002436 10.0956 241.00 205.86 444.00 294.32 326 94
2009_002457 10.1133 46.84 147.48 350.89 320.27 25 88
2009_002512 10.0972 420.52 233.36 438.38 254.28 25 92
2009_002517 10.1099 47.00 161.08 292.71 306.74 28 92
2009_002517 10.0725 290.97 129.00 467.54 298.00 340 89
2009_002566 10.1008 121.58 164.22 353.18 289.83 15 90
2009_002632 10.1061 138.64 73.07 444.61 265.03 337 93
2009_002632 10.0742 381.30 317.00 677.19 405.66 9 99
2009_002711 10.0977 54.00 48.29 328.00 179.00 334 90
2009_002712 10.0884 165.49 114.59 446.00 315.94 3 87
2009_002777 10.0906 224.75 181.07 463.00 287.00 35 90
2009_002806 10.0965 116.28 224.35 247.56 327.00 35 90
2009_002806 10.0950 26.42 239.00 151.00 318.00 17 93
2009_002876 10.1087 66.92 192.00 289.32 356.77 16 100
2009_002876 10.0978 163.24 72.84 188.36 97.62 2 88
2009_002902 10.0860 55.00 71.79 297.88 231.00 37 88
2009_002910 10.0799 467.70 299.30 513.38 321.94 355 90
2009_002960 10.0899 20.09 144.00 225.97 297.05 323 101
2009_002960 10.0835 37.00 87.21 262.95 312.00 25 90
2009_002990 10.1129 67.06 102.24 377.00 274.84 35 92
2009_003003 10.0923 257.07 399.96 342.83 454.46 326 95
2009_003003 10.0555 227.19 379.77 321.71 445.46 340 92
2009_003018 10.0998 267.00 152.81 453.68 279.22 44 114
2009_003020 10.0847 166.33 169.39 267.06 277.00 35 90
2009_003022 10.0982 229.00 60.10 362.34 140.00 28 91
2009_003022 10.0944 123.00 75.11 325.00 169.00 0 95
2009_003031 10.1302 62.00 90.02 470.27 328.88 336 96
2009_003058 10.1153 96.00 193.06 232.57 295.00 35 90
2009_003058 10.0728 96.73 243.00 343.00 380.38 32 94
2009_003132 10.1026 73.03 364.85 260.00 446.92 10 90
2009_003132 10.0802 96.00 447.73 304.83 505.00 317 94
2009_003153 10.0954 160.30 165.48 336.60 261.62 330 100
2009_003212 10.1141 215.93 217.87 432.34 361.14 0 91
2009_003212 10.1005 181.09 224.70 325.00 342.41 321 99
2009_003238 10.1058 224.54 115.66 503.00 267.01 318 98
2009_003255 10.1022 161.71 39.43 478.59 307.00 23 85
2009_003255 10.1022 300.10 40.30 481.00 168.65 23 85
2009_003269 10.0820 218.38 63.00 512.00 279.91 35 98
2009_003301 10.0879 129.00 278.58 260.00 371.91 25 101
2009_003376 10.1056 162.93 150.71 480.28 332.94 38 94
2009_003376 10.0947 167.94 72.61 391.17 261.00 318 98
2009_003387 10.1050 58.43 114.84 445.00 309.15 352 91
2009_003406 10.1068 32.06 141.08 229.00 244.68 350 95
2009_003406 10.1024 181.00 108.57 426.75 242.75 333 98
2009_003500 10.0991 46.11 41.00 447.00 316.51 338 110
2009_003549 10.1110 64.00 62.33 481.00 264.83 346 93
2009_003560 10.0880 279.53 162.86 317.75 212.65 34 104
2009_003560 10.0866 301.00 160.71 321.83 194.79 35 92
2009_003560 10.0615 261.70 147.13 303.52 197.70 36 98
2009_003589 10.1414 77.00 102.43 494.00 319.49 316 93
2009_003592 10.1073 314.38 208.86 433.29 267.52 16 100
2009_003598 10.0907 50.85 227.00 187.38 315.88 21 106
2009_003689 10.0826 43.92 341.45 70.80 362.88 13 92
2009_003747 10.0925 214.15 78.68 440.73 224.00 29 94
2009_003747 10.0873 191.00 141.98 498.75 331.96 336 102
2009_003781 10.0956 393.29 188.23 450.53 215.56 326 90
2009_003781 10.0947 395.97 187.71 420.00 213.88 352 91
2009_003781 10.0929 394.91 186.25 446.56 214.09 12 93
2009_003814 10.1212 75.19 57.09 401.00 247.20 10 88
2009_003814 10.0571 55.54 127.00 431.14 224.61 15 90
2009_003822 10.0850 481.30 111.47 498.00 159.78 24 100
2009_003879 10.0797 29.53 0.00 128.26 57.55 39 96
2009_003977 10.0935 113.17 165.83 357.28 316.46 35 98
2009_003977 10.0682 84.63 130.02 411.42 314.68 31 101
2009_003977 10.0682 373.18 162.57 432.32 207.70 31 101
2009_004040 10.1004 247.98 139.91 455.14 341.45 16 91
2009_004043 10.1022 109.49 96.63 287.86 215.09 35 90
2009_004050 10.0937 338.60 267.69 384.98 307.95 10 90
2009_004102 10.1164 141.00 106.87 451.50 320.87 25 91
2009_004102 10.0966 20.30 104.50 179.53 197.00 38 90
2009_004102 10.0932 273.72 77.94 423.00 163.00 350 87
2009_004102 10.0590 31.00 85.37 226.66 171.57 333 99
2009_004175 10.0888 269.19 175.18 343.81 215.08 318 99
2009_004175 10.0677 268.51 172.84 341.01 223.47 10 90
2009_004221 10.0834 228.75 279.72 266.78 297.74 328 89
2009_004224 10.1281 139.04 133.70 367.66 263.55 326 90
2009_004224 10.0894 247.00 127.68 349.93 250.93 356 91
2009_004224 10.0542 111.85 115.50 273.00 252.39 9 91
2009_004232 10.1066 38.00 44.45 405.00 240.00 20 98
2009_004272 10.1035 187.14 88.30 398.77 219.96 25 90
2009_004272 10.0895 176.97 97.97 221.00 212.11 4 94
2009_004272 10.0772 167.38 128.00 383.89 203.47 1 95
2009_004303 10.0515 80.77 1.76 455.78 273.24 318 93
2009_004350 10.1075 82.16 199.00 237.05 346.60 38 91
2009_004364 10.0990 143.54 76.31 226.02 126.62 20 98
2009_004364 10.0942 270.82 75.11 328.25 105.77 38 93
2009_004364 10.0886 193.46 83.10 228.35 122.98 316 92
2009_004364 10.0882 146.55 75.21 229.13 126.68 21 97
2009_004436 10.0992 59.37 123.00 415.00 354.00 339 98
2009_004436 10.0854 203.09 89.99 350.25 199.00 38 90
2009_004455 10.0925 68.08 91.69 249.57 229.15 337 95
2009_004455 10.0813 61.80 65.24 200.53 124.87 39 96
2009_004471 10.1313 71.85 121.08 473.35 304.22 44 97
2009_004494 10.0662 391.51 5.53 473.81 38.13 329 97
2009_004556 10.0857 50.36 217.56 440.00 413.37 9 89
2009_004590 10.1034 167.00 143.03 415.02 290.87 0 88
2009_004594 10.1172 114.33 74.64 388.95 291.01 333 106
2009_004630 10.1019 38.69 265.04 198.24 313.08 16 91
2009_004630 10.0866 278.00 260.71 325.55 296.01 23 85
2009_004630 10.0851 147.00 263.96 193.24 313.18 10 90
2009_004630 10.0813 33.20 261.83 201.69 318.17 33 102
2009_004677 10.0950 179.00 100.87 372.18 211.63 1 113
2009_004732 10.1064 176.74 192.00 418.86 305.21 327 97
2009_004748 10.1225 86.00 117.63 452.00 307.71 34 94
2009_004789 10.0954 91.56 171.86 279.00 328.00 40 98
2009_004789 10.0677 62.01 106.52 427.76 343.12 38 91
2009_004872 10.0873 187.84 177.71 273.71 212.85 18 89
2009_004872 10.0824 192.37 176.79 272.10 214.61 16 91
2009_004872 10.0780 192.79 178.79 268.22 215.09 36 98
2009_004872 10.0601 175.76 166.44 254.78 197.85 331 88
2009_004933 10.0872 291.12 47.81 424.97 133.86 350 94
2009_004933 10.0785 475.33 59.60 525.00 151.71 342 96
2009_004933 10.0752 61.00 26.06 182.71 118.54 35 92
2009_005025 10.1234 30.59 107.63 244.02 225.84 34 104
2009_005025 10.1016 39.00 110.29 242.54 223.27 26 96
2009_005060 10.0901 133.83 183.00 332.00 303.93 35 90
2009_005086 10.0960 683.08 244.53 754.00 319.69 322 92
2009_005087 10.0524 62.68 117.47 177.55 196.00 342 88
2009_005104 10.1079 75.03 53.58 468.96 321.00 35 98
2009_005242 10.1180 148.15 112.69 477.14 300.26 18 89
2009_005294 10.1335 69.54 217.77 318.00 367.03 25 90
2009_005294 10.0861 434.71 328.59 690.00 393.00 0 90
2010_000035 10.1051 139.00 56.81 319.71 122.61 324 96
2010_000036 10.1189 63.94 113.12 464.00 327.68 18 89
2010_000069 10.1174 69.63 62.18 457.47 321.00 340 91
2010_000085 10.0827 649.65 163.33 797.00 275.39 15 93
2010_000160 10.0805 38.61 124.61 429.99 308.85 13 99
2010_000194 10.0870 371.59 136.35 421.35 169.12 328 91
2010_000194 10.0860 211.53 134.90 242.66 160.75 348 97
2010_000194 10.0856 369.86 134.53 421.87 171.62 38 98
2010_000194 10.0856 210.26 131.48 241.02 159.66 38 98
2010_000194 10.0828 420.74 139.72 442.00 172.25 0 92
2010_000194 10.0828 253.39 135.46 290.52 165.47 0 92
2010_000196 10.0700 119.00 95.64 339.73 178.00 34 104
2010_000211 10.1003 94.06 60.27 351.24 299.00 350 90
2010_000246 10.1082 77.00 40.75 416.31 267.82 12 93
2010_000246 10.0856 580.96 295.74 816.00 520.85 336 103
2010_000246 10.0850 40.10 163.00 135.42 240.00 20 98
2010_000279 10.0999 243.92 135.66 512.22 293.00 34 104
2010_000279 10.0866 267.81 150.00 407.00 232.72 330 90
2010_000279 10.0788 86.39 193.00 437.00 419.80 26 96
2010_000309 10.0810 138.88 125.51 171.51 145.87 34 104
2010_000372 10.1176 124.00 127.70 389.49 283.59 323 101
2010_000372 10.0815 86.90 224.86 316.00 313.00 21 92
2010_000381 10.1338 97.30 113.95 513.00 297.31 319 95
2010_000493 10.0894 295.43 177.15 367.42 218.98 39 97
2010_000493 10.0815 282.49 159.84 374.38 213.52 334 90
2010_000526 10.0839 94.00 122.92 511.00 377.78 340 91
2010_000530 10.0941 185.00 244.38 383.81 351.84 316 92
2010_000590 10.1003 74.40 191.54 258.22 276.36 1 90
2010_000590 10.0948 234.12 196.48 276.00 218.98 42 105
2010_000590 10.0942 259.19 197.06 311.25 220.94 334 91
2010_000590 10.0721 270.11 370.23 316.72 393.70 0 95
2010_000604 10.1135 141.00 111.94 464.12 299.56 321 104
2010_000604 10.0953 4.00 42.00 103.29 115.00 349 99
2010_000628 10.1126 148.72 229.95 329.03 308.85 38 91
2010_000628 10.0905 209.00 226.54 337.02 272.00 16 100
2010_000628 10.0749 144.65 209.48 318.22 291.22 329 94
2010_000695 10.1060 310.92 60.82 467.84 161.63 0 95
2010_000695 10.0824 320.01 110.00 442.72 157.63 1 95
2010_000722 10.0943 148.00 139.49 412.59 300.00 32 102
2010_000726 10.1033 44.00 114.11 358.05 295.28 25 90
2010_000928 10.0976 248.00 192.29 348.24 238.42 30 96
2010_000928 10.0970 212.15 191.73 353.51 240.06 1 96
2010_000928 10.0665 232.17 177.96 329.97 199.00 0 96
2010_000952 10.1114 84.00 80.16 491.40 323.62 327 97
2010_001080 10.1177 93.00 142.23 502.72 372.09 1 95
2010_001117 10.1132 92.39 95.99 415.57 286.35 350 94
2010_001117 10.1049 367.00 64.20 480.00 122.00 7 100
2010_001220 10.0773 416.54 95.34 646.00 258.72 35 98
2010_001234 10.0884 147.71 79.11 424.26 268.65 316 90
2010_001241 10.0914 91.00 14.69 243.00 102.00 325 90
2010_001246 10.0846 441.03 231.08 471.77 264.57 18 94
2010_001315 10.1042 144.00 97.64 339.21 237.87 24 100
2010_001315 10.0651 104.70 133.00 394.33 217.23 330 90
2010_001315 10.0568 237.47 78.30 425.83 224.65 340 91
2010_001321 10.0969 232.56 202.86 369.81 278.80 331 101
2010_001321 10.0942 238.57 201.18 374.08 273.72 35 90
2010_001321 10.0809 240.27 195.31 302.38 277.89 330 102
2010_001321 10.0515 419.71 192.15 499.00 244.78 0 90
2010_001394 10.0880 21.00 43.66 341.87 255.00 35 98
2010_001394 10.0759 172.53 138.00 487.00 348.16 340 94
2010_001403 10.0934 96.55 224.99 127.65 300.11 10 88
2010_001449 10.1133 31.81 120.58 356.00 330.43 42 97
2010_001455 10.0711 175.98 293.27 230.38 311.70 12 92
2010_001536 10.0798 338.02 284.00 472.00 341.75 10 90
2010_001668 10.0998 160.80 208.42 314.37 317.90 353 96
2010_001668 10.0853 234.00 210.40 361.54 311.72 333 93
2010_001668 10.0611 88.00 178.65 415.76 299.71 15 90
2010_001685 10.0964 64.71 57.58 475.00 337.64 15 97
2010_001757 10.0953 244.85 193.22 397.91 344.73 15 90
2010_001821 10.0928 284.20 281.24 426.00 363.68 23 85
2010_001821 10.0915 299.51 294.75 456.00 347.00 340 91
2010_001828 10.0912 33.00 71.31 287.00 193.00 35 102
2010_001892 10.0783 820.95 179.86 840.00 209.65 28 89
2010_001893 10.1058 158.36 135.75 407.00 265.21 37 90
2010_001893 10.0688 94.32 171.00 326.00 242.16 333 102
2010_001893 10.0623 81.38 121.49 420.76 247.39 18 96
2010_001916 10.0860 247.49 290.25 334.88 367.45 347 91
2010_001954 10.0893 205.85 209.15 478.18 398.88 0 91
2010_001966 10.0663 67.59 257.07 118.14 292.47 35 90
2010_001998 10.1061 87.50 173.24 410.00 294.52 29 95
2010_001998 10.0934 291.00 136.44 439.92 227.70 345 93
2010_002046 10.0887 115.73 135.52 221.57 162.89 15 90
2010_002046 10.0885 91.79 117.89 202.97 159.79 17 91
2010_002046 10.0744 292.41 116.74 435.82 166.26 331 95
2010_002046 10.0744 90.72 119.08 198.48 166.48 331 95
2010_002048 10.0936 151.12 154.16 284.00 252.00 38 90
2010_002048 10.0911 197.00 92.25 469.00 226.42 340 91
2010_002175 10.1093 95.00 338.86 300.00 443.28 16 100
2010_002175 10.0766 212.37 380.04 473.00 552.37 0 92
2010_002192 10.0864 374.00 108.62 472.15 153.92 0 88
2010_002192 10.0842 356.28 61.07 469.00 138.00 5 95
2010_002194 10.1037 122.92 172.15 310.31 268.62 321 109
2010_002194 10.0994 63.86 186.01 193.00 275.11 344 106
2010_002194 10.0767 166.94 172.82 295.29 229.87 340 91
2010_002194 10.0675 41.28 157.85 292.81 252.23 334 88
2010_002279 10.0953 235.00 127.23 432.06 239.62 2 88
2010_002279 10.0927 109.00 63.00 433.00 268.56 327 97
2010_002279 10.0735 353.78 27.79 782.25 294.20 35 92
2010_002289 10.0942 141.82 178.40 163.53 196.14 16 100
2010_002361 10.1048 55.00 80.65 473.00 347.00 328 89
2010_002409 10.1003 114.14 120.66 421.91 330.46 337 92
2010_002409 10.0517 45.94 85.04 331.22 180.00 0 98
2010_002516 10.1118 65.99 113.07 428.21 365.11 29 103
2010_002546 10.0876 583.37 195.38 620.84 250.09 326 90
2010_002578 10.1166 200.45 104.00 392.00 266.00 321 104
2010_002578 10.0972 105.44 127.00 284.00 258.72 347 91
2010_002578 10.0667 105.86 102.57 314.00 255.29 332 90
2010_002579 10.0866 407.86 270.04 462.10 339.76 0 92
2010_002598 10.0992 199.00 116.17 435.79 287.00 21 101
2010_002598 10.0924 39.74 52.54 287.00 225.00 16 91
2010_002598 10.0742 29.00 32.42 421.90 281.00 14 99
2010_002774 10.0916 22.37 62.99 217.98 197.16 0 90
2010_002790 10.1153 75.81 117.38 455.11 368.52 35 92
2010_002807 10.0894 414.20 43.52 483.00 99.83 18 89
2010_002807 10.0780 664.40 118.49 730.31 176.27 19 88
2010_002902 10.1193 86.00 80.32 411.00 277.45 0 88
2010_002929 10.1138 85.45 81.95 415.00 298.00 336 96
2010_002930 10.0833 443.17 240.40 469.55 261.48 3 87
2010_002985 10.1060 237.63 198.70 413.17 290.73 328 89
2010_002985 10.0938 236.58 192.58 314.00 277.00 40 90
2010_002985 10.0808 245.86 197.99 344.00 286.17 327 104
2010_002988 10.1057 272.58 200.38 465.16 299.91 34 89
2010_002988 10.1013 168.40 192.41 311.53 299.00 35 98
2010_002988 10.0935 97.64 186.52 228.80 274.67 340 101
2010_002988 10.0910 175.21 187.08 286.43 296.50 350 87
2010_002988 10.0722 174.00 204.38 497.07 284.00 346 100
2010_003040 10.1088 252.71 134.71 473.78 276.70 24 100
2010_003040 10.1049 243.16 60.00 462.31 301.99 35 90
2010_003120 10.1108 198.86 112.61 502.00 261.61 23 97
2010_003122 10.0861 222.85 150.47 242.11 169.64 0 91
2010_003123 10.0799 258.03 299.62 315.32 353.41 5 90
2010_003123 10.0799 339.63 293.00 390.00 338.58 5 90
2010_003129 10.1066 257.00 244.30 482.91 384.00 39 91
2010_003129 10.0993 45.32 243.58 261.41 364.71 334 91
2010_003129 10.0830 255.20 226.92 549.00 359.00 340 101
2010_003139 10.1299 123.00 96.45 442.00 283.79 345 92
2010_003199 10.0963 262.00 214.07 419.99 307.00 0 95
2010_003199 10.0889 216.32 194.04 491.51 346.62 345 92
2010_003231 10.1020 206.62 316.22 389.28 457.00 44 114
2010_003231 10.0983 202.42 300.81 384.57 457.80 16 100
2010_003231 10.0812 458.19 451.14 628.44 524.00 10 88
2010_003276 10.1201 67.06 96.05 459.74 337.94 15 90
2010_003316 10.0934 57.00 53.97 311.00 217.00 0 91
2010_003381 10.0977 95.00 112.95 446.18 291.51 36 98
2010_003385 10.0850 67.49 4.23 431.00 184.63 333 93
2010_003446 10.0985 38.00 118.65 143.69 200.59 42 97
2010_003446 10.0958 72.00 127.00 137.45 199.67 322 96
2010_003446 10.0769 25.10 120.79 137.91 203.11 16 100
2010_003450 10.1113 55.00 42.00 467.49 263.90 330 105
2010_003453 10.1197 71.09 75.37 469.53 329.00 41 94
2010_003495 10.0836 319.00 137.23 361.85 160.41 331 100
2010_003537 10.1233 36.00 70.90 450.47 338.00 36 98
2010_003561 10.1083 83.06 262.00 325.00 380.49 5 93
2010_003561 10.0961 64.00 192.39 302.11 335.00 20 89
2010_003585 10.1017 151.06 77.57 253.89 126.18 331 100
2010_003585 10.0924 307.49 85.50 425.67 153.67 35 90
2010_003585 10.0882 193.87 74.75 252.93 122.78 335 91
2010_003664 10.1105 196.59 82.12 471.00 251.00 35 92
2010_003664 10.0927 382.56 59.10 469.87 87.48 1 90
2010_003664 10.0856 461.72 38.78 514.00 66.02 26 96
2010_003664 10.0820 420.34 74.84 540.25 130.60 34 104
2010_003723 10.0862 140.00 118.26 341.00 223.31 355 90
2010_003729 10.1109 190.66 56.51 503.33 267.00 31 104
2010_003729 10.0857 170.85 138.00 404.00 296.13 333 93
2010_003730 10.1064 70.00 114.05 343.00 258.63 0 92
2010_003730 10.0879 326.00 148.00 466.32 269.00 349 90
2010_003730 10.0756 217.00 132.54 453.30 254.00 2 88
2010_003745 10.0929 290.00 98.09 494.00 241.00 5 93
2010_003768 10.1007 180.62 149.90 316.00 225.60 16 100
2010_003768 10.1001 174.14 160.76 370.22 220.26 318 90
2010_003807 10.0881 26.00 175.00 265.39 352.00 26 92
2010_003813 10.1203 51.93 138.83 416.00 332.95 1 90
2010_003854 10.0939 108.62 73.00 424.69 294.00 21 88
2010_003878 10.0826 390.34 292.10 426.05 309.71 7 98
2010_003981 10.1161 62.39 29.80 437.69 293.45 30 96
2010_003981 10.0974 214.06 256.23 340.41 435.52 10 88
2010_004021 10.0892 93.47 57.54 240.77 157.67 36 98
2010_004021 10.0892 105.00 66.03 254.44 217.00 327 97
2010_004027 10.1045 206.99 252.77 326.13 361.93 346 93
2010_004027 10.0835 218.06 271.51 328.56 362.45 35 92
2010_004096 10.0715 135.30 145.61 432.19 316.00 34 104
2010_004263 10.0685 69.92 143.21 141.71 175.50 350 94
2010_004291 10.0987 234.00 153.13 465.16 277.57 352 90
2010_004291 10.0954 90.63 132.90 342.00 255.00 27 100
2010_004291 10.0819 400.00 167.55 774.52 319.53 1 100
2010_004337 10.0759 302.83 209.78 332.51 233.29 1 113
2010_004337 10.0548 289.75 192.44 319.42 217.96 333 93
2010_004390 10.1085 37.58 120.26 447.00 359.25 324 98
2010_004390 10.0810 374.00 221.00 507.00 321.44 351 93
2010_004484 10.0943 149.00 263.79 275.53 334.89 344 87
2010_004529 10.0703 165.98 111.00 428.00 277.28 35 92
2010_004529 10.0636 82.91 57.67 300.60 178.00 42 92
2010_004533 10.0879 186.00 101.19 340.09 179.71 326 90
2010_004533 10.0768 107.42 109.70 319.89 184.57 340 94
2010_004533 10.0768 251.20 113.66 370.60 186.99 340 94
2010_004557 10.0709 282.89 293.56 301.00 311.84 10 88
2010_004618 10.0859 232.83 167.01 360.74 271.82 334 90
2010_004618 10.0620 263.37 83.91 364.47 275.76 349 90
2010_004637 10.1060 119.78 226.70 345.49 379.52 353 96
2010_004654 10.1077 118.67 118.79 369.00 298.08 30 97
2010_004654 10.0983 314.00 127.00 439.95 218.22 4 89
2010_004654 10.0873 127.00 73.10 287.73 147.19 40 98
2010_004654 10.0843 31.00 51.42 275.27 211.53 39 90
2010_004661 10.0785 250.70 130.67 304.29 183.73 7 89
2010_004692 10.0923 219.74 11.18 311.08 49.44 29 97
2010_004747 10.1099 17.50 108.67 286.00 259.88 34 93
2010_004747 10.1071 272.00 143.47 476.00 261.00 325 95
2010_004747 10.0801 326.67 27.41 392.94 132.25 25 91
2010_004747 10.0589 93.00 180.00 452.54 258.74 338 98
2010_004785 10.1146 148.00 133.13 370.39 311.35 22 95
2010_004854 10.1018 173.38 15.06 252.86 66.00 30 99
2010_004854 10.0904 172.46 27.66 299.24 82.16 320 93
2010_004865 10.1185 67.76 90.67 335.49 242.59 338 95
2010_004877 10.1108 126.60 132.14 421.00 324.65 29 93
2010_004930 10.1037 124.25 152.25 367.79 294.04 320 95
2010_004930 10.0860 157.00 114.56 321.00 220.00 328 104
2010_004930 10.0848 234.00 122.06 395.25 272.00 335 87
2010_004930 10.0611 95.58 112.75 368.38 273.70 18 96
2010_004946 10.1188 44.46 198.31 337.40 372.71 0 92
2010_005013 10.0892 358.01 27.20 457.70 89.14 337 93
2010_005013 10.0612 338.56 13.18 498.00 77.76 25 91
2010_005063 10.1034 369.11 212.99 395.54 233.90 4 94
2010_005075 10.1036 197.00 140.79 470.00 298.00 36 98
2010_005075 10.0950 63.09 207.33 310.00 364.87 326 95
2010_005075 10.0576 17.57 79.25 258.00 232.81 348 90
2010_005087 10.0982 242.00 48.00 426.49 163.75 16 92
2010_005123 10.0906 126.17 196.41 143.38 221.29 35 90
2010_005130 10.1001 240.92 98.64 396.26 241.23 1 90
2010_005136 10.0971 265.49 73.31 390.32 169.49 332 91
2010_005136 10.0918 182.41 47.55 387.31 178.93 39 91
2010_005167 10.0865 85.00 340.28 131.83 376.76 9 92
2010_005226 10.0877 97.61 163.41 165.03 197.49 322 93
2010_005226 10.0826 98.63 167.40 162.43 199.38 35 98
2010_005272 10.1001 245.00 242.61 377.64 326.03 357 90
2010_005323 10.1131 271.00 221.14 476.00 319.00 331 100
2010_005323 10.0890 29.00 208.73 351.00 299.00 38 98
2010_005414 10.1004 241.48 167.66 454.38 308.32 34 104
2010_005432 10.1102 75.63 89.42 481.00 298.00 0 86
2010_005474 10.0918 262.00 198.35 374.91 265.24 327 96
2010_005474 10.0875 221.52 210.56 332.00 270.41 13 99
2010_005474 10.0796 225.30 206.37 359.39 273.64 35 90
2010_005474 10.0793 265.00 186.86 348.44 254.01 34 104
2010_005474 10.0558 262.46 160.53 286.57 181.86 354 90
2010_005501 10.0869 275.61 57.17 463.00 193.36 44 97
2010_005501 10.0732 284.72 109.00 477.23 185.60 31 95
2010_005502 10.0918 224.48 181.22 285.76 234.61 0 92
2010_005502 10.0805 226.25 179.35 284.67 232.52 316 92
2010_005502 10.0733 224.71 178.92 285.82 231.91 25 90
2010_005587 10.1100 133.03 129.11 416.00 350.00 25 95
2010_005587 10.0580 40.89 101.39 330.34 210.00 0 90
2010_005718 10.0925 34.77 214.42 97.16 249.53 32 102
2010_005718 10.0803 32.22 215.99 99.80 249.15 330 90
2010_005733 10.0976 21.00 135.32 154.79 233.27 325 96
2010_005752 10.0986 119.00 207.94 368.79 360.00 326 90
2010_005752 10.0623 37.00 135.36 361.13 419.28 0 91
2010_005817 10.1175 87.74 131.06 335.00 288.38 338 92
2010_005817 10.1058 282.00 141.59 465.23 246.00 329 89
2010_005817 10.0849 177.48 184.00 386.88 264.07 35 98
2010_005817 10.0802 112.60 319.27 477.20 463.98 30 90
2010_005860 10.1369 148.44 121.58 466.00 284.25 28 92
2010_005868 10.1429 122.00 103.67 436.76 318.00 18 94
2010_005868 10.0834 145.64 87.83 541.70 308.40 34 89
2010_005883 10.0799 13.08 48.69 198.47 205.23 25 95
2010_005907 10.0984 69.64 50.00 486.00 329.00 331 101
2010_005997 10.0880 280.96 139.90 328.37 169.48 38 90
2010_006034 10.0800 65.23 167.43 230.36 281.47 4 89
2010_006051 10.0944 376.86 126.37 456.84 191.77 24 90
2010_006061 10.0916 118.86 134.00 305.45 246.95 35 92
2011_000007 10.0778 82.53 217.75 106.29 240.92 35 98
2011_000034 10.0984 256.53 131.95 488.07 272.00 323 101
2011_000034 10.0814 215.98 220.42 270.00 287.83 322 93
2011_000086 10.1050 151.00 163.01 314.00 277.00 324 98
2011_000086 10.1041 164.00 141.71 468.88 314.59 20 98
2011_000094 10.0965 99.19 69.33 471.00 310.25 18 89
2011_000128 10.0850 242.16 13.68 341.61 80.68 5 93
2011_000178 10.1035 42.58 153.14 339.49 344.00 15 88
2011_000239 10.1159 169.34 166.22 408.54 302.35 342 100
2011_000248 10.1035 274.16 110.08 306.80 129.14 4 94
2011_000248 10.0883 258.59 94.88 293.01 111.64 320 95
2011_000315 10.0563 54.00 65.17 359.06 356.00 337 99
2011_000432 10.1070 180.98 183.66 400.56 353.00 39 97
2011_000432 10.0903 164.54 170.55 358.00 264.82 16 103
2011_000432 10.0705 158.71 164.13 407.88 323.00 337 96
2011_000487 10.0881 118.19 20.00 247.23 135.02 16 91
2011_000503 10.0867 264.44 258.73 413.00 353.78 338 110
2011_000503 10.0862 24.77 246.09 102.60 313.80 0 85
2011_000503 10.0862 264.38 260.09 295.00 313.78 0 85
2011_000569 10.1295 161.80 147.12 448.02 325.55 326 90
2011_000569 10.0767 92.76 187.84 323.92 242.00 349 90
2011_000658 10.0947 369.02 306.72 448.37 344.00 0 96
2011_000658 10.0947 199.44 309.73 237.50 339.68 0 96
2011_000724 10.1017 138.72 178.83 361.57 281.78 0 91
2011_000770 10.0818 89.92 45.62 321.77 192.00 15 88
2011_000853 10.0831 228.42 277.57 268.34 309.15 341 91
2011_000853 10.0831 96.74 274.80 123.70 313.29 341 91
2011_000853 10.0831 154.62 278.39 190.01 313.05 341 91
2011_000887 10.0773 175.66 161.31 336.54 215.57 10 90
2011_000887 10.0552 200.42 150.63 310.92 200.64 35 98
2011_000897 10.0988 364.73 226.81 496.86 316.65 0 91
2011_000900 10.1166 182.87 105.06 490.99 294.65 16 93
2011_000900 10.0988 103.19 54.43 237.67 179.05 12 103
2011_000900 10.0893 29.14 196.00 141.97 277.17 342 95
2011_000900 10.0599 0.00 75.56 150.62 284.90 353 92
2011_001110 10.1139 296.37 174.37 421.80 248.53 30 96
2011_001110 10.1081 9.87 168.00 205.00 292.70 4 97
2011_001110 10.0978 116.64 162.50 236.00 220.00 14 98
2011_001110 10.0971 295.65 180.90 426.32 250.22 348 90
2011_001124 10.0932 106.77 150.37 268.79 252.44 5 88
2011_001124 10.0748 158.00 156.47 257.70 231.18 25 92
2011_001190 10.0838 86.31 281.03 103.90 300.12 42 94
2011_001190 10.0838 59.45 282.88 79.98 301.51 42 94
2011_001260 10.1040 44.06 172.11 256.92 323.05 35 92
2011_001260 10.0907 115.33 139.63 392.54 269.00 335 90
2011_001261 10.1284 63.00 84.40 474.02 305.24 7 96
2011_001271 10.1013 9.00 186.21 163.00 271.00 323 101
2011_001271 10.0892 304.51 190.44 484.00 276.89 36 98
2011_001311 10.1136 147.27 101.07 366.94 271.67 334 90
2011_001311 10.0740 0.00 58.74 94.49 194.41 327 100
2011_001355 10.0954 82.18 56.92 328.85 229.59 35 90
2011_001535 10.0877 127.46 96.59 193.73 158.21 16 91
2011_001535 10.0827 152.45 106.05 194.78 154.87 35 98
2011_001596 10.0787 342.65 186.66 381.66 211.44 355 90
2011_001596 10.0727 338.76 185.20 400.54 211.36 316 98
2011_001596 10.0725 333.50 169.74 386.69 196.41 36 98
2011_001596 10.0681 345.54 184.23 403.16 213.91 30 90
2011_001624 10.1031 175.16 173.72 288.09 216.18 44 91
2011_001801 10.0894 32.37 193.34 141.62 253.04 325 93
2011_001801 10.0811 42.50 185.18 119.76 253.88 33 102
2011_001824 10.0731 62.89 210.29 131.02 239.88 35 92
2011_001824 10.0706 49.62 202.72 116.40 226.82 318 98
2011_001982 10.1481 140.00 144.91 463.31 316.68 15 90
2011_002002 10.0847 580.55 111.95 617.93 128.75 320 90
2011_002002 10.0841 661.86 54.86 701.82 75.48 328 91
2011_002033 10.0881 124.59 202.39 292.99 325.78 35 90
2011_002033 10.0642 160.00 188.42 343.81 344.14 324 101
2011_002033 10.0580 66.61 195.90 300.51 260.00 354 90
2011_002079 10.1037 43.00 225.91 350.12 381.00 316 92
2011_002088 10.0903 139.42 68.26 446.72 244.00 12 93
2011_002093 10.1023 200.12 88.71 237.78 102.00 35 92
2011_002093 10.1023 54.80 92.31 301.00 262.00 35 92
2011_002102 10.0520 7.72 179.27 206.08 351.00 39 96
2011_002215 10.0947 218.58 294.22 314.19 339.72 22 98
2011_002215 10.0672 219.44 275.58 294.08 317.13 328 91
2011_002234 10.1105 60.00 69.37 312.43 245.00 321 104
2011_002357 10.0625 0.66 71.02 293.38 246.00 44 95
2011_002366 10.0992 163.00 80.52 355.05 160.41 20 98
2011_002366 10.0653 50.49 56.64 345.91 142.63 339 89
2011_002479 10.0964 301.33 175.00 496.83 309.82 350 87
2011_002515 10.0936 91.82 179.77 180.20 247.76 35 90
2011_002536 10.0722 275.00 271.28 353.96 308.11 42 92
2011_002536 10.0517 272.10 270.23 351.47 309.19 342 98
2011_002592 10.0979 114.00 173.50 316.00 313.00 19 103
2011_002592 10.0884 253.76 127.84 469.15 296.00 16 100
2011_002592 10.0867 139.32 235.67 292.00 335.43 4 90
2011_002592 10.0852 76.59 152.52 373.60 340.88 334 92
2011_002725 10.0883 71.71 344.06 264.89 496.03 354 90
2011_002751 10.0794 77.00 2.76 443.00 199.00 318 88
2011_002796 10.0954 91.85 88.27 197.48 159.16 328 89
2011_002796 10.0689 77.74 72.63 169.99 131.36 13 90
2011_002870 10.0836 291.23 131.97 469.00 270.24 34 102
2011_002925 10.0831 281.67 290.13 313.93 313.51 35 90
2011_002925 10.0776 334.32 273.56 356.51 292.64 326 99
2011_002944 10.0853 28.00 170.03 63.39 184.18 14 95
2011_002970 10.0947 88.05 245.71 318.00 369.00 36 98
2011_003027 10.0903 147.00 168.00 349.00 313.00 16 100
2011_003027 10.0841 91.17 77.00 481.63 352.33 325 96
2011_003029 10.0999 128.10 78.73 473.00 355.00 328 89
2011_003055 10.0978 54.00 86.75 461.97 354.20 346 100
2011_003114 10.1094 142.39 140.36 415.58 322.49 43 99
2011_003176 10.0975 300.01 232.70 321.46 246.05 35 90
2011_003269 10.1017 81.00 355.36 285.00 456.25 5 90
