2008_000043 10.1262 179.14 200.46 296.70 366.77 42 116
2008_000043 10.1181 367.05 192.45 442.40 273.00 343 106
2008_000043 10.0753 151.92 158.65 217.55 367.69 29 138
2008_000107 10.1107 77.15 232.16 293.59 472.38 327 97
2008_000149 10.0780 14.13 115.94 110.56 271.71 7 122
2008_000163 10.1122 402.05 45.23 477.00 118.76 7 108
2008_000195 10.1150 242.08 163.00 338.49 306.99 348 121
2008_000213 10.1128 299.00 181.00 406.00 316.00 340 94
2008_000261 10.1197 242.80 230.00 342.00 361.16 1 93
2008_000278 10.1409 46.49 187.00 164.27 388.00 341 112
2008_000305 10.1113 80.99 218.30 232.25 353.59 21 112
2008_000321 10.1217 273.86 97.09 414.87 273.10 329 103
2008_000321 10.1128 60.98 210.43 172.96 373.00 0 93
2008_000339 10.1098 35.26 331.21 97.48 436.00 15 107
2008_000418 10.1161 92.71 280.34 182.12 371.61 44 101
2008_000465 10.1159 168.67 231.45 284.00 318.00 327 97
2008_000465 10.0656 247.60 128.90 348.79 216.38 15 116
2008_000472 10.1147 363.40 42.99 517.26 360.00 0 121
2008_000498 10.1192 342.24 90.93 475.00 248.49 36 107
2008_000553 10.1053 51.81 292.01 182.40 463.00 30 127
2008_000602 10.1245 154.77 242.69 305.08 449.49 7 119
2008_000782 10.1189 49.15 141.00 137.15 241.09 33 110
2008_000782 10.1162 132.00 218.23 198.73 442.03 16 103
2008_000828 10.1248 240.31 187.54 341.02 275.27 335 103
2008_000835 10.1189 211.44 241.66 323.99 353.00 30 127
2008_000853 10.1225 107.00 294.22 240.49 426.36 0 109
2008_000976 10.1099 38.77 234.13 98.43 344.97 1 106
2008_001007 10.1045 289.91 340.29 344.62 417.00 1 115
2008_001046 10.1189 100.60 280.29 192.44 340.00 26 108
2008_001046 10.0742 205.67 281.94 295.30 373.00 333 105
2008_001060 10.1148 98.97 111.98 229.67 335.00 336 113
2008_001183 10.1166 300.89 256.03 385.63 351.42 1 93
2008_001284 10.1085 355.00 376.43 412.00 431.80 37 100
2008_001344 10.0942 79.95 208.49 282.69 505.44 1 115
2008_001366 10.1156 160.01 139.35 297.62 284.00 0 133
2008_001366 10.1067 139.00 154.00 270.69 297.72 11 180
2008_001439 10.1323 329.25 47.50 458.73 157.34 348 121
2008_001439 10.1216 83.90 56.46 195.38 182.30 323 102
2008_001439 10.0643 29.75 41.65 183.12 232.90 11 127
2008_001445 10.1202 190.75 111.63 250.58 217.98 29 115
2008_001466 10.1169 234.98 87.14 332.00 255.01 0 113
2008_001503 10.1084 138.95 157.35 219.00 293.00 44 101
2008_001564 10.1122 220.10 240.01 273.02 293.00 339 117
2008_001564 10.1073 271.14 155.23 350.33 300.00 330 103
2008_001589 10.0981 30.30 217.00 212.00 431.21 348 121
2008_001605 10.1163 166.67 224.50 231.00 313.00 342 97
2008_001636 10.1183 96.94 212.45 190.22 330.82 335 108
2008_001723 10.1244 246.86 246.97 333.71 341.00 32 109
2008_001723 10.1232 138.69 234.67 210.08 359.96 1 105
2008_001723 10.0722 121.27 223.45 188.21 358.53 324 106
2008_001772 10.1169 84.45 198.86 159.21 299.99 10 126
2008_001774 10.0837 234.54 181.92 268.70 218.99 0 137
2008_001802 10.1276 194.98 151.64 388.00 352.00 354 115
2008_001810 10.1191 399.00 188.00 478.00 274.45 327 110
2008_001838 10.1131 177.00 215.27 354.03 335.73 350 127
2008_001862 10.1253 64.43 232.05 271.14 476.09 1 105
2008_001869 10.1167 357.24 246.84 462.00 309.50 340 102
2008_001869 10.1060 353.90 208.11 457.00 301.36 3 129
2008_001869 10.1060 345.67 199.17 457.00 309.41 3 129
2008_001928 10.0877 8.14 187.51 149.82 326.00 354 98
2008_002026 10.1190 162.57 223.78 292.52 319.00 335 95
2008_002026 10.0710 337.15 279.64 450.00 341.07 339 112
2008_002069 10.1140 273.53 235.00 351.00 312.60 360 85
2008_002071 10.1251 276.84 271.74 331.87 333.49 0 120
2008_002082 10.0632 174.03 166.84 225.34 215.67 3 100
2008_002107 10.1144 398.14 118.19 459.78 225.29 340 89
2008_002107 10.1134 349.29 85.60 458.52 213.49 16 98
2008_002114 10.1296 95.14 195.24 266.56 345.00 7 116
2008_002114 10.0783 329.88 169.24 499.00 344.00 0 137
2008_002115 10.1192 325.33 53.31 421.35 133.29 10 118
2008_002140 10.1068 209.82 129.52 320.97 274.75 327 97
2008_002212 10.1158 27.51 269.00 84.00 334.00 317 123
2008_002231 10.1162 117.96 258.00 292.00 474.55 27 132
2008_002292 10.1038 217.25 173.82 287.68 272.00 327 97
2008_002328 10.1221 53.81 116.68 165.44 237.00 30 127
2008_002366 10.1297 17.01 135.90 87.99 211.00 0 120
2008_002366 10.1240 73.83 355.83 144.98 506.00 352 108
2008_002366 10.1225 221.52 107.37 262.03 183.69 3 120
2008_002366 10.1138 35.54 306.76 131.04 441.78 360 109
2008_002384 10.1007 50.25 223.28 157.81 339.08 32 129
2008_002395 10.0637 289.64 24.18 479.00 394.00 1 115
2008_002404 10.1243 129.00 116.22 246.62 241.42 0 109
2008_002404 10.1232 95.79 135.00 197.81 295.35 333 114
2008_002404 10.1201 85.98 119.07 180.00 234.66 8 115
2008_002428 10.1042 100.28 307.98 244.50 509.00 17 88
2008_002508 10.0675 347.23 153.05 408.72 291.88 345 121
2008_002508 10.0675 347.16 158.01 406.81 295.54 345 121
2008_002521 10.1239 214.52 230.00 283.66 327.82 1 132
2008_002521 10.1158 276.79 223.70 374.26 343.00 327 97
2008_002521 10.0679 212.14 220.44 293.26 363.44 22 111
2008_002542 10.1144 348.00 206.26 450.00 307.17 340 89
2008_002564 10.1092 253.28 295.95 356.00 443.91 32 129
2008_002598 10.1178 20.00 202.00 122.73 336.62 0 115
2008_002735 10.1231 275.48 212.79 380.53 356.00 7 119
2008_002831 10.1233 81.52 251.05 234.38 496.67 0 109
2008_002869 10.1317 218.00 171.92 420.54 369.00 335 108
2008_002897 10.1186 325.06 241.32 353.64 338.96 1 132
2008_002897 10.1087 175.45 387.48 244.83 469.15 31 97
2008_003003 10.1243 82.71 252.23 125.80 305.13 1 132
2008_003003 10.1179 248.53 381.79 291.55 432.62 1 115
2008_003003 10.1158 325.49 248.46 366.24 297.18 8 114
2008_003003 10.0606 213.74 207.37 258.76 262.75 1 101
2008_003170 10.1081 209.35 234.00 314.00 337.15 0 109
2008_003178 10.1272 230.62 164.25 372.39 352.90 7 122
2008_003178 10.1162 133.91 186.00 183.00 281.00 0 120
2008_003178 10.1134 346.78 354.56 438.76 472.51 36 107
2008_003178 10.1043 298.99 121.47 586.87 363.55 335 108
2008_003348 10.1018 122.94 252.76 256.00 411.08 339 127
2008_003348 10.1018 85.43 246.56 256.00 423.14 339 127
2008_003348 10.1018 88.48 249.61 256.00 424.51 339 127
2008_003348 10.1018 83.27 249.64 256.00 428.27 339 127
2008_003348 10.1018 84.82 250.79 256.00 423.82 339 127
2008_003432 10.1204 318.50 189.42 396.00 301.00 0 113
2008_003432 10.1191 344.08 179.00 468.88 343.66 336 114
2008_003432 10.0722 290.99 182.55 409.65 325.73 0 109
2008_003466 10.1075 398.46 170.36 465.08 302.19 44 121
2008_003477 10.1130 351.21 161.78 469.53 301.00 4 110
2008_003650 10.0810 25.40 185.67 157.25 373.65 38 110
2008_003709 10.1064 445.02 170.42 571.80 220.74 0 93
2008_003721 10.1149 229.49 315.67 360.96 506.98 7 119
2008_003821 10.1233 44.86 171.70 155.64 412.72 348 121
2008_003829 10.1150 209.63 112.07 347.00 228.00 334 111
2008_003838 10.1130 62.64 121.29 202.86 322.50 350 127
2008_003856 10.1213 289.61 246.00 370.24 379.00 30 127
2008_003856 10.1193 256.95 130.42 449.04 351.00 8 114
2008_003945 10.1215 117.10 197.22 219.33 315.39 38 110
2008_003958 10.1066 225.00 257.00 367.56 494.00 318 122
2008_004124 10.1202 172.45 123.23 322.72 349.00 22 111
2008_004124 10.1091 142.21 92.07 261.00 377.00 348 121
2008_004213 10.1192 146.51 273.37 275.00 514.00 17 104
2008_004213 10.1172 208.36 331.79 290.01 482.00 0 121
2008_004251 10.1059 227.75 135.07 242.80 159.27 0 108
2008_004271 10.1158 182.16 210.38 292.24 299.00 8 114
2008_004297 10.1273 140.34 115.11 265.27 295.40 334 104
2008_004324 10.0968 83.14 29.00 224.00 216.12 4 125
2008_004327 10.1111 159.71 325.33 202.39 376.91 330 103
2008_004384 10.1164 205.78 301.30 347.90 446.00 348 121
2008_004384 10.1106 187.47 363.92 362.00 538.00 1 101
2008_004445 10.1257 216.73 229.91 305.94 337.00 350 127
2008_004501 10.0993 295.35 27.82 443.56 224.71 35 113
2008_004592 10.1159 187.82 92.04 263.32 186.00 334 111
2008_004615 10.1144 364.23 109.89 484.03 237.00 360 85
2008_004665 10.1188 288.45 175.87 437.47 301.00 344 124
2008_004670 10.0970 274.73 132.31 316.59 179.99 18 120
2008_004670 10.0970 89.92 118.65 128.68 164.47 18 120
2008_004670 10.0970 89.38 112.87 129.00 163.80 18 120
2008_004670 10.0970 198.17 116.35 244.49 191.13 18 120
2008_004687 10.1200 209.49 160.83 329.00 280.40 1 92
2008_004720 10.1162 332.25 143.75 420.00 351.00 0 113
2008_004774 10.1150 41.23 217.87 147.00 354.48 18 108
2008_004862 10.1079 9.00 206.63 56.06 298.50 327 110
2008_005037 10.1138 459.38 33.10 566.26 222.90 7 116
2008_005068 10.1258 167.41 128.05 262.47 255.22 30 127
2008_005068 10.1245 173.24 304.58 277.06 380.00 19 81
2008_005068 10.1235 160.46 299.50 274.09 472.34 21 112
2008_005068 10.1140 177.24 96.99 254.69 194.00 4 125
2008_005068 10.0752 154.04 264.38 246.99 474.01 340 115
2008_005070 10.1172 380.22 124.96 494.69 241.64 37 100
2008_005070 10.1171 388.70 97.08 468.00 231.77 21 112
2008_005181 10.1132 188.36 255.20 259.00 357.00 0 109
2008_005191 10.0521 269.36 175.60 404.91 373.00 341 112
2008_005205 10.1013 285.17 222.90 470.95 378.00 30 127
2008_005254 10.1062 20.94 113.00 177.44 357.37 350 127
2008_005257 10.1317 317.24 205.63 435.36 373.00 21 112
2008_005257 10.0962 33.68 181.16 133.92 300.00 1 116
2008_005257 10.0830 288.00 197.76 419.54 369.47 27 119
2008_005323 10.1270 324.14 227.34 388.02 338.61 348 98
2008_005356 10.1052 245.86 78.62 311.69 152.00 350 103
2008_005417 10.0550 50.37 272.22 155.06 373.00 324 96
2008_005444 10.0752 176.10 85.95 388.00 239.33 8 101
2008_005566 10.1057 305.00 182.56 429.31 316.00 329 103
2008_005601 10.1109 277.17 206.00 358.06 307.02 321 113
2008_005627 10.1148 106.54 30.46 222.20 106.74 348 121
2008_005686 10.1163 329.23 156.00 428.38 287.80 340 89
2008_005848 10.1205 258.50 227.85 368.77 453.57 327 110
2008_005848 10.0909 316.22 252.71 443.02 398.70 327 97
2008_005975 10.1117 209.85 86.20 302.00 245.71 44 101
2008_006008 10.1244 84.93 297.50 161.76 470.80 25 122
2008_006017 10.1241 278.15 146.87 354.55 249.25 354 115
2008_006151 10.1293 214.85 165.27 333.49 341.68 29 110
2008_006151 10.1219 106.88 169.04 212.07 321.00 0 113
2008_006151 10.1178 311.02 125.71 436.09 327.59 335 95
2008_006151 10.1038 85.32 132.41 210.87 284.00 32 129
2008_006151 10.0514 72.17 115.44 216.67 298.91 19 92
2008_006240 10.1183 237.00 19.00 385.67 214.32 328 118
2008_006303 10.1057 554.08 230.06 639.92 344.02 329 103
2008_006311 10.1352 269.56 212.92 378.34 381.00 333 105
2008_006311 10.1304 159.11 193.30 249.21 314.00 348 121
2008_006311 10.1149 144.29 198.31 263.66 362.98 340 102
2008_006311 10.1124 250.19 181.04 396.62 361.00 342 113
2008_006311 10.0511 138.87 177.06 245.26 358.78 352 108
2008_006330 10.1159 79.17 373.34 155.00 469.00 327 105
2008_006330 10.0872 22.32 342.14 164.27 490.38 322 100
2008_006424 10.1125 132.25 163.15 159.74 192.34 327 110
2008_006611 10.1352 179.49 200.08 289.52 309.00 4 113
2008_006611 10.1258 219.19 240.33 375.60 348.30 7 119
2008_006616 10.1183 267.36 91.00 419.00 236.48 328 118
2008_006660 10.0815 237.92 211.71 334.61 374.00 35 113
2008_006686 10.1147 169.63 111.66 265.56 194.00 35 113
2008_006694 10.1268 410.56 81.32 503.30 182.98 4 125
2008_006773 10.1219 59.29 219.77 241.00 360.00 10 126
2008_006773 10.0588 294.63 264.87 499.00 374.00 2 93
2008_006833 10.1163 380.98 187.00 472.00 317.24 2 88
2008_006841 10.1247 339.24 141.96 392.57 290.00 0 115
2008_006841 10.1190 256.76 152.78 323.48 302.91 7 109
2008_006948 10.1175 115.00 167.10 237.08 301.00 340 89
2008_007006 10.1268 195.78 66.09 318.00 212.09 23 124
2008_007006 10.1113 111.68 165.00 305.86 458.27 3 100
2008_007134 10.1272 310.86 162.28 354.77 241.00 5 99
2008_007134 10.1231 195.47 320.64 275.38 436.00 7 109
2008_007166 10.0741 390.71 196.53 462.69 288.55 0 120
2008_007182 10.0650 287.82 158.99 498.83 320.46 334 111
2008_007187 10.1113 81.35 45.00 240.00 194.51 1 104
2008_007194 10.1239 220.00 106.16 359.98 288.80 1 132
2008_007194 10.1218 361.74 122.12 468.00 332.78 1 106
2008_007194 10.1179 385.00 61.11 503.31 181.87 0 123
2008_007207 10.1356 66.00 229.84 203.00 361.27 12 107
2008_007285 10.1105 102.30 155.74 206.07 293.00 19 92
2008_007287 10.1112 411.27 128.85 489.45 226.00 11 127
2008_007287 10.1062 170.93 27.51 226.34 174.47 3 99
2008_007287 10.1001 141.96 3.28 186.74 118.37 35 113
2008_007287 10.0999 294.80 135.53 463.92 344.00 1 106
2008_007293 10.1156 213.66 258.00 346.00 413.88 19 92
2008_007336 10.1260 224.67 246.05 340.00 388.00 327 97
2008_007336 10.1221 148.04 343.00 242.36 481.71 32 129
2008_007378 10.1119 33.26 28.99 149.39 195.70 8 114
2008_007378 10.1062 461.16 7.90 620.14 177.16 1 101
2008_007393 10.1135 245.87 54.88 333.98 175.00 7 109
2008_007393 10.1117 358.75 169.21 461.89 309.00 20 95
2008_007446 10.1154 183.05 255.31 243.22 350.11 1 90
2008_007446 10.1141 258.56 208.30 342.00 352.83 35 113
2008_007446 10.1086 127.31 278.18 164.81 343.00 322 104
2008_007452 10.1127 244.05 347.05 328.64 437.35 339 117
2008_007459 10.1173 23.93 335.00 53.00 395.36 333 114
2008_007498 10.1350 166.59 41.63 368.73 314.89 327 97
2008_007525 10.1130 376.13 28.10 466.00 119.43 318 122
2008_007561 10.0855 152.65 197.24 388.50 373.00 10 118
2008_007635 10.1165 401.76 118.16 483.55 201.45 0 93
2008_007716 10.1097 33.61 67.94 100.48 144.00 38 77
2008_007828 10.1117 231.95 252.15 326.00 383.00 335 116
2008_007850 10.1121 86.75 168.69 104.79 195.09 327 97
2008_007893 10.1384 112.57 201.41 296.53 437.25 7 119
2008_007893 10.0540 92.41 184.03 288.95 460.98 25 95
2008_007922 10.1171 270.11 249.30 372.00 341.00 19 92
2008_007922 10.1072 259.27 232.45 368.05 343.00 327 97
2008_008131 10.1117 292.02 48.84 354.71 151.00 38 77
2008_008177 10.1203 126.20 175.07 159.00 268.54 3 101
2008_008190 10.1270 238.78 150.52 372.91 320.46 0 128
2008_008190 10.1262 72.52 144.00 182.47 297.85 1 92
2008_008190 10.1124 289.00 145.82 360.38 295.00 26 98
2008_008272 10.1191 427.00 237.00 484.00 300.09 44 121
2008_008320 10.1146 328.09 145.70 423.00 306.00 8 114
2008_008320 10.1122 173.22 132.74 268.71 255.50 330 105
2008_008331 10.1145 198.83 94.10 368.45 259.99 339 117
2008_008365 10.1219 110.30 279.30 154.43 362.53 4 99
2008_008365 10.0781 272.66 300.78 348.03 374.00 0 93
2008_008439 10.1098 17.50 213.21 133.16 271.52 8 114
2008_008443 10.1186 121.00 359.27 197.00 445.06 337 124
2008_008470 10.1160 63.96 188.82 120.39 262.86 328 118
2008_008536 10.1215 242.16 158.00 350.00 298.13 9 99
2008_008536 10.1105 257.61 141.33 367.00 248.00 1 75
2008_008536 10.1097 238.64 134.29 388.00 269.00 19 92
2008_008536 10.1073 232.73 165.68 278.00 302.51 25 95
2008_008536 10.1069 353.22 109.32 410.22 303.76 7 119
2008_008536 10.0906 507.71 191.00 635.00 365.01 1 75
2008_008621 10.1070 327.72 193.87 468.65 354.70 327 97
2008_008622 10.1088 282.46 42.28 459.28 196.97 343 106
2008_008622 10.0613 175.47 15.80 484.03 186.77 347 128
2008_008627 10.1110 51.95 88.12 200.25 256.00 343 106
2008_008658 10.1290 318.31 188.39 426.70 362.86 23 124
2008_008708 10.1194 230.28 298.70 323.68 481.14 32 109
2008_008772 10.1224 334.82 179.00 428.00 365.41 6 120
2009_000087 10.0980 156.21 349.41 245.00 477.26 353 135
2009_000096 10.1184 111.96 121.49 172.59 217.00 19 92
2009_000184 10.1283 266.82 120.63 379.00 244.00 3 100
2009_000192 10.1096 183.46 40.74 289.00 285.00 328 118
2009_000192 10.1085 9.33 30.00 110.00 162.23 0 91
2009_000198 10.1282 168.62 215.12 228.00 274.59 3 100
2009_000198 10.1237 49.76 173.09 174.34 343.67 332 99
2009_000198 10.1124 53.35 154.25 156.77 332.33 7 109
2009_000212 10.1224 152.09 238.01 252.52 458.96 337 124
2009_000214 10.0758 228.55 182.77 342.38 329.61 30 123
2009_000297 10.1293 288.32 169.23 424.40 337.54 7 119
2009_000351 10.1183 47.44 255.82 159.84 359.00 19 92
2009_000422 10.0664 337.63 227.60 413.53 326.08 10 119
2009_000422 10.0664 155.41 214.42 227.13 284.78 10 119
2009_000456 10.1243 250.54 115.92 367.03 266.00 23 109
2009_000456 10.1093 297.00 130.12 375.97 290.00 0 109
2009_000488 10.1175 224.35 149.36 341.36 275.20 10 126
2009_000552 10.1237 112.82 206.01 305.00 443.88 7 122
2009_000590 10.1151 153.06 221.50 248.88 342.52 332 103
2009_000590 10.1105 162.51 235.00 235.00 415.96 352 108
2009_000631 10.1358 394.42 86.00 468.00 174.61 5 105
2009_000674 10.1184 176.92 94.86 264.58 178.47 13 123
2009_000676 10.1125 406.52 28.32 510.26 189.55 16 102
2009_000760 10.1326 82.74 182.69 141.05 296.19 18 113
2009_000760 10.1135 427.00 70.96 464.80 94.00 15 107
2009_000760 10.1093 85.65 191.51 147.12 292.25 27 132
2009_000760 10.0514 61.16 171.31 143.31 267.93 0 107
2009_000762 10.0557 286.58 192.73 413.35 433.67 27 107
2009_000811 10.1186 373.04 210.33 476.12 372.00 7 122
2009_000811 10.0795 377.64 6.01 418.25 54.73 2 84
2009_000829 10.1122 336.84 174.42 403.00 321.11 33 119
2009_000954 10.1115 295.50 123.74 354.48 217.00 5 105
2009_001000 10.0663 95.00 28.27 186.02 119.00 0 112
2009_001021 10.1142 148.17 348.53 243.66 506.19 7 119
2009_001021 10.0812 146.69 272.64 374.00 487.85 350 122
2009_001028 10.1270 325.65 266.48 455.09 449.50 335 108
2009_001028 10.1229 22.59 230.48 103.39 319.29 12 107
2009_001028 10.1192 103.64 290.23 188.23 429.00 7 106
2009_001120 10.1149 153.52 84.34 202.61 224.94 29 115
2009_001240 10.1196 259.65 153.28 353.00 244.36 339 117
2009_001249 10.1213 226.50 187.47 315.68 292.00 6 120
2009_001278 10.1118 87.11 243.51 145.20 335.00 0 93
2009_001278 10.0787 67.92 217.63 130.70 325.00 0 100
2009_001343 10.1079 332.59 111.32 457.48 293.00 1 111
2009_001371 10.1232 37.15 101.68 151.20 256.63 7 122
2009_001371 10.1142 402.59 45.06 502.06 247.62 339 107
2009_001417 10.0984 296.24 14.56 452.58 213.56 4 125
2009_001431 10.1142 53.95 63.00 317.31 359.68 0 137
2009_001437 10.1248 108.52 167.98 194.16 266.71 3 100
2009_001437 10.1236 212.69 155.65 288.56 243.41 3 120
2009_001440 10.1128 65.72 78.55 196.00 228.00 19 92
2009_001447 10.1153 104.00 198.00 212.00 346.70 0 120
2009_001623 10.0697 34.51 3.76 180.85 237.28 1 111
2009_001754 10.1265 121.02 238.95 246.93 325.00 18 120
2009_001754 10.1028 102.88 220.20 225.82 370.16 3 100
2009_001811 10.1208 109.48 215.60 137.17 255.23 339 106
2009_001823 10.1127 134.02 76.59 165.12 161.00 0 109
2009_001973 10.1168 78.07 44.41 159.61 181.63 27 97
2009_001973 10.1168 80.99 45.81 167.00 181.22 27 97
2009_001973 10.1168 77.25 44.51 164.46 183.14 27 97
2009_001976 10.1041 203.69 171.53 317.65 316.16 348 121
2009_002003 10.1370 179.17 106.39 253.09 234.00 0 99
2009_002003 10.1308 305.39 53.53 425.20 218.35 21 102
2009_002003 10.1146 353.44 61.37 440.55 209.00 39 115
2009_002003 10.1073 187.23 81.71 281.14 274.97 335 95
2009_002078 10.1281 288.85 93.15 446.42 318.23 25 95
2009_002078 10.1151 140.94 108.68 252.36 235.58 333 114
2009_002078 10.1146 47.31 106.15 161.47 237.00 27 132
2009_002078 10.1130 50.17 99.16 183.88 321.79 7 119
2009_002078 10.0658 288.59 73.28 436.55 316.94 33 110
2009_002205 10.1287 222.34 196.00 303.40 313.60 30 127
2009_002252 10.1342 127.53 143.37 291.71 442.00 4 125
2009_002320 10.0981 232.74 87.78 308.24 215.30 335 95
2009_002401 10.1236 339.00 36.61 439.09 139.89 5 105
2009_002407 10.1052 44.15 41.33 172.07 252.87 30 127
2009_002415 10.1254 86.57 54.94 339.07 358.59 321 113
2009_002444 10.1223 153.34 326.77 242.78 455.75 0 140
2009_002487 10.1262 293.65 201.55 347.00 325.00 7 122
2009_002487 10.1248 279.05 155.80 340.49 298.24 326 109
2009_002487 10.1218 102.94 160.81 157.78 245.96 29 115
2009_002487 10.1132 310.89 167.62 379.11 286.71 7 122
2009_002487 10.0969 122.50 171.01 211.41 290.12 335 103
2009_002488 10.1262 11.55 29.58 109.50 183.08 0 113
2009_002500 10.1184 258.08 16.00 444.00 202.26 22 114
2009_002525 10.1175 242.44 67.33 342.91 217.00 327 97
2009_002580 10.1009 66.00 81.00 209.68 327.35 1 115
2009_002673 10.1076 75.68 187.83 222.71 323.53 37 97
2009_002698 10.1167 278.83 316.27 343.00 386.00 352 108
2009_002743 10.1244 330.47 208.00 425.33 357.55 8 114
2009_002743 10.1191 306.36 119.42 371.39 197.78 0 120
2009_002743 10.1101 341.36 166.97 476.68 351.00 7 122
2009_002755 10.1247 174.55 116.21 286.29 285.53 22 112
2009_002755 10.1010 149.65 62.26 278.34 303.35 0 108
2009_002940 10.1235 126.94 213.64 207.64 293.85 9 99
2009_002995 10.0614 41.77 12.19 357.00 302.78 6 120
2009_003059 10.1119 155.00 147.00 258.00 240.56 27 132
2009_003065 10.1069 275.12 258.00 366.83 350.99 30 127
2009_003098 10.1279 249.00 83.77 437.00 265.52 32 129
2009_003110 10.1109 298.74 55.53 434.82 289.76 331 100
2009_003198 10.1118 240.27 242.87 399.95 377.00 7 119
2009_003224 10.1101 222.17 51.18 326.12 269.00 350 127
2009_003255 10.1210 188.10 62.90 262.30 144.96 10 119
2009_003320 10.0986 144.33 355.56 217.84 436.18 340 115
2009_003400 10.0828 332.88 94.14 360.85 125.05 19 101
2009_003466 10.1128 292.00 199.87 444.00 375.70 1 111
2009_003494 10.1182 144.54 226.40 284.54 464.32 10 126
2009_003508 10.1038 260.91 232.38 287.85 281.82 41 108
2009_003508 10.1021 423.68 423.59 451.41 478.32 318 122
2009_003542 10.1098 268.64 47.36 389.13 157.51 23 109
2009_003564 10.1240 41.93 78.91 97.02 172.00 20 95
2009_003564 10.1054 209.00 13.00 369.44 255.90 333 90
2009_003581 10.1333 145.81 272.00 259.00 391.69 2 118
2009_003581 10.0816 54.63 240.27 308.11 490.73 339 107
2009_003759 10.1168 218.11 205.24 307.61 329.00 1 105
2009_003759 10.1125 201.70 188.03 281.42 309.35 350 127
2009_003795 10.1109 88.39 252.63 169.71 351.35 0 93
2009_003813 10.1175 109.25 132.35 318.93 415.11 329 103
2009_003835 10.1046 271.70 206.58 332.54 328.24 336 126
2009_003835 10.0529 241.74 193.64 325.24 302.92 3 86
2009_003840 10.0815 189.42 278.85 291.84 374.00 35 113
2009_003849 10.1077 371.42 204.30 500.74 365.36 7 122
2009_003884 10.1179 102.52 240.71 268.00 352.00 350 127
2009_003884 10.1064 132.00 510.88 253.96 720.95 333 105
2009_003892 10.1081 120.95 264.62 195.89 348.42 41 108
2009_003899 10.1155 10.83 41.00 105.22 120.52 7 108
2009_003929 10.1155 111.51 135.00 214.11 263.11 327 104
2009_003938 10.0990 247.82 150.11 268.83 179.27 337 108
2009_003973 10.1294 203.26 190.15 262.74 250.00 8 101
2009_003973 10.1279 144.04 209.94 246.99 356.05 3 120
2009_003973 10.1272 129.57 203.98 237.17 332.65 1 105
2009_003973 10.1250 320.22 205.99 403.47 293.00 29 111
2009_003973 10.1223 246.86 236.11 345.92 359.00 348 121
2009_003973 10.1049 322.28 188.07 384.27 337.15 1 98
2009_003973 10.0721 88.00 226.74 229.46 371.00 27 125
2009_003991 10.1095 30.39 151.37 106.61 226.86 18 111
2009_004092 10.1225 389.74 230.00 473.93 344.52 7 106
2009_004092 10.1088 242.03 187.57 340.00 349.00 7 119
2009_004129 10.1326 184.21 137.80 316.75 316.20 22 91
2009_004129 10.1064 178.67 116.65 223.00 295.81 7 108
2009_004129 10.0579 214.92 129.30 305.94 282.12 36 107
2009_004131 10.1137 390.18 219.16 500.26 356.00 10 114
2009_004131 10.0933 150.50 161.81 288.86 373.80 342 97
2009_004221 10.1136 177.59 362.88 289.39 476.00 1 93
2009_004221 10.1117 121.99 352.89 312.49 511.00 325 104
2009_004243 10.0680 87.70 204.64 187.93 326.41 30 127
2009_004377 10.1164 351.46 101.98 452.52 307.40 32 129
2009_004377 10.1134 28.02 165.42 172.00 362.19 337 124
2009_004419 10.1246 101.64 188.01 206.96 328.10 332 103
2009_004419 10.1049 75.50 201.28 268.92 378.76 327 97
2009_004496 10.1110 240.17 160.00 324.45 289.79 9 113
2009_004496 10.1093 296.78 119.89 395.47 276.00 345 121
2009_004499 10.1230 271.52 96.47 350.87 328.54 337 119
2009_004588 10.1063 289.55 75.79 600.00 301.12 337 109
2009_004746 10.1442 55.50 96.72 229.00 288.91 8 114
2009_004823 10.1078 478.77 337.18 594.85 491.35 360 137
2009_004857 10.1152 140.46 142.21 236.24 278.82 15 107
2009_004857 10.1073 121.33 113.80 252.22 280.00 327 97
2009_004876 10.1100 178.74 106.00 318.12 286.81 22 91
2009_004899 10.1135 299.00 102.00 357.01 219.66 10 114
2009_004913 10.1113 392.51 194.64 460.69 286.99 8 114
2009_004922 10.0677 71.52 115.53 237.00 308.65 44 99
2009_004993 10.1181 115.94 170.63 257.00 344.00 327 97
2009_005008 10.1217 229.84 190.81 344.88 380.37 333 114
2009_005080 10.1233 305.38 181.05 388.60 286.61 42 114
2009_005080 10.0851 71.81 218.57 236.82 374.00 321 113
2009_005156 10.1153 78.66 59.55 164.94 177.86 25 106
2009_005156 10.1082 313.52 154.00 380.36 260.52 0 109
2009_005171 10.1096 241.13 232.74 368.83 383.00 19 92
2009_005202 10.1146 40.28 88.99 167.76 301.00 0 128
2009_005202 10.1045 139.51 171.06 265.97 384.00 318 107
2009_005202 10.0835 322.67 225.21 486.00 374.00 0 108
2009_005204 10.1217 225.64 310.50 315.67 497.14 1 105
2009_005204 10.1182 143.00 230.38 207.67 383.00 30 127
2009_005204 10.1159 90.90 170.14 211.77 468.04 0 109
2010_000074 10.1199 169.68 90.60 233.00 185.00 7 119
2010_000088 10.1057 138.81 61.00 317.25 298.51 21 102
2010_000260 10.1186 84.74 136.87 172.33 225.00 1 132
2010_000260 10.1049 213.78 207.85 332.00 357.29 11 127
2010_000330 10.1110 111.55 321.82 254.10 498.00 327 97
2010_000375 10.1191 79.21 248.88 225.71 381.00 32 129
2010_000384 10.1178 342.92 182.00 442.97 345.00 1 132
2010_000384 10.1128 272.49 141.73 415.79 301.00 0 109
2010_000384 10.1003 69.15 217.72 141.78 330.00 330 103
2010_000446 10.1195 129.00 182.00 215.71 296.91 327 97
2010_000485 10.1146 156.91 322.49 297.25 471.00 335 103
2010_000497 10.0735 4.93 31.11 187.16 249.92 344 112
2010_000639 10.1115 115.90 105.53 215.95 286.00 22 91
2010_000646 10.1258 126.12 200.63 187.00 253.00 32 107
2010_000646 10.1230 134.00 172.13 195.85 314.00 22 91
2010_000646 10.0895 121.67 170.16 172.08 280.16 5 107
2010_000705 10.1236 130.72 212.25 166.00 327.50 0 123
2010_000705 10.0664 439.94 197.11 499.00 324.75 328 96
2010_000738 10.1217 261.18 113.47 393.37 296.53 348 121
2010_000738 10.1152 136.74 204.73 194.89 346.25 1 111
2010_000761 10.1132 174.32 144.31 270.00 230.50 38 99
2010_000761 10.1104 113.67 88.00 258.09 289.33 323 102
2010_000821 10.0971 309.24 233.03 434.16 343.00 1 132
2010_000897 10.1250 267.37 146.19 359.76 290.00 331 113
2010_000952 10.1175 171.65 87.93 271.84 182.10 25 116
2010_000968 10.1272 163.13 101.32 247.00 179.83 35 113
2010_000993 10.1106 56.69 235.00 152.69 426.62 334 111
2010_001127 10.0886 314.61 84.50 465.70 317.00 1 132
2010_001189 10.1220 181.59 227.92 283.82 354.45 44 101
2010_001189 10.1079 181.24 201.69 301.73 343.64 332 103
2010_001192 10.1158 43.00 201.00 147.00 292.09 330 103
2010_001216 10.1023 355.02 214.00 463.34 334.99 341 98
2010_001216 10.0988 354.19 135.58 500.76 349.00 317 123
2010_001343 10.1127 177.57 151.00 263.00 307.61 350 127
2010_001343 10.1041 12.16 100.43 241.00 363.00 353 135
2010_001367 10.1190 299.48 156.55 468.00 337.74 16 102
2010_001367 10.1169 112.38 179.96 232.19 294.88 16 102
2010_001455 10.1204 127.45 390.70 180.52 457.00 19 85
2010_001455 10.1157 150.47 366.27 195.79 422.55 21 112
2010_001455 10.0970 321.02 475.40 402.73 612.06 0 101
2010_001535 10.1149 330.64 149.71 457.73 300.91 327 126
2010_001535 10.0608 283.46 131.67 481.54 351.33 344 111
2010_001553 10.1324 109.99 14.00 173.00 80.68 339 117
2010_001574 10.1061 71.84 138.09 142.00 219.87 340 102
2010_001579 10.1225 297.94 148.94 362.00 264.09 0 100
2010_001606 10.1168 103.84 322.85 285.80 493.62 329 103
2010_001682 10.1106 389.56 183.52 465.24 340.27 7 122
2010_001720 10.1158 421.15 149.00 484.55 264.23 1 111
2010_001720 10.1089 402.24 138.00 482.42 293.00 343 106
2010_001731 10.0973 130.40 145.98 398.15 460.34 31 102
2010_001757 10.1133 244.32 402.47 385.99 563.24 7 119
2010_001823 10.1287 165.00 372.59 247.67 476.00 341 112
2010_001823 10.1037 125.40 354.10 219.86 459.00 19 113
2010_001851 10.1255 68.43 252.89 144.25 346.28 27 121
2010_001851 10.1248 282.49 229.43 311.73 319.00 7 119
2010_001851 10.1228 274.47 259.90 306.00 306.03 360 109
2010_001851 10.0552 215.74 222.61 285.99 324.04 339 117
2010_002089 10.1056 240.77 252.37 308.00 327.00 5 99
2010_002137 10.1249 197.46 42.40 252.00 89.00 1 92
2010_002192 10.1186 262.62 18.57 344.59 148.01 21 102
2010_002199 10.1133 264.05 273.12 323.38 361.37 19 92
2010_002199 10.1107 364.11 130.87 438.91 257.80 32 129
2010_002211 10.1277 186.16 256.56 262.00 330.16 352 108
2010_002316 10.1158 390.09 87.00 465.26 217.00 22 114
2010_002316 10.1120 394.76 168.00 468.26 241.37 22 91
2010_002316 10.1088 357.27 31.73 499.07 227.00 25 95
2010_002336 10.1387 41.74 171.05 171.96 306.86 20 95
2010_002336 10.1266 33.79 151.36 194.14 342.52 331 104
2010_002337 10.0799 14.74 73.80 152.24 327.05 15 107
2010_002366 10.1144 175.12 333.91 320.36 492.69 0 109
2010_002370 10.1065 192.81 210.53 303.78 325.00 340 87
2010_002538 10.1213 157.57 337.42 216.75 400.88 37 107
2010_002538 10.1030 312.16 370.79 370.01 428.15 11 127
2010_002605 10.1336 207.88 128.01 306.98 243.06 7 119
2010_002605 10.1224 89.92 253.89 189.87 394.00 7 109
2010_002605 10.1224 65.69 220.86 175.39 373.51 0 109
2010_002605 10.0842 239.52 190.59 365.10 389.59 3 100
2010_002639 10.1183 43.01 308.17 214.62 426.00 341 112
2010_002721 10.0521 217.32 110.75 474.64 371.42 29 115
2010_002728 10.1201 310.53 196.75 420.00 366.10 0 97
2010_002783 10.1157 23.91 177.82 106.48 294.39 327 110
2010_002789 10.1119 225.73 173.21 459.00 393.00 22 112
2010_002881 10.1221 89.44 174.38 207.00 337.00 347 100
2010_002881 10.1166 101.41 175.33 248.68 300.13 325 113
2010_003154 10.1024 447.36 239.01 556.00 345.16 335 95
2010_003200 10.1116 378.00 232.00 461.17 305.14 30 127
2010_003287 10.0697 52.22 194.00 214.00 369.00 1 93
2010_003302 10.1182 274.76 224.37 406.18 362.94 22 111
2010_003398 10.0741 107.24 122.02 289.28 366.59 44 121
2010_003520 10.1300 74.04 379.43 180.96 496.63 23 109
2010_003531 10.1185 80.40 250.62 146.78 376.00 38 77
2010_003532 10.1037 247.52 34.95 330.06 145.00 352 108
2010_003579 10.1202 71.22 88.19 223.07 336.68 341 112
2010_003807 10.1257 33.65 188.41 118.70 315.57 354 115
2010_003807 10.1129 123.00 323.00 225.00 413.02 0 137
2010_003820 10.1123 105.00 97.46 227.65 213.52 2 119
2010_003828 10.1119 51.14 90.66 136.65 197.81 325 111
2010_003971 10.1288 40.71 286.00 152.71 443.05 30 127
2010_003971 10.1208 127.00 191.41 357.00 447.09 0 102
2010_004010 10.1202 382.69 163.15 478.00 259.04 333 123
2010_004010 10.1129 99.62 160.00 169.19 245.97 325 111
2010_004050 10.1167 26.72 241.82 124.86 357.78 26 107
2010_004073 10.1100 344.25 278.66 479.00 401.00 327 97
2010_004173 10.1062 120.91 316.35 208.67 466.00 0 120
2010_004173 10.1052 147.00 296.37 223.68 470.00 0 137
2010_004173 10.0805 4.68 289.57 212.85 499.00 0 112
2010_004278 10.1328 304.64 95.00 485.37 310.79 348 121
2010_004278 10.1202 41.95 129.77 205.00 349.00 333 114
2010_004278 10.1024 287.33 49.66 404.00 360.00 22 111
2010_004278 10.0627 293.21 57.95 489.39 345.25 339 108
2010_004313 10.1215 283.03 43.00 404.28 165.83 1 137
2010_004313 10.1193 187.60 19.00 324.00 165.42 33 110
2010_004350 10.1122 214.98 261.83 244.51 306.14 0 115
2010_004447 10.1128 142.53 219.11 331.29 432.00 0 113
2010_004469 10.1276 311.75 61.31 374.00 156.00 1 132
2010_004509 10.1401 260.49 135.49 316.00 241.76 7 122
2010_004509 10.0535 237.55 121.90 356.50 221.06 35 113
2010_004597 10.1160 211.24 175.10 344.68 318.18 7 108
2010_004597 10.1151 93.55 191.96 300.42 384.00 19 85
2010_004692 10.1223 155.24 180.00 300.00 381.00 339 112
2010_004763 10.1255 95.35 67.18 179.67 361.12 0 133
2010_004763 10.1207 376.97 48.00 466.00 221.44 7 119
2010_004763 10.0691 207.90 19.13 379.82 320.79 13 85
2010_004775 10.1208 217.30 249.26 352.79 359.00 27 132
2010_004783 10.1549 163.30 150.95 355.89 329.65 348 121
2010_004783 10.1213 294.85 161.20 379.50 303.08 7 119
2010_004783 10.1054 286.95 487.88 395.72 598.00 329 103
2010_004813 10.1189 77.42 44.70 206.44 230.00 341 112
2010_004891 10.0974 12.00 14.21 138.07 267.55 335 116
2010_004909 10.1146 38.00 171.41 145.80 318.54 44 121
2010_004917 10.1037 315.90 208.29 380.72 277.04 330 131
2010_004982 10.1115 110.15 238.07 322.75 486.52 0 109
2010_004992 10.1080 210.08 307.00 335.99 453.88 22 91
2010_004992 10.0978 195.91 248.63 367.04 465.12 11 127
2010_005008 10.1013 317.70 60.00 529.98 312.17 348 121
2010_005044 10.1342 75.57 264.36 308.64 489.51 7 119
2010_005164 10.1250 362.06 298.67 399.82 355.00 7 119
2010_005164 10.1004 90.15 286.98 137.26 345.53 22 111
2010_005188 10.1107 178.87 177.92 308.00 349.00 8 114
2010_005188 10.1050 174.02 176.25 223.00 290.00 321 113
2010_005188 10.0879 160.19 122.05 338.87 351.97 7 119
2010_005222 10.1304 380.24 163.00 476.64 359.70 23 109
2010_005222 10.1215 141.31 98.41 252.84 293.74 0 137
2010_005222 10.1163 351.84 139.01 481.12 345.70 335 103
2010_005338 10.1182 138.97 119.07 247.00 238.20 36 111
2010_005345 10.1103 131.56 283.08 244.00 379.98 327 97
2010_005372 10.0970 61.60 319.27 228.35 499.00 0 137
2010_005372 10.0547 58.15 311.36 232.11 498.00 0 124
2010_005374 10.0782 257.18 26.64 465.79 261.76 31 97
2010_005398 10.1284 338.37 180.48 407.15 332.97 0 101
2010_005398 10.0801 169.08 169.20 227.62 237.78 22 106
2010_005398 10.0703 415.31 158.06 463.31 288.71 0 89
2010_005493 10.1216 116.56 200.60 360.77 493.86 29 138
2010_005576 10.1138 294.47 140.29 446.79 366.00 333 105
2010_005637 10.1227 171.97 32.00 339.09 226.84 334 94
2010_005637 10.1081 0.00 68.00 240.00 269.83 1 121
2010_005637 10.0563 164.85 50.32 380.00 240.49 8 115
2010_005664 10.1182 232.83 174.90 346.13 319.52 333 114
2010_005666 10.1165 30.87 96.23 124.55 209.28 0 93
2010_005692 10.0689 271.00 162.15 450.65 369.00 8 101
2010_005754 10.1133 123.00 265.96 263.32 427.23 327 97
2010_005754 10.0885 91.66 255.55 253.89 460.15 330 103
2010_005843 10.1224 168.26 243.70 279.92 503.00 327 97
2010_005882 10.1160 368.71 185.00 466.00 306.00 27 132
2010_005882 10.1096 83.00 199.34 158.48 339.25 348 121
2010_005882 10.0526 3.54 157.59 133.70 373.00 29 111
2010_005894 10.1325 334.04 151.70 453.65 314.44 341 112
2010_005894 10.1046 159.76 150.23 283.86 364.00 0 93
2010_005901 10.1277 329.04 254.78 423.50 342.25 9 113
2010_006041 10.1233 111.14 185.34 264.89 364.92 21 112
2010_006041 10.1080 347.12 590.49 508.52 752.35 340 89
2011_000037 10.1053 40.07 207.91 170.69 325.81 25 116
2011_000037 10.0749 310.81 200.10 433.90 335.75 26 105
2011_000051 10.1096 16.55 85.79 129.75 230.11 353 135
2011_000065 10.1118 203.19 189.55 316.00 351.00 19 92
2011_000065 10.1086 49.15 222.00 159.00 385.00 327 97
2011_000065 10.1028 234.29 211.31 357.66 357.00 10 126
2011_000065 10.0782 237.70 122.19 419.59 297.00 44 121
2011_000082 10.1066 419.00 149.98 558.01 324.48 28 103
2011_000084 10.1018 151.28 147.00 250.00 257.46 329 103
2011_000124 10.1420 86.17 102.48 294.11 467.38 327 97
2011_000142 10.1036 112.01 88.75 234.00 286.88 19 92
2011_000173 10.1208 192.72 333.28 262.87 428.17 1 92
2011_000213 10.1267 66.00 162.26 241.65 286.00 27 125
2011_000273 10.1155 379.20 75.65 471.26 237.00 324 100
2011_000288 10.1226 21.34 196.00 187.80 432.87 0 137
2011_000288 10.0557 10.46 165.11 215.05 474.21 323 97
2011_000307 10.1013 518.90 47.20 801.00 347.00 13 103
2011_000338 10.1167 131.67 258.13 221.88 372.99 0 109
2011_000438 10.1084 38.54 187.12 134.19 300.00 1 132
2011_000471 10.1193 5.00 71.72 104.45 160.00 7 122
2011_000514 10.1110 18.00 272.00 155.00 387.96 32 107
2011_000518 10.0654 347.73 112.09 401.05 165.93 5 112
2011_000530 10.0611 423.27 278.75 491.39 360.86 10 119
2011_000585 10.1148 85.95 206.14 219.00 336.60 0 109
2011_000607 10.1449 91.12 201.96 187.82 293.00 350 127
2011_000618 10.1184 301.25 149.65 371.92 298.00 0 120
2011_000745 10.1189 123.29 176.31 247.17 325.00 0 109
2011_000809 10.1133 48.26 108.88 138.24 233.00 0 101
2011_000813 10.1249 299.41 173.00 342.00 281.51 0 93
2011_000813 10.1204 279.01 72.86 367.00 233.00 27 132
2011_000813 10.1125 234.83 142.00 354.00 273.47 321 113
2011_000813 10.0805 80.17 177.53 190.00 411.00 31 120
2011_000917 10.1251 138.03 267.33 261.61 414.90 330 105
2011_000917 10.1251 133.58 270.91 252.93 450.89 330 105
2011_000919 10.1168 115.89 253.56 238.89 355.00 340 87
2011_000919 10.0884 108.05 213.51 257.85 374.00 33 110
2011_000953 10.1220 169.04 182.71 254.73 300.00 0 113
2011_000965 10.1178 133.58 252.85 229.12 335.00 345 121
2011_000965 10.1080 89.83 291.26 177.93 426.12 318 122
2011_001005 10.1023 105.00 45.25 340.00 310.56 18 120
2011_001032 10.0568 352.41 162.55 413.76 226.17 5 107
2011_001058 10.1088 207.24 248.80 251.70 311.01 13 103
2011_001071 10.0691 260.24 31.36 383.00 197.42 352 108
2011_001106 10.1215 84.06 212.98 206.34 349.90 334 116
2011_001106 10.0839 8.02 236.45 198.84 499.00 7 109
2011_001111 10.1323 235.88 376.76 313.59 475.00 8 114
2011_001111 10.1228 241.83 220.36 373.98 361.70 332 109
2011_001111 10.1208 220.80 253.17 364.00 480.00 327 100
2011_001138 10.1210 363.00 61.72 443.60 187.50 1 121
2011_001138 10.1162 379.42 26.98 447.45 171.90 332 113
2011_001167 10.1125 45.54 228.44 121.83 314.29 327 97
2011_001167 10.0565 177.94 203.56 243.65 272.81 2 93
2011_001201 10.1073 315.00 145.31 443.82 330.21 0 113
2011_001223 10.1191 27.61 241.62 138.72 371.93 322 104
2011_001226 10.1234 71.13 121.37 170.03 277.69 32 107
2011_001295 10.1282 95.43 183.76 150.00 300.00 2 110
2011_001295 10.1192 215.10 237.65 356.55 372.48 6 120
2011_001305 10.1189 65.45 197.92 130.93 327.26 0 120
2011_001305 10.1172 120.45 241.34 238.00 386.96 38 99
2011_001313 10.1287 231.59 111.07 286.32 254.52 332 103
2011_001330 10.1325 336.62 161.86 484.39 311.00 20 95
2011_001330 10.1288 329.75 230.00 389.00 327.26 7 119
2011_001330 10.1153 259.87 168.57 349.73 277.44 29 110
2011_001330 10.0709 299.44 177.30 381.83 366.51 38 126
2011_001337 10.1183 144.37 70.24 175.64 118.83 333 90
2011_001346 10.1173 178.74 165.68 253.76 325.53 327 97
2011_001346 10.0861 101.85 165.83 249.98 364.49 328 96
2011_001366 10.1183 320.07 156.47 485.85 367.87 11 127
2011_001366 10.1094 94.35 126.91 196.14 262.00 40 109
2011_001366 10.1084 99.21 167.00 205.70 294.27 334 123
2011_001366 10.0561 218.92 119.73 466.15 362.88 26 121
2011_001508 10.1221 329.00 81.94 467.00 227.57 37 97
2011_001524 10.1223 370.05 137.80 493.27 274.23 8 100
2011_001524 10.1154 250.51 121.57 321.18 242.49 19 85
2011_001573 10.0612 62.05 146.00 176.34 321.83 9 99
2011_001628 10.1243 149.20 240.33 249.22 365.00 344 112
2011_001719 10.1194 156.32 189.05 192.91 239.48 25 116
2011_001785 10.1177 370.85 253.84 451.65 349.70 24 121
2011_001794 10.1222 84.52 265.00 214.25 427.57 30 127
2011_001812 10.1111 74.30 123.06 304.11 458.32 7 122
2011_001834 10.1204 153.04 85.04 310.79 271.72 22 106
2011_001842 10.1181 17.55 280.58 139.19 385.00 7 119
2011_001847 10.1213 84.29 284.97 163.78 391.00 336 126
2011_001856 10.1173 303.04 182.23 422.88 337.76 19 92
2011_001856 10.1155 155.37 270.23 243.31 388.00 22 91
2011_001856 10.0989 230.92 146.40 340.65 290.82 2 93
2011_001862 10.1063 264.19 182.63 315.46 258.84 42 128
2011_001862 10.0532 243.67 167.25 309.93 256.18 13 90
2011_001946 10.1339 92.43 223.37 149.17 333.26 6 120
2011_001946 10.1219 168.44 232.16 192.46 252.61 328 118
2011_002038 10.0701 111.89 39.12 371.00 354.61 350 103
2011_002041 10.1277 130.58 96.00 257.66 231.94 1 132
2011_002045 10.1191 432.42 234.09 510.00 314.80 331 100
2011_002064 10.1209 210.17 190.93 284.24 275.40 0 99
2011_002108 10.1174 179.94 213.92 213.38 284.27 4 95
2011_002108 10.0830 161.60 191.14 204.72 269.39 10 119
2011_002124 10.0542 385.27 255.98 499.00 373.00 8 114
2011_002154 10.1287 190.11 239.36 230.97 296.91 1 105
2011_002241 10.1248 330.21 171.49 436.16 266.00 23 109
2011_002241 10.1244 392.74 122.29 474.41 274.00 353 135
2011_002241 10.1165 59.22 159.39 181.93 342.00 32 129
2011_002241 10.1060 304.26 147.56 436.21 347.43 327 97
2011_002241 10.0801 236.86 212.36 343.00 365.84 0 95
2011_002260 10.1194 75.84 245.15 205.05 370.27 8 114
2011_002260 10.0975 323.05 225.46 456.63 355.98 335 95
2011_002260 10.0544 34.60 221.28 182.58 361.74 333 114
2011_002357 10.1174 130.76 48.00 231.53 161.34 7 119
2011_002365 10.1291 26.11 171.64 133.75 260.49 1 93
2011_002391 10.0962 352.60 222.30 455.00 336.10 354 115
2011_002393 10.1133 245.26 155.91 359.70 349.00 7 119
2011_002393 10.0999 257.00 95.91 367.92 346.34 7 119
2011_002531 10.1099 318.41 142.46 367.89 258.00 19 92
2011_002575 10.1230 42.11 162.82 153.00 274.00 0 120
2011_002588 10.1199 74.78 144.13 167.00 302.94 354 98
2011_002640 10.1086 54.94 146.19 193.08 326.00 19 92
2011_002644 10.0695 408.88 196.23 449.63 260.70 36 101
2011_002750 10.1196 292.51 198.11 413.33 279.00 327 97
2011_002750 10.1015 250.19 195.11 367.84 367.63 353 135
2011_002805 10.1294 81.49 285.69 179.03 393.00 327 104
2011_002805 10.1245 182.21 281.33 295.77 434.80 335 95
2011_002805 10.0801 147.08 256.12 293.67 456.73 35 119
2011_002887 10.1060 427.54 122.00 505.66 214.49 24 112
2011_002933 10.1300 35.00 305.98 187.00 453.00 30 127
2011_002933 10.0738 2.72 293.95 168.00 476.00 37 97
2011_002962 10.1257 425.48 150.38 476.00 220.43 5 99
2011_002994 10.0667 124.05 182.23 164.98 269.52 354 115
2011_002994 10.0667 122.94 187.44 167.18 267.50 354 115
2011_003019 10.1101 295.29 235.23 378.86 323.00 326 117
2011_003079 10.1044 96.76 210.00 192.00 321.84 1 111
2011_003079 10.0660 104.32 207.66 284.49 473.69 327 97
2011_003103 10.0964 346.57 143.03 456.18 315.31 5 99
2011_003111 10.0982 85.88 182.42 163.38 322.00 7 122
2011_003201 10.1244 207.89 183.26 274.88 233.00 23 109
2011_003201 10.1204 268.02 150.40 306.68 248.55 340 87
2011_003201 10.1050 20.62 211.11 79.89 306.30 0 122
2011_003212 10.1179 286.24 220.95 380.17 329.00 0 93
2011_003228 10.1101 49.91 171.84 148.00 282.66 16 102
2011_003262 10.1217 139.63 200.53 240.70 294.22 334 116
