2008_000027 10.0784 225.27 172.00 370.85 370.00 335 105
2008_000082 10.0625 127.18 231.22 344.19 360.03 269 89
2008_000328 10.0790 152.19 217.06 292.00 461.90 29 103
2008_000378 10.0796 113.00 196.49 212.06 305.25 29 103
2008_000516 10.0831 214.90 131.16 424.55 363.65 15 94
2008_000547 10.0780 140.46 163.07 211.70 253.53 349 101
2008_000547 10.0687 403.70 350.65 488.18 435.67 317 111
2008_000858 10.0844 329.00 61.43 470.78 226.74 3 94
2008_000858 10.0829 115.00 124.15 263.00 302.61 43 105
2008_001150 10.0815 108.79 267.72 206.43 338.84 318 100
2008_001168 10.0860 73.89 81.12 267.00 282.81 355 92
2008_001168 10.0620 291.00 372.58 673.49 602.67 0 79
2008_001177 10.0815 233.00 179.03 372.71 281.20 334 80
2008_001177 10.0731 266.00 166.70 369.37 280.55 347 67
2008_001406 10.0861 241.00 54.00 396.08 249.06 0 93
2008_001406 10.0829 115.35 30.61 367.84 273.21 360 95
2008_001586 10.0796 45.92 274.71 100.66 330.75 326 87
2008_001590 10.0620 62.86 139.99 258.66 350.47 0 89
2008_002047 10.0809 102.95 210.25 146.78 243.63 332 87
2008_002209 10.0532 302.50 220.56 375.24 314.52 39 90
2008_002240 10.0875 243.35 50.28 429.06 307.00 33 110
2008_002240 10.0838 131.51 75.00 271.85 322.00 332 82
2008_002314 10.0759 233.00 165.35 439.29 336.44 321 92
2008_002383 10.0768 140.43 100.03 228.32 251.00 29 106
2008_003152 10.0814 115.00 92.00 274.54 327.81 38 110
2008_003152 10.0514 83.95 99.59 379.40 329.55 345 103
2008_003249 10.0841 210.00 186.63 366.77 316.29 29 103
2008_003249 10.0788 83.78 129.50 258.00 304.43 43 106
2008_003320 10.0830 112.22 168.53 312.21 368.31 2 87
2008_003320 10.0766 237.00 172.11 381.05 354.00 0 94
2008_003320 10.0667 395.94 251.25 707.69 446.10 30 99
2008_003451 10.0771 181.00 188.00 310.20 385.00 0 93
2008_003451 10.0726 101.76 149.07 377.00 348.58 42 74
2008_003820 10.0812 117.17 135.53 316.00 329.00 347 114
2008_003827 10.0788 268.00 121.08 478.09 332.44 350 95
2008_003827 10.0509 85.34 69.70 451.84 299.62 354 94
2008_003996 10.0789 169.16 139.90 422.00 321.52 353 88
2008_004345 10.0836 150.13 43.00 337.28 288.59 358 94
2008_004345 10.0811 246.71 140.00 414.56 387.00 337 79
2008_004345 10.0531 110.17 15.85 411.38 364.20 0 106
2008_004546 10.0758 326.69 155.14 379.00 266.00 35 112
2008_004549 10.0851 273.00 173.00 396.87 370.00 18 110
2008_004549 10.0770 70.00 124.55 342.00 358.00 9 59
2008_004549 10.0616 271.00 94.67 385.02 291.00 33 110
2008_004599 10.0867 140.15 110.67 328.00 325.37 4 107
2008_004599 10.0757 271.31 160.34 388.36 304.00 350 99
2008_004599 10.0686 270.06 140.01 415.83 340.52 326 87
2008_004599 10.0501 98.48 98.06 412.27 324.54 44 109
2008_004615 10.0823 216.00 61.20 480.14 353.75 358 94
2008_004832 10.0904 111.34 123.00 265.60 405.15 351 98
2008_004940 10.0845 212.00 45.50 425.71 284.00 335 105
2008_004940 10.0784 124.69 118.26 272.66 305.66 322 92
2008_005049 10.0796 124.54 184.83 267.00 337.19 334 80
2008_005049 10.0791 219.28 184.10 356.51 319.00 18 110
2008_005049 10.0764 458.84 143.56 690.97 310.29 345 90
2008_005139 10.0510 232.26 179.77 286.47 251.81 0 93
2008_005245 10.0907 53.64 182.41 307.79 378.86 0 107
2008_005374 10.0858 101.67 112.88 318.27 355.06 9 59
2008_005374 10.0784 334.00 168.00 473.93 339.96 360 95
2008_005374 10.0593 258.24 121.56 473.76 359.36 0 95
2008_005422 10.0814 93.02 89.99 302.00 326.70 33 110
2008_005422 10.0810 223.00 87.67 469.15 302.23 14 102
2008_005423 10.0618 189.20 165.36 389.70 329.16 9 94
2008_005427 10.0867 218.46 104.83 361.65 272.16 360 96
2008_005427 10.0836 103.00 84.77 321.81 306.86 322 90
2008_005553 10.0806 182.99 349.74 345.78 498.00 349 91
2008_005553 10.0666 160.31 315.72 360.00 485.00 22 162
2008_005637 10.0750 340.25 179.05 500.36 309.26 343 93
2008_006017 10.0929 109.30 64.00 358.00 372.90 349 86
2008_006169 10.0740 188.00 145.33 350.84 313.00 9 94
2008_006205 10.0817 122.47 93.00 280.62 290.66 25 95
2008_006205 10.0654 95.61 59.66 308.57 324.23 325 67
2008_006441 10.0831 186.69 49.00 400.42 315.18 43 105
2008_006458 10.0906 45.00 244.00 227.87 459.76 1 101
2008_006458 10.0764 28.89 144.12 212.33 428.00 340 90
2008_006467 10.0828 113.00 43.00 328.37 301.57 347 114
2008_006517 10.0830 201.00 38.22 375.05 331.72 15 99
2008_006686 10.0850 260.00 67.00 469.73 286.09 36 92
2008_006708 10.0850 233.00 33.87 398.29 188.47 29 103
2008_006708 10.0623 208.63 38.00 392.65 169.70 3 92
2008_006844 10.0830 160.49 194.65 399.58 373.00 339 79
2008_006944 10.0847 250.00 170.66 405.77 331.37 320 105
2008_006944 10.0710 130.05 165.88 298.00 329.00 358 94
2008_006944 10.0702 124.00 150.40 397.39 313.54 14 102
2008_006987 10.0837 163.89 104.91 334.13 273.11 324 94
2008_006989 10.0817 272.60 167.00 387.00 272.85 9 96
2008_006989 10.0797 268.03 175.54 417.64 278.13 324 94
2008_007181 10.0809 146.22 197.28 400.72 339.03 5 111
2008_007222 10.0890 168.30 238.00 318.98 416.74 349 86
2008_007222 10.0788 153.97 188.61 335.31 416.45 2 62
2008_007264 10.0874 322.00 165.00 463.85 321.69 333 78
2008_007264 10.0816 212.28 65.91 475.30 349.79 33 116
2008_007264 10.0810 84.85 182.00 224.79 372.33 320 105
2008_007264 10.0773 110.00 68.34 283.38 221.63 332 107
2008_007264 10.0736 169.63 54.48 331.00 380.29 318 100
2008_007336 10.0850 55.00 176.87 318.92 405.00 0 68
2008_007344 10.0791 338.54 161.40 458.00 322.00 347 114
2008_007459 10.0739 208.00 128.28 455.75 393.71 5 111
2008_007558 10.0767 253.00 44.00 423.21 287.68 5 101
2008_007558 10.0697 87.16 148.90 310.85 366.84 10 97
2008_007716 10.0798 96.51 119.62 328.84 371.74 43 105
2008_007739 10.0857 200.84 101.12 438.35 373.94 43 84
2008_007739 10.0804 113.66 61.17 275.42 258.00 327 101
2008_007942 10.0856 333.00 133.05 406.92 236.91 358 85
2008_007942 10.0787 327.84 118.94 419.55 281.88 42 74
2008_007955 10.0845 221.02 101.63 430.20 310.97 0 93
2008_007955 10.0827 50.00 142.45 205.37 317.76 18 110
2008_007955 10.0535 33.22 106.61 266.32 306.79 34 97
2008_007993 10.0831 86.51 137.59 341.00 339.95 9 59
2008_007993 10.0651 196.14 106.49 450.40 392.67 3 94
2008_008127 10.0905 265.76 176.32 406.24 346.89 39 97
2008_008127 10.0662 264.65 180.71 378.47 345.94 0 94
2008_008246 10.0678 168.49 263.07 400.44 438.00 0 93
2008_008450 10.0855 166.22 148.53 302.62 361.45 326 87
2008_008450 10.0832 355.91 156.39 477.00 345.32 2 87
2008_008552 10.0866 184.00 95.87 447.98 343.51 318 104
2008_008629 10.0792 233.00 111.15 392.83 345.00 332 107
2009_000074 10.0887 145.00 54.45 362.22 301.92 349 61
2009_000184 10.0861 76.10 75.32 454.78 326.52 277 97
2009_000276 10.0798 136.00 59.00 406.00 361.19 0 79
2009_000286 10.0782 78.31 274.21 190.76 404.34 42 74
2009_000354 10.0714 46.04 133.00 250.00 370.21 334 80
2009_000402 10.0822 217.00 42.43 472.49 295.04 18 110
2009_000402 10.0793 101.00 63.41 315.00 261.49 327 101
2009_000611 10.0888 119.00 48.00 390.00 325.71 347 114
2009_000637 10.0856 169.00 133.98 330.88 306.03 0 103
2009_000637 10.0852 52.79 101.17 308.00 319.66 360 95
2009_000719 10.0845 63.87 116.24 223.92 302.74 3 94
2009_000719 10.0814 217.03 94.83 415.49 305.77 335 105
2009_000726 10.0763 327.13 170.73 443.00 270.77 29 103
2009_000726 10.0756 338.00 147.22 447.12 264.11 29 103
2009_000730 10.0814 100.45 79.78 266.10 236.59 29 103
2009_000730 10.0735 157.00 80.54 354.30 252.09 8 101
2009_000825 10.0791 189.92 214.92 390.40 328.65 332 107
2009_000858 10.0817 219.00 88.87 415.69 322.00 320 105
2009_000858 10.0806 338.00 165.00 489.81 351.29 29 106
2009_000858 10.0544 69.10 63.55 268.00 372.00 9 94
2009_001121 10.0744 278.00 144.53 342.18 217.60 9 59
2009_001121 10.0659 254.95 145.64 358.99 214.19 352 94
2009_001121 10.0533 245.74 128.79 307.00 196.77 345 84
2009_001427 10.0785 305.06 93.76 491.00 283.00 355 92
2009_001536 10.0792 250.00 123.48 411.97 283.54 3 92
2009_001759 10.0824 23.91 134.18 230.22 379.00 354 92
2009_001759 10.0734 391.67 145.35 508.25 299.82 20 94
2009_001764 10.0805 163.90 150.56 281.74 346.00 2 87
2009_001764 10.0726 108.78 108.51 287.06 393.10 43 84
2009_001915 10.0833 149.00 160.75 297.49 344.00 29 106
2009_001915 10.0765 178.00 41.68 300.00 159.00 335 105
2009_001915 10.0610 72.97 132.46 218.61 349.00 349 98
2009_001984 10.0797 302.00 58.58 465.00 248.00 5 89
2009_001984 10.0775 101.57 17.00 344.88 324.88 1 101
2009_002131 10.0885 208.47 103.36 419.00 294.05 43 105
2009_002131 10.0635 289.00 88.82 447.70 274.60 340 90
2009_002131 10.0565 194.47 107.79 334.00 300.10 333 99
2009_002317 10.0645 127.69 69.54 377.37 276.01 339 79
2009_002335 10.0856 71.86 185.00 304.87 487.90 332 107
2009_002335 10.0600 152.00 167.66 286.18 280.19 327 101
2009_002382 10.0847 74.35 215.16 262.47 443.00 29 103
2009_002382 10.0784 125.00 222.41 309.58 331.00 354 92
2009_002382 10.0578 32.19 159.49 319.31 488.42 335 105
2009_002399 10.0833 164.98 31.36 334.00 218.00 18 105
2009_002399 10.0817 220.30 49.00 477.00 355.40 335 105
2009_002569 10.0825 230.68 154.95 395.57 339.00 358 94
2009_002569 10.0631 164.53 150.12 401.50 315.20 33 84
2009_002651 10.0809 235.68 158.07 405.88 316.27 0 79
2009_002651 10.0754 206.67 122.51 341.43 248.00 345 84
2009_002651 10.0646 187.73 122.97 415.31 305.00 321 99
2009_002665 10.0817 71.00 55.58 339.60 356.01 358 94
2009_002665 10.0788 254.00 135.44 454.80 380.00 8 101
2009_002806 10.0773 229.00 175.40 443.00 322.00 319 87
2009_002806 10.0736 101.00 167.03 265.00 305.14 347 114
2009_002902 10.0776 73.85 103.77 330.69 308.13 43 84
2009_003020 10.0753 350.56 217.24 418.96 256.49 332 87
2009_003196 10.0744 216.38 206.54 419.57 350.81 35 112
2009_003238 10.0870 147.09 145.49 279.00 278.24 25 107
2009_003238 10.0864 149.00 128.26 364.00 281.88 5 101
2009_003238 10.0785 142.01 144.58 250.00 269.33 322 97
2009_003411 10.0834 118.67 156.36 330.00 365.51 0 94
2009_003411 10.0678 356.15 342.72 629.93 715.91 43 97
2009_003560 10.0694 234.46 278.72 253.30 307.90 22 162
2009_003576 10.0643 129.81 119.54 280.73 302.28 345 90
2009_003598 10.0914 119.00 60.08 333.02 307.00 0 79
2009_003747 10.0845 151.87 35.32 416.00 341.00 1 101
2009_003802 10.0852 98.54 32.00 324.39 343.49 0 79
2009_004043 10.0836 277.00 115.35 472.09 297.87 358 94
2009_004093 10.0885 260.00 132.00 435.49 354.81 327 101
2009_004093 10.0531 55.59 98.07 476.73 335.90 253 68
2009_004175 10.0666 355.31 214.03 405.45 282.68 33 84
2009_004207 10.0805 213.60 75.00 466.44 351.25 43 105
2009_004207 10.0787 43.34 9.00 182.00 181.00 349 101
2009_004241 10.0837 158.00 74.00 429.00 382.11 335 105
2009_004455 10.0764 91.00 92.34 292.67 326.13 0 79
2009_004502 10.0822 93.35 153.85 229.74 304.00 3 94
2009_004502 10.0760 116.00 100.58 263.38 272.00 35 112
2009_004738 10.0843 256.00 38.67 447.69 234.99 321 92
2009_004801 10.0613 240.56 152.79 367.51 239.31 326 87
2009_004845 10.0872 180.00 20.27 395.00 267.00 347 95
2009_004845 10.0798 322.45 80.00 463.00 240.00 323 80
2009_004845 10.0557 224.00 6.17 455.17 244.43 5 101
2009_004857 10.0812 105.00 74.00 389.00 422.21 321 99
2009_004868 10.0904 113.60 98.21 257.60 275.00 35 112
2009_004868 10.0726 92.00 42.38 250.21 317.16 5 111
2009_004987 10.0813 104.66 128.67 248.00 289.72 334 80
2009_005078 10.0881 217.00 134.32 379.95 285.48 322 92
2009_005078 10.0790 143.96 144.03 285.00 266.54 43 97
2009_005078 10.0601 131.17 118.23 356.92 261.34 318 104
2009_005086 10.0791 262.70 225.00 398.00 353.77 29 103
2010_000027 10.0885 103.56 129.00 322.78 428.11 26 99
2010_000035 10.0837 56.95 60.00 257.08 288.52 345 90
2010_000035 10.0808 201.00 84.13 352.35 258.00 332 87
2010_000035 10.0768 250.00 24.45 536.00 274.41 349 101
2010_000087 10.0827 157.16 85.70 422.00 345.72 9 90
2010_000087 10.0824 37.08 140.69 218.08 373.78 355 92
2010_000433 10.0857 53.00 78.00 254.93 322.00 360 95
2010_000510 10.0854 140.00 195.00 290.83 416.20 326 90
2010_000510 10.0776 113.00 160.89 268.02 290.00 14 102
2010_000510 10.0553 54.68 196.33 167.76 403.10 335 105
2010_000583 10.0818 106.61 64.92 366.00 346.42 335 105
2010_000624 10.0839 190.86 77.46 461.00 357.00 3 94
2010_000695 10.0628 162.24 121.04 359.50 241.20 5 111
2010_000722 10.0817 46.17 194.06 213.00 379.00 360 95
2010_000744 10.0802 60.87 104.89 267.00 340.91 345 90
2010_000744 10.0768 233.00 76.58 448.20 330.43 0 94
2010_000927 10.0852 329.00 110.00 483.12 307.00 21 104
2010_000927 10.0802 108.00 99.00 321.95 337.40 39 113
2010_000927 10.0720 34.00 46.42 437.96 331.74 41 99
2010_000929 10.0726 110.44 279.86 171.91 344.49 340 90
2010_001251 10.0857 166.30 64.00 419.55 380.00 4 107
2010_001313 10.0714 39.55 204.03 163.00 333.97 358 94
2010_001757 10.0776 170.06 171.52 341.00 380.00 354 87
2010_001921 10.0781 309.09 172.16 409.68 280.02 343 93
2010_001921 10.0704 291.07 127.66 397.57 269.77 360 95
2010_002128 10.0808 175.03 161.53 351.00 364.75 0 93
2010_002128 10.0563 210.00 154.47 397.05 367.23 21 104
2010_002172 10.0791 286.82 84.00 482.00 332.00 25 95
2010_002172 10.0642 86.24 0.00 362.58 303.00 10 97
2010_002251 10.0856 164.00 172.24 324.36 354.00 39 97
2010_002271 10.0923 205.00 75.00 399.51 320.08 34 97
2010_002271 10.0788 96.15 147.90 300.94 349.64 15 99
2010_002271 10.0690 320.00 291.15 656.22 632.12 332 107
2010_002408 10.0893 70.49 104.20 281.26 409.21 40 107
2010_002629 10.0844 151.40 142.03 355.47 275.66 326 90
2010_002991 10.0823 220.41 309.88 419.32 502.05 336 99
2010_003200 10.0947 57.08 67.24 437.22 318.28 238 99
2010_003207 10.0827 62.40 146.70 244.95 387.00 328 103
2010_003303 10.0874 81.80 127.35 271.76 363.00 43 97
2010_003303 10.0832 292.00 147.59 489.29 317.42 332 107
2010_003303 10.0813 164.40 109.57 392.81 335.76 25 95
2010_003314 10.0729 232.00 240.03 360.18 347.00 29 103
2010_003316 10.0845 64.00 32.00 327.28 347.00 327 101
2010_003316 10.0843 256.10 47.94 493.00 336.02 322 97
2010_003446 10.0820 177.00 170.46 315.19 276.10 322 90
2010_003446 10.0743 166.36 138.66 304.70 263.72 326 87
2010_003605 10.0839 181.00 49.10 392.68 283.00 0 79
2010_003605 10.0787 97.00 133.00 269.00 323.99 333 99
2010_003605 10.0533 54.52 26.81 415.07 329.15 304 94
2010_003695 10.0852 103.00 74.85 291.06 288.64 2 87
2010_003695 10.0821 277.00 116.17 478.51 321.60 318 119
2010_003745 10.0827 94.66 71.15 351.00 338.34 350 99
2010_003745 10.0528 212.00 74.39 497.02 310.80 15 106
2010_003947 10.0738 50.97 105.97 260.00 298.71 1 95
2010_004042 10.0826 102.62 60.54 305.00 253.82 26 99
2010_004042 10.0560 218.00 101.95 309.01 220.90 352 94
2010_004143 10.0873 301.00 108.00 457.61 305.59 358 94
2010_004143 10.0841 150.00 133.00 351.99 361.93 0 67
2010_004143 10.0569 58.07 34.07 474.61 312.38 248 134
2010_004219 10.0728 217.00 65.00 466.81 339.06 350 95
2010_004219 10.0721 79.00 247.00 335.52 563.00 345 90
2010_004355 10.0843 195.68 48.45 444.38 348.89 38 112
2010_004404 10.0663 115.42 171.39 270.65 345.17 339 79
2010_004404 10.0663 113.11 175.90 272.43 346.14 339 79
2010_004422 10.0827 82.00 126.00 236.19 303.22 0 93
2010_004422 10.0791 130.00 59.02 396.35 303.31 42 74
2010_004624 10.0837 113.00 169.98 322.45 444.00 345 90
2010_004941 10.0896 65.00 146.00 320.28 443.63 18 110
2010_005136 10.0805 229.48 37.73 476.68 341.00 334 80
2010_005160 10.0788 386.28 211.33 511.00 351.56 3 94
2010_005160 10.0786 361.10 167.90 498.00 354.49 5 111
2010_005160 10.0745 115.93 154.83 293.00 336.31 325 91
2010_005272 10.0827 69.33 60.03 270.32 307.00 0 73
2010_005272 10.0737 295.00 64.12 510.00 283.00 350 95
2010_005346 10.0851 59.47 112.67 318.00 329.08 43 105
2010_005346 10.0754 9.00 66.20 169.13 290.19 43 97
2010_005366 10.0866 268.00 103.83 452.60 327.28 29 103
2010_005366 10.0727 452.30 91.28 859.00 333.21 21 104
2010_005374 10.0668 250.09 83.62 471.00 370.90 15 94
2010_005433 10.0802 111.83 93.00 332.25 389.00 34 98
2010_005484 10.0830 84.00 268.00 244.01 465.00 327 101
2010_005501 10.0842 157.00 98.93 368.30 301.02 316 83
2010_005501 10.0666 272.24 111.53 369.55 281.00 10 97
2010_005501 10.0622 143.94 49.00 292.00 287.42 339 79
2010_005572 10.0817 64.00 129.00 320.85 328.51 322 108
2010_005731 10.0816 233.00 93.00 374.11 291.00 1 101
2010_005731 10.0790 87.00 71.26 305.83 288.71 326 90
2010_005997 10.0520 289.00 121.04 338.85 168.88 42 74
2010_006032 10.0825 206.56 44.91 421.00 308.00 26 99
2010_006051 10.0841 125.00 133.00 333.32 370.62 334 80
2010_006051 10.0778 315.07 176.06 458.28 370.00 0 73
2010_006051 10.0532 70.17 113.85 420.61 357.64 33 110
2011_000034 10.0801 147.49 26.00 357.00 313.44 321 92
2011_000060 10.0854 168.00 62.41 363.76 306.62 326 87
2011_000060 10.0824 129.63 113.00 234.16 269.82 347 95
2011_000314 10.0811 143.36 109.52 358.67 343.57 18 110
2011_000314 10.0666 238.88 128.96 469.51 374.94 0 79
2011_000315 10.0570 114.00 71.62 483.00 453.00 349 86
2011_000332 10.0833 219.69 74.65 466.19 342.29 317 91
2011_000332 10.0833 231.37 114.05 458.73 330.17 317 91
2011_000332 10.0833 217.00 81.24 466.84 343.28 317 91
2011_000455 10.0658 428.19 153.86 567.00 273.00 358 94
2011_000512 10.0877 175.00 42.00 433.16 343.52 0 79
2011_000512 10.0798 123.29 175.00 230.61 306.00 354 92
2011_000512 10.0516 95.51 81.75 260.00 302.23 25 105
2011_000585 10.0831 116.00 114.40 324.52 346.00 1 90
2011_000618 10.0808 164.00 129.64 317.28 346.00 33 116
2011_000618 10.0527 64.65 76.23 390.61 370.11 25 95
2011_000770 10.0823 83.65 43.25 315.63 331.00 22 89
2011_000927 10.0755 38.35 136.39 237.41 270.15 0 107
2011_001040 10.0882 172.76 45.61 370.53 284.00 350 99
2011_001040 10.0797 277.00 76.26 477.99 273.69 326 90
2011_001040 10.0765 64.27 103.48 242.00 292.28 33 84
2011_001203 10.0818 115.78 105.53 210.00 248.00 0 79
2011_001203 10.0793 219.00 152.09 433.00 287.83 358 94
2011_001266 10.0834 233.00 42.00 497.44 341.39 33 84
2011_001266 10.0796 52.08 102.72 206.00 275.00 347 114
2011_001266 10.0559 50.33 29.02 260.00 292.53 332 107
2011_001290 10.0824 140.00 92.65 343.76 313.53 335 105
2011_001290 10.0680 356.37 286.57 476.84 510.00 21 104
2011_001508 10.0829 57.24 43.21 309.00 345.19 358 94
2011_001524 10.0883 91.00 108.00 291.31 339.14 0 93
2011_001535 10.0699 478.64 26.59 631.44 231.00 360 95
2011_001876 10.0833 324.31 135.32 467.15 323.00 43 97
2011_001876 10.0725 217.63 99.88 393.00 319.74 322 92
2011_002102 10.0837 71.05 153.00 278.14 466.00 0 93
2011_002116 10.0737 209.00 161.40 344.07 258.85 18 110
2011_002116 10.0600 204.00 158.57 401.76 252.19 332 107
2011_002322 10.0855 228.54 115.69 440.99 357.00 37 93
2011_002479 10.0833 100.80 51.00 274.00 298.00 37 93
2011_002479 10.0788 284.00 99.00 488.91 314.91 349 91
2011_002479 10.0765 121.00 4.00 404.76 307.09 345 90
2011_002713 10.0837 67.00 186.20 268.16 350.12 34 98
2011_002713 10.0829 158.07 109.07 369.01 329.90 316 106
2011_002760 10.0863 74.64 157.00 281.00 394.77 25 111
2011_002760 10.0762 201.00 113.11 470.00 418.12 18 105
2011_002786 10.0884 82.62 23.50 307.38 331.00 0 103
2011_003013 10.0801 132.00 97.71 347.00 311.83 25 95
2011_003019 10.0768 193.67 223.24 379.00 357.00 33 116
2011_003027 10.0836 98.22 236.74 233.91 383.00 43 97
2011_003027 10.0796 115.00 195.30 263.11 343.92 0 94
