2008_000064 10.0672 103.55 158.47 271.82 285.00 338 93
2008_000082 10.0699 64.86 194.94 136.73 247.44 39 91
2008_000120 10.0765 60.94 46.46 286.09 212.03 333 81
2008_000957 10.0731 207.10 186.00 386.62 332.89 20 94
2008_000957 10.0630 89.86 253.00 212.31 332.24 350 86
2008_000957 10.0623 84.43 169.00 200.61 320.69 337 92
2008_001040 10.0835 192.91 157.81 479.00 229.35 15 95
2008_001041 10.0648 151.01 138.00 335.07 326.00 1 92
2008_001114 10.0733 56.00 67.00 216.41 217.75 355 89
2008_001136 10.0742 333.59 145.24 483.00 235.42 336 85
2008_001160 10.0767 278.95 107.50 469.00 176.39 349 89
2008_001260 10.0811 138.74 96.80 399.04 270.55 44 89
2008_001445 10.0675 247.45 70.13 265.67 88.93 8 97
2008_001516 10.0527 119.00 72.00 402.00 329.88 17 90
2008_001575 10.0709 255.14 110.93 373.75 236.55 336 85
2008_001712 10.0718 107.85 49.53 330.73 150.36 11 88
2008_001843 10.0692 242.86 227.81 278.49 244.94 336 92
2008_001843 10.0654 355.28 221.92 495.72 289.57 333 88
2008_001843 10.0512 343.76 212.36 474.90 276.73 323 92
2008_001858 10.0567 241.27 181.99 297.14 243.35 354 92
2008_001862 10.0698 86.35 293.40 267.49 427.62 336 85
2008_001907 10.0655 168.00 264.92 308.62 357.57 0 97
2008_001945 10.0659 196.26 187.20 244.58 236.16 355 89
2008_001945 10.0659 195.73 192.41 243.13 238.68 329 91
2008_001945 10.0613 192.21 189.11 244.02 237.69 24 83
2008_002099 10.0628 178.95 115.00 285.89 185.07 13 92
2008_002194 10.0704 327.24 163.07 388.79 193.16 336 92
2008_002194 10.0660 45.32 212.74 125.97 250.46 11 89
2008_002273 10.0682 381.21 267.00 505.00 330.54 329 88
2008_002492 10.0576 136.00 271.76 192.11 310.26 336 92
2008_002705 10.0654 53.47 83.88 144.78 149.70 11 88
2008_002883 10.0665 368.00 273.48 497.00 374.00 32 96
2008_003187 10.0709 187.91 113.00 295.12 239.48 11 88
2008_003187 10.0685 200.48 220.99 221.45 236.94 355 89
2008_003187 10.0526 175.44 95.79 279.18 224.29 337 90
2008_003189 10.0684 89.55 124.53 386.00 276.00 29 91
2008_003336 10.0625 244.71 158.87 266.65 197.62 345 106
2008_003336 10.0624 242.68 153.28 269.40 201.94 15 95
2008_003350 10.0617 316.42 279.58 405.73 374.39 326 79
2008_003449 10.0727 256.73 50.38 388.13 177.04 320 83
2008_003449 10.0675 71.03 65.73 365.04 227.90 0 89
2008_003840 10.0685 390.96 175.37 425.50 197.00 355 89
2008_003840 10.0625 493.20 415.58 524.54 435.79 35 99
2008_003858 10.0827 154.84 196.37 448.90 292.31 31 96
2008_003886 10.0750 179.24 134.52 458.76 225.65 337 90
2008_003941 10.0717 164.29 135.77 225.06 262.00 33 90
2008_003941 10.0619 162.57 146.22 227.46 341.38 2 93
2008_003962 10.0658 72.46 272.11 184.88 374.00 349 99
2008_003988 10.0667 121.20 155.43 174.63 182.54 11 87
2008_003988 10.0557 105.68 139.88 158.43 167.02 31 96
2008_004242 10.0739 32.00 51.40 164.18 201.06 14 90
2008_004716 10.0612 276.53 134.55 412.42 275.95 0 91
2008_004729 10.0698 285.55 170.47 324.10 190.57 33 89
2008_004812 10.0638 234.45 188.26 264.62 205.86 323 93
2008_004812 10.0517 254.21 198.28 278.13 217.26 355 89
2008_005043 10.0573 15.56 128.13 64.95 146.19 24 93
2008_005117 10.0624 166.97 76.63 197.12 101.21 37 83
2008_005261 10.0584 186.41 233.45 274.16 255.63 329 91
2008_005277 10.0517 237.54 202.87 287.00 389.00 21 120
2008_005398 10.0724 211.25 149.24 331.41 207.63 37 91
2008_005398 10.0641 180.84 142.31 354.48 204.75 31 84
2008_005504 10.0580 367.03 103.00 434.84 287.92 18 88
2008_005530 10.0637 56.84 202.39 225.26 265.14 38 104
2008_005628 10.0751 57.43 168.93 200.78 275.58 337 90
2008_005628 10.0530 34.18 50.59 196.95 244.37 355 89
2008_005628 10.0530 37.71 186.47 190.09 251.21 355 89
2008_005637 10.0721 147.16 142.06 337.00 269.00 337 90
2008_005664 10.0781 211.84 226.41 338.34 259.24 336 85
2008_005695 10.0803 136.00 162.00 298.85 237.94 23 96
2008_005720 10.0623 166.00 193.73 473.00 350.00 316 80
2008_005764 10.0745 208.31 194.02 315.41 227.22 11 87
2008_005764 10.0661 159.68 176.96 305.28 213.30 355 89
2008_005863 10.0712 420.72 243.08 443.70 283.52 31 93
2008_006163 10.0616 240.99 307.61 285.45 359.46 323 92
2008_006222 10.0734 174.00 74.34 370.62 122.79 340 94
2008_006240 10.0626 160.98 10.00 391.47 157.20 44 83
2008_006503 10.0691 254.59 235.34 276.72 258.62 337 90
2008_006747 10.0592 235.04 168.63 265.48 215.91 14 90
2008_006747 10.0554 231.11 168.77 269.36 217.96 34 90
2008_006776 10.0663 321.56 225.58 391.12 284.75 6 86
2008_006831 10.0835 202.53 87.05 504.32 275.40 21 92
2008_006831 10.0664 192.46 152.00 273.00 269.92 11 87
2008_006949 10.0677 86.81 142.03 220.52 179.09 338 92
2008_007143 10.0734 372.60 167.08 466.20 195.28 22 88
2008_007195 10.0653 104.42 170.50 271.75 302.69 334 85
2008_007305 10.0662 303.11 194.78 423.70 300.83 333 88
2008_007441 10.0779 59.22 131.39 279.54 256.57 15 95
2008_007441 10.0536 29.31 120.43 399.40 246.11 21 87
2008_007574 10.0628 212.47 64.66 303.44 294.40 31 84
2008_007599 10.0840 88.83 135.79 306.66 277.68 37 87
2008_007643 10.0710 42.74 278.73 262.43 388.10 0 92
2008_007741 10.0657 42.91 92.00 184.66 172.06 355 89
2008_007823 10.0653 291.54 155.00 421.75 303.59 335 85
2008_007884 10.0728 81.93 79.86 385.00 221.25 0 92
2008_008025 10.0719 279.00 69.32 310.17 137.81 336 85
2008_008025 10.0503 215.09 57.14 297.60 134.52 320 83
2008_008235 10.0626 297.95 260.51 409.61 336.33 332 86
2008_008278 10.0659 351.58 145.00 437.14 245.57 15 95
2008_008322 10.0632 274.13 89.92 298.37 124.90 19 92
2008_008659 10.0659 310.99 153.56 344.74 183.00 323 92
2008_008711 10.0677 24.00 257.28 162.96 318.45 38 90
2009_000009 10.0628 215.62 173.39 242.34 220.22 336 92
2009_000469 10.0831 95.00 88.00 372.31 293.18 355 89
2009_000516 10.0654 147.92 91.60 182.07 116.03 329 91
2009_000516 10.0603 150.32 93.55 183.34 118.45 2 91
2009_000516 10.0603 169.50 93.46 368.05 232.11 2 91
2009_000516 10.0603 372.50 77.36 413.87 93.53 2 91
2009_000608 10.0693 231.12 273.88 282.25 309.76 327 76
2009_000723 10.0796 96.00 65.00 485.54 264.47 3 88
2009_000828 10.0524 187.63 144.89 325.00 282.22 323 92
2009_000830 10.0691 167.00 114.66 376.61 286.00 322 81
2009_000830 10.0674 307.58 290.14 378.31 315.87 325 86
2009_001245 10.0651 17.00 50.95 196.33 171.00 326 88
2009_001289 10.0524 114.12 128.00 237.22 313.78 34 90
2009_001316 10.0678 71.00 128.82 242.25 247.00 30 91
2009_001316 10.0676 104.60 96.37 441.00 226.16 337 90
2009_001406 10.0682 31.75 222.05 173.53 287.90 33 89
2009_001407 10.0621 50.09 77.00 330.13 377.16 35 91
2009_001407 10.0597 151.21 282.00 280.80 409.80 346 91
2009_001549 10.0767 282.44 147.27 343.72 180.54 336 92
2009_001723 10.0609 165.73 190.51 237.52 227.39 336 85
2009_001780 10.0633 44.44 268.00 181.85 385.02 31 93
2009_001794 10.0692 237.79 74.73 406.33 114.62 325 92
2009_001794 10.0614 223.53 54.33 383.69 96.27 33 91
2009_001830 10.0646 196.00 112.00 351.00 239.00 336 91
2009_001907 10.0665 199.99 203.00 316.76 301.80 321 80
2009_001941 10.0734 95.00 63.12 397.63 260.83 25 86
2009_001949 10.0695 33.00 221.00 232.64 269.93 355 89
2009_002047 10.0627 289.05 59.40 355.14 125.30 19 86
2009_002136 10.0631 117.12 209.59 178.90 229.81 323 92
2009_002272 10.0648 63.74 77.67 185.00 158.14 22 88
2009_002449 10.0648 129.65 138.93 330.09 308.72 15 96
2009_002727 10.0671 187.66 212.29 301.33 244.77 14 92
2009_002778 10.0677 146.65 192.77 316.25 229.50 318 92
2009_002778 10.0510 124.70 174.13 291.68 216.80 0 96
2009_003010 10.0700 160.00 133.72 328.08 298.46 326 79
2009_003043 10.0600 74.45 93.00 239.97 291.46 24 83
2009_003080 10.0720 155.78 189.32 281.06 272.04 21 87
2009_003080 10.0588 118.29 190.88 317.00 394.87 8 92
2009_003084 10.0703 186.43 237.57 325.96 275.53 355 87
2009_003136 10.0711 76.00 112.67 469.00 306.14 13 85
2009_003247 10.0735 254.00 139.94 364.02 225.97 13 92
2009_003247 10.0684 163.36 154.70 359.02 233.67 319 88
2009_003284 10.0511 74.36 43.85 464.22 321.71 22 92
2009_003400 10.0661 109.74 72.00 223.00 206.25 33 91
2009_003400 10.0641 181.69 115.81 379.38 221.62 23 89
2009_003504 10.0514 42.27 192.22 340.39 292.27 318 92
2009_003707 10.0612 22.00 208.40 135.70 256.95 354 92
2009_003707 10.0567 113.11 203.58 149.20 234.62 331 89
2009_003936 10.0710 217.00 175.82 324.92 250.91 25 98
2009_003936 10.0695 218.42 176.00 329.03 262.77 35 104
2009_003936 10.0690 180.42 158.92 327.50 265.88 31 93
2009_003936 10.0644 181.02 146.16 280.00 233.00 337 90
2009_004034 10.0653 144.78 156.62 208.83 207.79 348 90
2009_004166 10.0776 83.29 128.22 369.00 313.93 11 88
2009_004273 10.0698 31.00 194.00 212.48 320.73 337 90
2009_004364 10.0651 64.00 300.06 176.00 362.06 26 95
2009_004468 10.0559 361.05 67.00 461.00 157.00 17 87
2009_004468 10.0501 200.00 3.08 453.00 128.77 37 94
2009_004471 10.0799 182.61 49.79 260.53 152.75 355 89
2009_004524 10.0693 108.05 178.51 295.00 325.00 29 97
2009_004524 10.0662 190.56 199.38 461.03 309.00 322 97
2009_004635 10.0684 370.33 188.00 444.18 215.66 355 89
2009_004635 10.0684 266.64 232.57 361.59 259.51 355 89
2009_004780 10.0635 325.80 133.80 394.59 196.02 335 85
2009_004780 10.0635 232.90 58.41 368.36 195.14 335 85
2009_005019 10.0649 181.46 130.02 315.39 205.02 351 86
2009_005087 10.0669 50.85 269.14 331.90 470.00 36 99
2009_005111 10.0596 46.12 77.36 126.75 152.60 24 83
2009_005239 10.0729 59.86 118.50 247.17 298.18 358 98
2009_005268 10.0502 47.35 414.85 84.59 457.85 323 92
2010_000024 10.0513 43.00 148.24 167.93 237.58 343 90
2010_000145 10.0739 105.68 199.87 366.27 296.24 332 85
2010_000272 10.0682 198.00 59.65 480.49 172.50 40 88
2010_000906 10.0662 171.72 149.81 365.64 270.44 30 91
2010_000906 10.0662 242.72 138.00 300.01 223.70 30 91
2010_001234 10.0677 237.58 184.00 371.50 275.93 343 90
2010_001525 10.0663 103.55 209.70 240.04 291.03 320 88
2010_001525 10.0663 334.92 130.44 466.51 244.38 320 88
2010_001691 10.0648 161.27 189.07 188.02 211.33 325 92
2010_001967 10.0551 228.34 84.58 415.28 233.94 82 73
2010_002117 10.0676 36.74 382.00 142.00 413.44 21 93
2010_002117 10.0675 104.72 170.56 133.39 213.54 2 91
2010_002279 10.0702 256.00 124.86 378.97 224.56 6 88
2010_002315 10.0798 164.23 97.88 447.00 286.00 30 90
2010_002321 10.0820 306.84 166.52 469.53 245.89 316 80
2010_002321 10.0659 90.16 188.31 265.00 279.03 14 102
2010_002565 10.0540 71.62 99.04 305.68 274.78 261 77
2010_002695 10.0723 333.59 176.03 401.00 201.31 0 90
2010_002695 10.0701 263.00 130.54 488.00 281.17 34 91
2010_002695 10.0602 286.93 62.94 499.00 274.53 21 87
2010_002780 10.0705 193.72 186.24 432.00 290.12 355 87
2010_002780 10.0677 232.54 146.88 354.36 237.87 39 94
2010_002780 10.0612 58.37 186.71 301.14 313.13 323 92
2010_002780 10.0523 213.48 49.11 342.50 204.25 355 89
2010_002985 10.0737 268.01 285.59 288.21 308.00 336 85
2010_003260 10.0735 130.53 355.92 311.13 469.75 15 96
2010_003260 10.0506 131.08 322.44 323.00 422.00 17 87
2010_004041 10.0831 375.60 145.11 482.00 262.38 336 85
2010_004208 10.0725 237.92 138.00 345.04 275.11 355 89
2010_004208 10.0541 217.27 106.89 343.58 262.39 312 94
2010_004253 10.0632 47.31 73.94 325.55 246.45 318 92
2010_004422 10.0646 353.68 99.00 474.19 180.69 37 94
2010_004486 10.0669 375.64 237.70 473.03 255.59 28 87
2010_004486 10.0644 377.96 234.93 468.57 257.98 336 92
2010_004486 10.0610 187.15 241.85 214.64 258.87 355 89
2010_004486 10.0610 51.75 237.05 107.31 256.52 355 89
2010_004537 10.0636 241.12 86.21 313.44 156.29 331 89
2010_004624 10.0690 133.82 385.00 286.00 509.75 39 86
2010_004714 10.0725 56.52 120.62 124.96 233.37 11 88
2010_004735 10.0740 193.10 131.35 215.67 152.00 316 80
2010_004753 10.0651 278.92 43.15 500.99 219.81 35 99
2010_004772 10.0712 65.00 56.00 412.00 304.38 340 94
2010_004795 10.0648 105.75 259.16 143.28 317.70 336 88
2010_005192 10.0657 56.00 156.78 454.00 306.57 6 86
2010_005705 10.0798 90.91 239.59 301.54 402.71 13 85
2010_005761 10.0530 214.70 137.06 307.37 197.08 351 89
2010_005780 10.0731 186.00 151.99 341.78 247.33 335 85
2010_006033 10.0696 240.00 134.97 480.22 298.78 4 95
2011_000130 10.0596 79.00 159.33 149.65 204.58 351 94
2011_000161 10.0612 270.68 228.88 293.29 241.26 39 94
2011_000234 10.0540 64.22 222.00 263.80 446.92 327 82
2011_000276 10.0550 310.11 231.61 401.00 314.00 351 89
2011_000749 10.0692 163.77 282.51 347.54 338.87 343 85
2011_000749 10.0519 226.23 13.87 307.72 169.02 336 85
2011_001029 10.0660 36.41 338.58 162.44 412.39 34 90
2011_001081 10.0694 151.81 57.94 307.93 232.90 317 85
2011_001589 10.0657 133.03 124.61 345.08 177.92 20 94
2011_001592 10.0730 159.57 145.00 457.00 331.97 346 89
2011_001613 10.0694 230.57 149.10 320.13 207.89 18 88
2011_001613 10.0641 236.68 125.38 312.73 211.98 355 89
2011_001613 10.0592 227.45 142.16 308.21 209.29 39 94
2011_001720 10.0688 240.00 211.00 350.76 318.00 337 85
2011_001771 10.0604 88.50 107.80 406.50 310.21 336 87
2011_001793 10.0604 63.00 145.00 258.64 314.08 38 104
2011_001793 10.0604 210.24 311.55 268.68 333.78 38 104
2011_001793 10.0604 202.91 163.71 305.00 332.19 38 104
2011_002036 10.0753 174.41 185.01 321.35 223.03 327 76
2011_002036 10.0651 144.40 157.36 303.78 216.91 39 91
2011_002588 10.0631 39.00 122.79 262.64 306.45 18 87
2011_002740 10.0652 327.10 153.10 363.09 173.70 24 83
2011_002740 10.0651 437.25 97.43 487.15 113.47 340 87
2011_002740 10.0581 309.54 138.44 368.42 162.54 323 92
2011_002740 10.0578 310.75 137.23 360.81 162.70 31 93
2011_002754 10.0680 300.96 43.28 399.01 186.20 327 100
2011_002943 10.0774 122.06 110.00 360.00 248.04 19 85
2011_002943 10.0680 118.26 146.00 369.00 262.49 346 83
2011_002975 10.0837 270.26 261.80 338.98 292.76 336 92
2011_002975 10.0627 190.00 169.00 346.17 271.73 355 89
2011_003115 10.0641 208.51 245.84 261.35 270.71 23 89
2011_003115 10.0533 181.31 229.86 256.26 261.74 23 90
