2008_000133 10.1129 61.35 38.00 466.57 328.92 272 84
2008_000194 10.0867 210.74 186.30 335.93 286.46 269 84
2008_000194 10.0803 419.80 236.84 552.30 325.00 276 112
2008_000562 10.1027 230.39 203.00 414.99 356.70 295 68
2008_000562 10.0857 136.43 169.76 400.95 339.62 287 101
2008_000725 10.0795 96.96 105.82 219.76 198.00 242 113
2008_000725 10.0792 106.47 104.47 222.08 266.91 249 83
2008_000803 10.0847 167.85 79.04 304.44 196.85 311 101
2008_000803 10.0847 271.07 101.42 354.76 204.00 311 101
2008_001225 10.0935 140.56 209.18 282.18 305.74 263 88
2008_001225 10.0934 306.61 201.41 441.59 316.23 260 113
2008_001225 10.0929 216.24 213.46 372.82 308.51 304 102
2008_001225 10.0902 142.54 206.02 263.66 309.60 243 36
2008_001231 10.0818 228.22 145.00 307.95 245.00 287 101
2008_001231 10.0708 236.80 143.01 319.25 265.00 105 68
2008_001404 10.0755 105.71 290.39 249.62 420.00 286 81
2008_001553 10.0728 335.67 133.87 433.24 277.00 257 118
2008_001598 10.0867 313.23 91.49 467.67 252.00 254 103
2008_001648 10.0711 92.47 238.15 168.00 308.00 296 112
2008_001715 10.0853 369.95 152.00 471.40 275.31 296 108
2008_001715 10.0772 179.18 192.03 287.70 266.11 267 89
2008_001799 10.0671 341.89 297.19 369.15 322.47 240 80
2008_002269 10.1078 78.69 84.42 374.69 313.66 264 112
2008_002322 10.0891 169.13 176.65 292.06 314.84 292 29
2008_002322 10.0792 115.63 165.99 301.05 294.58 286 81
2008_002366 10.0911 53.38 61.72 195.00 173.00 304 102
2008_002701 10.0962 59.02 50.59 450.62 333.26 227 91
2008_002806 10.0869 174.91 196.34 423.00 328.29 309 103
2008_002883 10.1524 62.00 54.00 491.00 352.31 259 102
2008_002883 0.1524 62.00 54.00 441.00 310.00 259 102
2008_003072 10.0682 190.77 232.50 214.76 277.07 267 89
2008_003072 10.0511 177.36 235.41 198.76 253.69 258 65
2008_003205 10.1048 111.00 163.92 364.11 335.00 272 84
2008_003205 10.0761 104.81 171.60 358.85 264.00 229 106
2008_003270 10.1192 81.00 61.20 459.37 351.00 276 74
2008_003351 10.0820 310.33 130.50 380.35 246.64 267 89
2008_003768 10.0847 110.48 177.75 228.46 305.10 228 85
2008_003768 10.0756 278.79 251.53 524.17 473.00 303 94
2008_004040 10.0871 275.42 200.10 398.84 301.77 290 131
2008_004101 10.0914 105.90 243.50 274.17 375.00 248 74
2008_004142 10.0872 136.16 166.16 253.77 236.68 226 97
2008_004142 10.0821 318.65 174.47 404.25 223.20 312 89
2008_004363 10.1333 117.00 199.06 368.37 359.86 58 109
2008_004363 10.0601 94.75 175.72 368.04 345.00 233 97
2008_004592 10.1122 66.14 21.00 443.84 307.31 276 74
2008_004656 10.0846 245.77 96.25 307.26 238.74 276 112
2008_004656 10.0566 238.32 138.97 288.88 211.47 277 108
2008_004758 10.0917 48.82 150.93 361.80 369.14 243 36
2008_004784 10.0521 185.82 165.27 247.82 298.41 255 109
2008_004995 10.0649 47.00 140.09 196.93 329.00 286 80
2008_005147 10.0903 155.00 87.76 478.32 293.04 254 78
2008_005190 10.1045 213.83 155.39 388.29 299.93 266 110
2008_005190 10.0721 203.72 163.45 383.98 297.99 305 105
2008_005276 10.0831 24.73 380.18 86.15 480.00 226 97
2008_005599 10.0860 65.00 175.76 351.82 356.00 263 98
2008_005601 10.1019 274.57 181.51 478.00 301.26 292 90
2008_005637 10.1021 12.00 134.82 142.35 262.00 263 95
2008_005727 10.0971 88.95 124.00 457.47 353.43 250 90
2008_005846 10.0867 135.83 176.41 457.00 389.00 276 112
2008_006017 10.0845 173.26 90.88 401.00 274.15 267 89
2008_006154 10.0760 29.22 329.98 81.28 397.84 292 124
2008_006154 10.0751 100.98 329.00 178.76 439.98 267 89
2008_006254 10.0744 153.86 307.86 240.24 476.12 276 74
2008_006519 10.0931 236.61 218.95 375.78 319.58 248 50
2008_006519 10.0771 237.86 211.97 359.28 318.00 267 89
2008_006642 10.0842 178.17 162.53 221.99 221.22 269 84
2008_007103 10.1024 269.74 221.86 411.28 331.98 261 99
2008_007103 10.0822 261.45 203.65 407.42 366.15 277 76
2008_007497 10.0795 186.43 67.00 307.17 170.60 287 93
2008_007501 10.0765 0.00 184.93 100.12 259.00 297 96
2008_007719 10.0875 26.27 49.69 254.65 227.00 305 121
2008_007749 10.0929 162.00 149.44 291.43 251.00 263 88
2008_007749 10.0831 181.00 374.36 314.24 487.36 261 99
2008_007766 10.0622 200.93 219.85 261.35 289.00 245 98
2008_007816 10.0752 267.00 338.00 470.00 481.52 311 101
2008_007850 10.0830 190.42 186.96 227.61 226.00 277 76
2008_007872 10.0861 301.74 296.53 379.88 342.54 276 112
2008_007915 10.1425 57.00 70.64 487.00 339.20 253 82
2008_007935 10.0962 183.43 134.58 371.38 263.27 261 99
2008_007935 10.0889 434.09 227.82 626.90 344.43 305 121
2008_007942 10.0672 316.14 134.96 394.38 235.37 310 95
2008_008084 10.0859 165.69 106.53 288.05 187.00 286 80
2008_008084 10.0785 111.83 65.40 270.18 251.00 254 103
2008_008210 10.0710 184.28 208.14 256.75 341.21 292 124
2008_008307 10.1293 82.35 159.26 394.70 345.56 258 65
2008_008307 10.0669 222.00 144.43 392.77 235.00 259 102
2008_008320 10.1092 259.80 168.41 490.42 352.37 110 75
2008_008320 10.0857 65.51 162.06 348.71 354.00 315 98
2008_008337 10.1047 163.69 166.89 459.60 364.72 287 74
2008_008357 10.0768 304.00 200.62 366.42 303.41 264 108
2008_008443 10.0810 119.50 338.67 346.00 509.00 262 116
2008_008611 10.1066 134.29 122.13 387.29 294.91 243 36
2008_008611 10.0683 134.08 201.00 344.77 278.31 267 89
2008_008627 10.0903 114.17 17.31 292.93 206.00 259 102
2008_008629 10.1030 57.79 79.85 245.92 209.84 261 99
2008_008629 10.1017 354.60 151.27 474.90 327.00 277 76
2008_008629 10.0906 120.79 153.00 286.00 336.02 231 86
2008_008652 10.1093 159.90 90.20 298.00 275.00 243 36
2008_008659 10.0870 285.47 259.76 349.65 295.04 229 106
2008_008695 10.0567 287.35 121.19 335.25 230.39 263 95
2008_008711 10.1604 48.72 48.27 463.00 331.94 278 75
2008_008718 10.0823 266.78 317.27 432.42 435.79 260 113
2008_008718 10.0764 316.35 308.24 440.50 434.68 256 94
2008_008724 10.0867 79.19 72.00 376.11 308.00 278 75
2008_008755 10.0696 153.33 298.60 195.84 363.70 263 98
2008_008758 10.0886 230.82 234.79 297.84 302.00 272 90
2008_008758 10.0757 623.71 155.86 695.69 230.66 266 101
2009_000055 10.0948 339.86 183.00 474.63 306.52 299 118
2009_000055 10.0870 328.52 153.02 490.60 377.69 297 114
2009_000093 10.0817 73.92 185.25 102.77 209.64 278 75
2009_000149 10.0947 31.00 200.00 287.44 390.00 287 92
2009_000149 10.0555 20.39 146.50 268.12 295.00 299 99
2009_000276 10.0775 158.14 18.22 294.00 128.00 315 98
2009_000461 10.1558 37.65 220.76 402.16 464.15 264 108
2009_000573 10.1540 77.67 116.49 464.66 343.65 80 93
2009_000634 10.1262 90.42 90.70 482.82 327.45 229 78
2009_000637 10.0894 237.00 184.00 394.94 311.00 267 113
2009_000676 10.0866 45.41 101.25 363.00 287.90 267 89
2009_000724 10.1015 125.21 207.37 313.99 348.00 302 106
2009_000724 10.0808 107.53 194.11 389.93 350.00 253 104
2009_000756 10.1392 58.87 46.28 488.00 326.19 302 106
2009_000820 10.1062 157.53 176.07 383.92 317.70 258 65
2009_000820 10.0874 171.14 163.31 380.64 252.70 228 85
2009_000896 10.0821 195.30 230.64 323.70 348.93 292 29
2009_000896 10.0728 190.62 202.22 324.69 369.51 297 114
2009_000985 10.2458 55.00 21.75 439.00 257.02 260 113
2009_001255 10.0986 76.84 58.47 396.00 286.00 226 107
2009_001316 10.0602 373.00 168.00 472.31 264.00 256 78
2009_001456 10.1377 112.16 53.23 441.00 302.00 256 94
2009_001645 10.0759 5.91 242.00 195.00 380.00 262 100
2009_001663 10.0922 105.37 235.65 251.39 357.21 308 114
2009_001663 10.0573 93.61 198.11 235.57 308.00 256 68
2009_001684 10.0638 238.17 70.14 373.02 214.00 292 90
2009_001758 10.0909 66.26 248.00 273.90 438.00 304 102
2009_001758 10.0889 70.80 134.89 265.20 318.00 254 103
2009_001780 10.0875 38.63 107.76 275.98 224.00 280 106
2009_001780 10.0868 55.04 90.86 443.69 341.00 302 68
2009_001805 10.0896 18.84 199.94 206.84 332.44 228 85
2009_001830 10.0817 213.12 169.04 271.35 310.00 258 79
2009_001915 10.1007 119.65 189.20 312.97 338.00 287 93
2009_002087 10.1733 68.73 20.38 434.38 272.00 260 113
2009_002194 10.0917 109.00 94.71 482.00 304.99 292 86
2009_002252 10.1016 70.03 51.19 264.48 188.00 261 99
2009_002295 10.1117 52.14 295.81 338.27 480.38 256 94
2009_002350 10.0768 59.00 343.86 182.16 454.00 256 86
2009_002399 10.0967 51.00 135.00 328.65 374.00 314 111
2009_002400 10.0969 63.65 50.92 291.23 237.00 306 106
2009_002400 10.0760 59.38 30.58 306.30 330.19 267 108
2009_002568 10.0890 239.64 14.00 346.00 95.00 280 106
2009_002668 10.0869 146.88 243.93 252.54 349.04 248 81
2009_002668 10.0706 124.86 249.60 250.68 352.78 272 68
2009_002777 10.1043 152.08 251.23 328.51 370.83 277 76
2009_002777 10.0782 124.86 224.21 387.52 350.00 101 108
2009_002785 10.0779 59.00 41.51 202.41 165.31 267 89
2009_002833 10.1116 69.03 21.00 417.30 324.00 261 99
2009_002833 10.0728 670.09 19.00 849.00 317.37 229 78
2009_002928 10.1112 84.00 98.93 459.56 355.79 267 89
2009_003065 10.0914 164.27 192.07 294.84 339.00 277 108
2009_003193 10.1055 117.03 66.42 428.87 303.00 228 85
2009_003224 10.1090 194.12 64.00 430.36 256.00 248 87
2009_003224 10.0938 84.00 135.00 324.45 374.00 253 104
2009_003343 10.0913 58.00 250.00 261.00 404.00 286 95
2009_003343 10.0586 0.00 163.00 280.00 409.00 256 78
2009_003422 10.0802 338.00 216.40 406.66 282.00 233 97
2009_003469 10.1021 52.00 71.50 424.80 299.66 104 106
2009_003832 10.0969 92.00 65.00 422.70 308.73 260 113
2009_003836 10.0785 164.01 163.98 260.96 300.92 232 105
2009_003905 10.0849 58.00 210.00 261.00 364.00 276 112
2009_003908 10.0977 151.00 144.00 408.91 335.00 248 70
2009_003908 10.0759 93.23 101.45 278.84 245.00 263 95
2009_003908 10.0670 26.92 37.00 353.91 371.00 282 78
2009_004242 10.0792 60.43 137.01 217.63 285.00 268 92
2009_004242 10.0775 91.00 93.29 197.06 300.00 252 89
2009_004303 10.1090 175.58 174.44 386.91 355.87 263 88
2009_004303 10.0887 272.41 118.14 406.00 253.00 262 104
2009_004346 10.0791 294.00 24.00 458.00 147.46 303 74
2009_004364 10.0930 246.00 193.00 503.00 382.94 268 92
2009_004364 10.0831 43.44 161.00 354.00 394.78 299 118
2009_004551 10.1084 80.59 112.89 435.00 341.00 90 103
2009_004629 10.0722 184.00 169.00 374.51 358.00 292 109
2009_004664 10.0942 246.99 176.00 387.44 366.00 236 103
2009_004758 10.0862 318.68 184.18 419.50 252.51 234 100
2009_004758 10.0828 19.44 197.73 160.39 282.00 267 89
2009_004758 10.0775 320.38 172.76 417.41 250.32 292 124
2009_004822 10.1053 142.69 196.20 464.78 363.80 72 68
2009_004822 10.0779 142.37 168.66 384.00 262.00 280 106
2009_004845 10.0882 105.87 96.00 310.29 286.00 276 74
2009_004848 10.0942 175.34 210.69 363.36 357.00 303 74
2009_004848 10.0861 182.40 175.80 360.07 375.00 266 101
2009_004882 10.0843 86.95 243.88 306.53 411.00 276 88
2009_004933 10.0623 192.19 186.73 292.82 301.38 277 76
2009_004987 10.1179 191.72 179.61 350.00 299.26 296 102
2009_005064 10.1221 72.48 54.09 490.01 323.19 240 80
2009_005087 10.0890 59.13 142.33 211.23 263.20 248 90
2009_005087 10.0758 114.66 192.58 275.06 350.58 290 91
2009_005087 10.0580 58.72 146.92 229.77 231.00 229 78
2009_005098 10.0968 133.02 15.00 299.11 194.29 314 111
2009_005103 10.0973 142.85 139.93 435.50 366.44 303 86
2009_005156 10.1056 78.64 56.38 396.00 259.18 249 83
2009_005156 10.0695 107.50 143.00 457.62 285.67 283 79
2009_005178 10.1386 46.54 90.00 469.00 347.50 253 82
2009_005203 10.0786 255.20 118.68 332.35 258.69 297 114
2009_005300 10.0848 267.98 171.00 386.66 277.09 254 103
2009_005300 10.0839 85.56 168.69 225.69 273.29 97 123
2009_005300 10.0807 327.02 68.09 434.00 176.17 248 74
2009_005300 10.0720 57.59 154.22 209.05 255.49 256 86
2009_005300 10.0517 316.95 443.40 416.76 548.39 267 89
2010_000083 10.0760 55.26 233.73 157.15 318.00 304 102
2010_000083 10.0723 64.77 229.53 155.28 293.00 263 95
2010_000113 10.0866 122.65 113.49 336.49 286.00 248 71
2010_000113 10.0646 116.35 70.17 344.92 346.56 240 92
2010_000254 10.1124 132.85 149.16 355.34 310.46 61 106
2010_000254 10.0619 105.65 141.06 333.73 294.66 262 100
2010_000336 10.0769 358.38 191.00 507.00 319.00 277 76
2010_000342 10.0972 102.00 65.28 386.76 292.00 253 104
2010_000401 10.1302 129.00 145.42 408.00 305.54 292 29
2010_000444 10.0807 120.61 162.41 262.68 299.23 278 75
2010_000444 10.0729 112.56 153.02 273.04 295.86 242 113
2010_000829 10.1013 89.39 62.00 484.40 364.53 65 101
2010_000893 10.1155 116.01 55.17 360.73 214.00 279 68
2010_000893 10.0674 223.96 40.00 341.67 225.00 248 70
2010_000898 10.1665 61.00 40.62 468.15 343.00 268 92
2010_001049 10.1113 246.68 154.00 426.71 283.15 276 74
2010_001049 10.1102 56.95 156.28 238.20 281.34 226 97
2010_001049 10.0824 234.66 171.83 424.18 281.62 303 86
2010_001246 10.0687 5.00 133.21 94.21 241.81 278 75
2010_001263 10.0922 96.35 120.53 369.53 365.00 265 83
2010_001367 10.0904 127.09 120.38 416.01 276.00 306 95
2010_001367 10.0700 427.96 31.14 749.00 208.82 273 97
2010_001540 10.0882 114.00 140.47 317.00 292.00 239 112
2010_001540 10.0841 32.52 241.00 281.00 423.01 268 92
2010_001540 10.0593 122.00 86.00 374.00 339.00 260 113
2010_001921 10.0738 298.55 183.89 420.24 279.81 248 74
2010_001992 10.0837 290.00 285.43 410.33 360.00 248 70
2010_001992 10.0821 243.00 45.26 384.84 148.72 257 118
2010_002030 10.0948 92.73 48.00 424.00 291.43 292 124
2010_002137 10.0798 173.00 36.34 322.25 159.00 269 84
2010_002137 10.0760 119.28 16.00 363.00 254.00 237 68
2010_002183 10.0860 15.00 217.27 161.11 339.00 297 114
2010_002211 10.0828 25.95 317.08 128.99 432.00 69 109
2010_002326 10.0889 163.00 56.28 445.37 285.00 254 103
2010_002326 10.0595 89.92 75.00 299.00 322.20 250 89
2010_002408 10.0894 101.70 163.73 249.08 310.00 253 104
2010_002536 10.0906 88.76 99.44 463.52 311.63 254 78
2010_002660 10.0817 92.01 308.00 284.00 460.36 305 121
2010_002660 10.0760 97.01 238.00 257.00 337.93 297 101
2010_002660 10.0548 70.83 222.41 332.00 445.85 297 96
2010_002693 10.0697 4.00 233.87 113.57 372.00 276 74
2010_002814 10.0910 73.78 26.79 488.00 313.34 283 79
2010_002927 10.0806 42.00 221.36 360.94 383.00 294 84
2010_003251 10.1109 59.00 102.13 464.72 340.70 238 86
2010_003303 10.1066 297.09 176.30 477.00 300.36 264 112
2010_003379 10.0926 28.80 144.27 362.70 335.92 267 89
2010_003446 10.1222 169.75 185.84 363.71 272.36 277 108
2010_003446 10.0753 147.33 152.93 346.29 261.13 287 87
2010_003605 10.1217 126.51 64.00 427.00 318.00 280 106
2010_003701 10.0792 260.14 201.70 385.56 324.55 292 124
2010_003701 10.0785 256.58 188.75 372.79 317.55 263 95
2010_003729 10.0896 6.36 138.70 155.00 234.45 239 112
2010_003744 10.0766 34.95 200.00 198.96 335.93 261 99
2010_003811 10.1636 58.08 41.16 437.72 298.14 268 101
2010_003828 10.1090 85.69 148.45 330.38 325.00 103 107
2010_003912 10.0910 99.05 87.69 324.37 253.22 296 108
2010_003912 10.0776 104.00 162.87 290.76 341.05 275 76
2010_004027 10.0813 195.19 26.00 304.76 119.00 287 93
2010_004182 10.1474 49.33 66.36 472.00 362.00 290 131
2010_004439 10.0862 420.71 294.59 463.28 325.47 277 76
2010_004537 10.1496 62.61 98.57 458.61 369.35 264 112
2010_004809 10.0794 337.33 307.97 461.41 370.99 234 100
2010_004857 10.0831 55.31 282.50 193.67 351.91 310 95
2010_004894 10.0864 206.33 131.38 393.16 357.00 274 90
2010_004921 10.0854 207.71 192.72 287.30 257.28 236 103
2010_004921 10.0834 211.05 193.22 286.68 255.49 229 106
2010_005116 10.0965 74.00 98.47 483.71 388.00 267 89
2010_005226 10.0683 387.69 211.04 438.19 300.84 267 89
2010_005366 10.1011 266.43 145.00 463.03 330.97 303 74
2010_005374 10.0917 50.00 204.66 228.86 363.47 250 90
2010_005542 10.0875 107.04 188.03 188.30 305.88 229 78
2010_005542 10.0632 95.97 158.86 200.05 288.47 261 99
2010_005556 10.0973 116.00 25.00 445.00 264.00 259 102
2010_005556 10.0748 284.84 203.00 477.00 354.07 237 68
2010_005556 10.0577 124.69 137.00 443.00 363.33 226 97
2010_005658 10.0894 169.51 86.65 371.23 237.00 276 112
2010_005658 10.0784 33.20 133.82 382.35 381.71 228 85
2010_005664 10.0849 120.67 138.07 381.51 309.00 81 126
2010_006031 10.0965 128.39 102.70 386.15 272.33 279 68
2010_006070 10.1154 66.77 54.00 469.00 353.71 269 84
2011_000098 10.0607 335.17 102.47 436.72 303.43 263 95
2011_000319 10.0878 228.85 174.48 332.14 265.47 266 110
2011_000319 10.0830 211.14 156.02 305.56 240.32 267 89
2011_000319 10.0516 219.70 158.38 290.00 239.20 238 86
2011_000412 10.0957 115.06 65.00 493.39 349.93 278 75
2011_000474 10.0878 27.57 106.76 261.70 262.00 253 82
2011_000474 10.0692 140.00 123.59 417.12 253.00 228 85
2011_000585 10.0911 114.08 149.58 287.64 292.00 257 118
2011_000585 10.0767 227.29 229.99 329.38 324.55 248 71
2011_000933 10.0803 172.51 190.59 351.18 349.00 292 124
2011_000950 10.1439 64.00 78.22 482.51 334.91 296 108
2011_001138 10.1489 79.00 36.71 469.99 340.39 250 90
2011_001271 10.0937 178.93 229.45 349.60 337.90 276 112
2011_001441 10.0623 239.96 69.90 499.00 296.84 277 108
2011_001501 10.0796 275.75 225.14 406.67 314.21 292 99
2011_001535 10.0882 106.62 173.12 247.88 337.03 259 102
2011_001806 10.0828 59.96 391.00 280.90 509.00 272 84
2011_001945 10.1028 83.07 244.20 353.00 470.00 249 83
2011_001966 10.0794 125.95 274.91 262.04 362.00 264 100
2011_002002 10.0694 268.28 240.79 415.47 348.85 311 101
2011_002064 10.1041 77.77 106.63 371.15 332.01 272 84
2011_002192 10.0784 320.52 184.71 362.68 279.95 226 107
2011_002223 10.0821 247.00 143.30 373.94 252.80 249 83
2011_002694 10.0792 320.00 169.25 441.59 255.12 229 78
2011_002694 10.0788 283.50 157.66 460.59 262.79 268 101
2011_002713 10.1582 103.83 93.47 486.81 348.90 288 98
2011_002742 10.1073 127.46 147.28 428.76 356.36 277 76
2011_002900 10.0742 255.05 269.23 388.00 370.55 258 65
2011_003003 10.0906 85.31 168.48 221.00 294.70 292 124
2011_003003 10.0788 111.41 125.63 417.25 375.46 79 75
2011_003168 10.0744 45.17 249.02 170.22 378.73 277 108
2011_003169 10.1071 123.00 87.00 451.00 325.00 295 104
