2008_000032 10.1707 21.00 140.31 345.00 296.00 344 89
2008_000032 10.1700 272.00 133.50 475.00 256.06 21 94
2008_000032 10.0637 4.88 115.88 486.48 296.30 334 89
2008_000075 10.1777 89.16 74.92 400.00 255.68 22 90
2008_000075 10.0909 270.00 64.54 499.00 273.63 338 87
2008_000078 0.1520 46.00 51.00 413.00 313.00 339 89
2008_000133 0.1620 95.00 82.00 461.00 343.00 328 90
2008_000190 -0.1513 56.00 134.00 103.00 168.00 25 91
2008_000190 -0.1503 109.00 44.00 383.00 240.00 16 88
2008_000251 10.1045 3.49 235.60 92.55 311.01 343 90
2008_000274 -0.1566 170.00 152.00 322.00 261.00 336 90
2008_000328 -0.1600 96.00 166.00 299.00 311.00 0 88
2008_000328 -0.1570 22.00 236.00 294.00 430.00 331 90
2008_000466 -0.1524 69.00 145.00 154.00 206.00 326 90
2008_000620 0.1593 57.00 35.00 421.00 295.00 330 91
2008_000919 -0.1589 381.00 153.00 466.00 214.00 17 89
2008_000919 -0.1529 237.00 145.00 322.00 206.00 22 89
2008_000982 10.1177 145.35 130.56 434.45 279.97 25 88
2008_001080 -0.1540 173.00 33.00 258.00 94.00 325 92
2008_001080 -0.1519 131.00 97.00 282.00 205.00 32 93
2008_001114 0.1557 77.00 68.00 444.00 330.00 329 92
2008_001160 -0.1504 318.00 106.00 401.00 165.00 12 88
2008_001160 -0.1500 200.00 128.00 263.00 173.00 1 92
2008_001236 -0.1571 193.00 6.00 286.00 73.00 328 92
2008_001236 -0.1557 93.00 161.00 178.00 222.00 337 91
2008_001236 -0.1547 31.00 5.00 128.00 74.00 335 87
2008_001236 -0.1529 182.00 190.00 295.00 270.00 329 93
2008_001236 -0.1526 158.00 142.00 430.00 336.00 30 90
2008_001236 -0.1503 118.00 6.00 232.00 87.00 20 90
2008_001436 -0.1647 147.00 76.00 422.00 273.00 24 90
2008_001580 -0.1524 109.00 113.00 194.00 174.00 18 90
2008_001640 10.1592 153.00 191.26 408.00 386.00 10 89
2008_001681 10.1192 190.42 244.20 211.04 264.48 0 88
2008_001810 -0.1555 170.00 217.00 322.00 325.00 326 91
2008_001810 -0.1535 11.00 141.00 83.00 193.00 11 91
2008_001810 -0.1529 69.00 241.00 154.00 302.00 320 87
2008_001810 -0.1520 323.00 208.00 475.00 317.00 29 86
2008_001812 -0.1581 14.00 154.00 97.00 213.00 343 90
2008_001812 -0.1578 248.00 45.00 451.00 190.00 332 87
2008_001812 -0.1575 80.00 153.00 143.00 198.00 1 92
2008_001812 -0.1556 34.00 79.00 125.00 144.00 19 90
2008_001812 -0.1554 103.00 127.00 215.00 207.00 340 89
2008_001812 -0.1509 158.00 88.00 224.00 135.00 42 87
2008_001812 -0.1501 29.00 34.00 396.00 295.00 329 90
2008_001830 10.1669 154.23 138.36 307.44 235.05 335 91
2008_001920 0.1505 47.00 51.00 413.00 313.00 347 89
2008_002082 10.1289 381.46 106.36 429.26 148.29 8 91
2008_002124 -0.1519 95.00 52.00 460.00 312.00 344 90
2008_002158 10.1564 96.67 72.97 384.50 313.67 346 90
2008_002179 10.0931 47.14 106.33 368.25 333.00 339 91
2008_002205 10.1689 85.00 70.17 386.71 333.43 341 87
2008_002267 -0.1512 70.00 67.00 343.00 262.00 11 91
2008_002366 0.1552 12.00 45.00 285.00 239.00 329 90
2008_002372 -0.1597 68.00 241.00 219.00 349.00 331 90
2008_002412 10.1155 185.88 169.43 630.85 356.29 348 87
2008_002451 10.1610 385.49 113.00 475.00 221.00 339 88
2008_002451 10.0640 353.67 76.03 498.00 248.16 18 92
2008_002464 -0.1598 158.00 61.00 431.00 256.00 336 89
2008_002504 -0.1620 55.00 60.00 422.00 322.00 336 89
2008_002701 0.1548 57.00 70.00 420.00 329.00 7 88
2008_003030 10.1699 174.40 230.13 372.00 345.52 34 88
2008_003030 10.1652 262.03 203.59 501.00 368.26 329 89
2008_003030 10.1195 139.38 206.17 398.54 341.37 7 91
2008_003053 -0.1517 19.00 136.00 171.00 244.00 22 92
2008_003067 10.1698 123.00 270.03 313.65 404.91 44 87
2008_003067 10.1282 89.55 308.70 283.00 479.96 7 92
2008_003067 10.1167 100.84 192.77 317.54 353.00 21 85
2008_003110 -0.1539 309.00 49.00 394.00 110.00 341 90
2008_003110 -0.1502 269.00 219.00 370.00 292.00 30 89
2008_003132 10.1736 268.17 106.24 439.29 236.04 33 90
2008_003141 10.1853 141.00 116.00 438.42 353.68 331 90
2008_003141 10.1664 87.64 73.00 222.00 232.00 14 90
2008_003141 10.0929 100.23 55.59 248.00 253.00 342 90
2008_003331 -0.1599 96.00 76.00 299.00 222.00 341 91
2008_003348 10.1473 59.78 173.02 104.22 222.16 24 89
2008_003483 10.1526 56.44 220.00 353.00 466.00 339 91
2008_003647 -0.1543 397.00 209.00 482.00 270.00 19 88
2008_003647 -0.1527 257.00 158.00 461.00 304.00 23 92
2008_003744 -0.1510 108.00 21.00 383.00 218.00 10 89
2008_003763 -0.1687 137.00 142.00 341.00 287.00 42 82
2008_003763 -0.1620 89.00 31.00 292.00 176.00 12 91
2008_003777 10.0769 117.42 62.08 428.21 279.90 0 92
2008_003799 -0.1534 389.00 25.00 474.00 86.00 11 91
2008_003799 -0.1512 113.00 31.00 316.00 176.00 0 88
2008_003826 10.1691 372.46 151.51 425.80 257.38 344 91
2008_003826 10.1120 270.18 148.00 411.00 248.28 20 93
2008_003894 -0.1537 119.00 167.00 232.00 248.00 339 88
2008_003904 -0.1556 22.00 220.00 295.00 414.00 25 92
2008_003924 10.1837 124.01 74.69 427.00 301.88 25 90
2008_003989 -0.1592 230.00 82.00 313.00 141.00 344 89
2008_004015 -0.1510 198.00 407.00 264.00 455.00 332 87
2008_004015 -0.1504 382.00 316.00 481.00 387.00 326 90
2008_004015 -0.1500 5.00 193.00 90.00 254.00 27 90
2008_004027 -0.1534 20.00 169.00 107.00 230.00 336 85
2008_004027 -0.1528 110.00 218.00 193.00 277.00 11 91
2008_004027 -0.1525 288.00 229.00 383.00 298.00 352 90
2008_004251 -0.1556 103.00 110.00 375.00 304.00 328 86
2008_004251 -0.1549 389.00 137.00 474.00 198.00 6 87
2008_004339 -0.1503 174.00 218.00 257.00 277.00 329 93
2008_004610 10.1830 107.61 85.71 276.30 207.00 329 86
2008_004610 10.1627 76.42 93.00 286.46 235.81 351 90
2008_004613 10.1621 77.34 22.16 275.00 159.00 337 91
2008_004613 10.1515 32.89 142.00 245.97 321.50 14 90
2008_004613 10.1163 167.25 133.00 433.22 309.29 44 87
2008_004614 10.1529 125.19 273.55 239.73 315.54 346 90
2008_004614 10.1489 183.42 272.50 274.17 311.21 42 82
2008_004614 10.1343 116.16 277.56 274.22 313.08 25 92
2008_004614 10.0629 105.28 256.44 255.56 298.87 330 89
2008_004633 -0.1532 246.00 222.00 359.00 303.00 14 89
2008_004736 -0.1542 55.00 22.00 327.00 217.00 349 90
2008_004896 -0.1566 209.00 110.00 413.00 256.00 34 88
2008_004974 -0.1620 237.00 137.00 322.00 198.00 26 91
2008_004974 -0.1560 137.00 111.00 340.00 255.00 331 90
2008_005049 0.1526 87.00 43.00 451.00 304.00 6 92
2008_005175 0.1738 87.00 17.00 451.00 277.00 328 92
2008_005204 10.1577 146.69 136.00 323.29 281.43 5 90
2008_005244 -0.1627 91.00 161.00 243.00 270.00 329 89
2008_005360 10.1643 61.00 50.33 375.75 286.32 17 92
2008_005511 -0.1531 181.00 201.00 266.00 262.00 340 88
2008_005676 10.1526 33.44 177.00 140.04 254.32 340 90
2008_005676 10.1492 38.08 182.06 212.74 254.66 352 89
2008_005676 10.1377 38.00 184.82 217.12 251.44 34 88
2008_005695 -0.1502 158.00 202.00 241.00 261.00 340 88
2008_005732 10.1417 237.00 265.78 365.15 348.84 332 90
2008_005915 -0.1501 53.00 297.00 138.00 358.00 21 89
2008_005933 10.1236 151.93 62.24 376.49 147.38 0 92
2008_005984 10.1897 69.58 69.50 364.40 313.00 338 91
2008_005984 10.0723 16.61 36.00 464.24 349.95 35 91
2008_006047 10.1596 43.00 113.44 236.27 262.00 0 88
2008_006047 10.0859 4.40 50.25 227.16 236.00 44 87
2008_006169 -0.1681 54.00 35.00 327.00 230.00 23 89
2008_006288 -0.1532 359.00 105.00 422.00 149.00 324 87
2008_006359 10.1600 30.01 69.00 445.00 380.00 24 90
2008_006523 -0.1690 69.00 60.00 345.00 257.00 333 89
2008_006523 -0.1523 309.00 14.00 471.00 129.00 329 93
2008_006528 0.1500 105.00 93.00 309.00 239.00 338 90
2008_006530 10.1761 77.00 19.35 494.00 328.00 329 93
2008_006554 10.1520 86.00 70.28 446.77 312.36 335 88
2008_006591 -0.1607 181.00 84.00 453.00 278.00 329 89
2008_006635 10.1701 272.00 105.77 371.31 159.00 11 91
2008_006635 10.1698 199.24 120.00 386.51 266.83 24 90
2008_006635 10.1480 184.70 102.36 377.19 249.14 320 88
2008_006701 10.1380 168.00 149.00 426.57 314.00 339 90
2008_006849 -0.1580 242.00 161.00 394.00 270.00 318 90
2008_006849 -0.1512 258.00 21.00 461.00 166.00 17 92
2008_006849 -0.1510 93.00 99.00 194.00 172.00 0 88
2008_006959 0.1509 104.00 17.00 468.00 277.00 1 92
2008_006997 -0.1530 16.00 118.00 219.00 263.00 12 91
2008_007006 -0.1616 52.00 192.00 203.00 300.00 22 90
2008_007006 -0.1574 82.00 31.00 284.00 176.00 19 88
2008_007034 -0.1793 28.00 35.00 301.00 230.00 25 92
2008_007034 -0.1777 365.00 81.00 450.00 142.00 339 89
2008_007056 10.1649 293.00 292.97 421.12 382.01 320 88
2008_007056 10.0654 196.00 259.78 404.84 370.78 6 88
2008_007189 -0.1671 293.00 113.00 378.00 174.00 19 88
2008_007189 -0.1575 197.00 113.00 282.00 174.00 324 90
2008_007189 -0.1566 107.00 64.00 259.00 172.00 29 88
2008_007250 0.1513 94.00 25.00 461.00 287.00 6 87
2008_007319 0.1568 47.00 34.00 413.00 295.00 322 95
2008_007352 10.1679 198.98 117.00 339.39 289.29 332 87
2008_007352 10.1072 185.14 59.09 314.89 274.00 322 89
2008_007488 10.1734 217.00 79.75 436.93 250.00 12 91
2008_007488 10.1698 150.67 132.00 447.46 330.86 348 94
2008_007488 10.1608 69.00 105.43 203.72 216.00 320 88
2008_007488 10.0681 50.50 73.08 437.22 295.37 6 87
2008_007514 0.1511 41.00 111.00 243.00 256.00 326 90
2008_007635 10.0636 0.00 0.00 498.00 373.00 342 94
2008_007791 0.1652 48.00 52.00 412.00 312.00 344 88
2008_007793 10.1714 181.00 45.00 504.00 274.44 29 88
2008_007797 10.1764 62.90 133.02 384.00 329.00 10 89
2008_007797 10.1104 60.52 285.00 310.00 437.59 321 98
2008_007797 10.0604 50.81 112.17 359.05 444.55 29 89
2008_007804 10.1582 119.88 201.95 151.86 232.14 335 88
2008_007804 10.1497 92.39 181.08 132.28 215.83 338 90
2008_007931 10.1789 137.00 80.50 382.99 249.26 34 88
2008_007931 10.1583 47.76 104.70 209.00 225.00 323 96
2008_007931 10.1175 170.41 158.00 393.70 311.82 12 88
2008_007931 10.0939 0.00 67.44 238.99 271.40 7 91
2008_007949 -0.1644 125.00 93.00 399.00 288.00 0 88
2008_008113 10.1793 190.00 111.11 486.32 310.09 331 93
2008_008113 10.0663 124.63 91.40 487.00 288.26 349 90
2008_008113 0.1691 87.00 61.00 451.00 321.00 320 88
2008_008120 10.1974 82.58 48.17 488.00 321.22 336 88
2008_008224 0.1524 22.00 52.00 386.00 312.00 22 93
2008_008301 10.1706 21.00 84.57 430.53 270.12 14 90
2008_008424 -0.1652 176.00 101.00 379.00 246.00 33 90
2008_008424 -0.1611 26.00 118.00 229.00 263.00 340 90
2008_008461 -0.1590 153.00 93.00 357.00 239.00 336 90
2008_008469 10.1490 21.00 54.99 261.65 268.31 331 90
2008_008527 0.1507 21.00 34.00 386.00 295.00 19 92
2008_008537 -0.1788 94.00 90.00 462.00 353.00 332 89
2008_008598 10.1599 286.54 82.28 492.24 253.62 25 90
2008_008598 10.1520 69.50 58.86 468.86 282.06 336 90
2008_008662 0.1514 65.00 34.00 430.00 295.00 0 88
2008_008679 10.1357 257.48 256.41 292.42 296.02 19 90
2008_008679 10.1254 257.06 254.93 294.39 291.62 25 92
2008_008679 10.1156 242.34 242.16 276.24 277.85 339 88
2008_008682 10.1764 226.00 247.21 408.57 369.46 30 89
2008_008682 10.1732 61.37 233.46 246.19 341.41 26 87
2008_008682 10.1702 218.73 209.46 421.66 370.21 348 94
2008_008682 10.0761 16.43 214.01 314.46 318.21 340 90
2008_008683 10.1675 118.23 135.34 251.24 258.00 23 89
2008_008683 10.1591 98.22 173.37 241.80 280.00 24 89
2008_008683 10.1523 13.00 145.00 98.48 227.54 11 91
2008_008683 10.0971 32.16 133.50 244.38 207.00 9 92
2008_008684 10.1589 227.21 188.28 353.64 265.90 34 88
2008_008684 10.1382 217.73 175.47 285.00 244.84 335 90
2008_008684 10.0581 264.96 160.28 358.84 239.11 29 88
2008_008705 10.1691 257.00 125.00 495.11 307.66 42 87
2008_008705 10.1654 243.38 131.96 433.00 296.00 337 91
2008_008705 10.1621 91.14 160.39 180.00 253.56 345 87
2008_008705 10.0644 235.49 115.51 476.84 282.79 0 88
2009_000032 -0.1658 70.00 83.00 344.00 279.00 21 94
2009_000035 -0.1530 173.00 273.00 258.00 334.00 14 92
2009_000060 10.1724 102.13 51.34 455.18 288.09 340 90
2009_000089 10.1874 207.38 66.21 472.00 303.00 0 88
2009_000089 10.0748 78.30 29.34 469.75 290.97 12 88
2009_000097 10.1803 251.32 125.85 434.41 233.47 336 88
2009_000097 10.1689 169.29 91.75 440.90 232.64 23 89
2009_000121 10.1537 153.36 375.00 285.66 452.81 329 89
2009_000121 10.1510 168.82 348.77 281.02 421.59 17 90
2009_000124 -0.1505 61.00 83.00 334.00 278.00 42 82
2009_000199 10.1732 135.81 115.00 439.03 307.67 335 88
2009_000199 10.0707 104.10 115.39 460.59 289.35 334 93
2009_000199 0.1602 69.00 16.00 435.00 278.00 1 89
2009_000219 -0.1605 153.00 14.00 358.00 159.00 29 88
2009_000283 10.1481 118.81 195.65 261.00 340.71 348 90
2009_000335 10.1665 105.81 41.68 395.86 280.00 33 90
2009_000366 -0.1535 132.00 51.00 405.00 246.00 31 90
2009_000398 -0.1577 87.00 214.00 359.00 407.00 14 91
2009_000426 10.1753 98.96 95.15 257.80 282.00 330 90
2009_000426 10.1599 284.00 107.76 469.24 255.00 324 89
2009_000426 10.1016 179.42 64.08 425.52 241.85 349 88
2009_000455 10.1663 221.68 139.96 369.60 296.93 0 88
2009_000455 10.0647 217.89 121.78 354.18 284.37 329 93
2009_000457 10.1663 326.84 127.38 441.00 215.28 339 89
2009_000519 10.1690 270.92 183.44 426.39 285.07 329 93
2009_000519 10.1614 141.45 189.39 252.75 265.65 0 88
2009_000519 10.1574 250.90 177.71 406.23 290.88 17 92
2009_000545 10.1204 62.43 199.48 84.43 237.68 21 94
2009_000545 10.1014 405.91 202.38 491.86 237.11 0 88
2009_000558 10.1757 96.00 150.70 332.01 322.26 29 86
2009_000558 10.1495 60.95 202.00 341.98 423.12 31 90
2009_000558 10.0647 13.96 80.82 368.91 436.48 336 89
2009_000568 10.1726 59.70 59.27 331.07 261.38 335 87
2009_000608 -0.1590 148.00 84.00 421.00 278.00 329 93
2009_000648 10.1769 131.10 105.77 359.00 249.41 20 93
2009_000648 10.1240 214.00 85.32 386.81 238.87 19 90
2009_000702 0.1505 8.00 43.00 373.00 304.00 329 89
2009_000760 0.1566 77.00 34.00 443.00 295.00 21 94
2009_000829 10.1308 235.64 241.25 283.47 276.43 337 91
2009_000862 0.1502 168.00 118.00 372.00 263.00 11 91
2009_000879 0.1516 132.00 51.00 405.00 246.00 318 90
2009_000886 10.1725 138.43 112.59 438.24 274.94 329 89
2009_000886 10.0622 99.30 106.78 388.66 248.18 333 90
2009_000960 10.1513 94.00 57.62 455.86 271.44 339 89
2009_000960 0.1513 94.00 51.00 462.00 313.00 339 89
2009_001044 10.1824 119.22 110.62 416.00 314.40 16 89
2009_001044 10.1570 331.00 129.00 456.71 236.30 332 89
2009_001044 10.0706 85.51 101.53 486.29 288.09 14 92
2009_001082 10.1698 85.00 115.77 323.33 355.52 11 91
2009_001082 10.1392 141.50 275.29 381.00 511.51 21 85
2009_001083 10.1529 53.97 93.00 345.00 279.13 38 107
2009_001083 10.0612 49.13 63.82 338.47 280.98 25 89
2009_001113 10.2001 102.00 60.79 410.62 290.00 25 88
2009_001148 10.1740 51.65 44.92 465.00 339.08 337 91
2009_001259 0.1604 180.00 61.00 454.00 256.00 337 91
2009_001259 0.1602 241.00 69.00 444.00 215.00 330 99
2009_001309 -0.1507 87.00 182.00 199.00 262.00 25 90
2009_001321 -0.1631 143.00 206.00 256.00 287.00 19 88
2009_001321 -0.1520 36.00 201.00 187.00 309.00 340 90
2009_001326 10.1865 99.49 91.04 467.31 324.28 337 91
2009_001333 0.1556 95.00 4.00 460.00 265.00 0 88
2009_001363 -0.1664 137.00 142.00 341.00 287.00 29 88
2009_001366 10.1830 29.00 63.69 446.00 339.31 36 89
2009_001633 10.1410 57.70 77.00 364.64 292.89 14 90
2009_001633 10.0607 9.97 0.00 354.89 467.79 14 91
2009_001645 -0.1509 19.00 57.00 171.00 165.00 29 88
2009_001675 10.1815 182.01 76.65 486.40 304.09 25 89
2009_001675 10.1049 64.51 52.71 250.00 295.00 12 92
2009_001707 10.1588 153.00 67.08 408.00 241.00 334 89
2009_001707 10.1199 104.63 37.35 448.30 323.68 340 90
2009_001752 10.1612 100.46 85.53 349.00 237.23 338 88
2009_001780 0.1520 39.00 70.00 403.00 329.00 342 90
2009_001804 10.1659 68.00 108.39 455.27 318.39 0 88
2009_001811 10.1640 154.00 136.33 404.80 289.39 339 90
2009_001811 10.1398 160.48 118.54 397.38 267.25 11 91
2009_001816 10.1739 52.51 75.48 442.28 315.87 13 90
2009_001820 10.1538 325.41 47.15 509.00 134.44 331 90
2009_001822 10.1787 112.17 123.65 386.88 351.14 329 89
2009_001822 10.0646 20.38 14.21 350.29 328.42 331 90
2009_001822 0.1775 37.00 24.00 406.00 288.00 21 86
2009_001854 10.1743 93.00 143.78 366.00 309.22 0 88
2009_001854 10.1441 139.00 45.22 340.12 190.00 354 90
2009_001949 -0.1590 165.00 193.00 250.00 254.00 337 91
2009_001949 -0.1588 71.00 148.00 343.00 343.00 320 88
2009_001967 10.1761 181.00 141.90 432.61 319.22 331 90
2009_001967 10.1694 108.26 64.00 291.78 223.00 14 90
2009_001967 10.1612 43.39 161.00 217.51 303.72 331 90
2009_001967 10.0726 34.53 37.52 434.31 300.09 330 92
2009_002024 -0.1652 11.00 76.00 286.00 273.00 7 88
2009_002128 10.1577 98.16 191.08 354.15 387.57 30 89
2009_002194 0.1503 70.00 35.00 433.00 295.00 322 86
2009_002238 10.0739 6.08 4.78 434.30 407.00 11 89
2009_002265 0.1518 87.00 93.00 359.00 288.00 343 88
2009_002286 0.1505 38.00 68.00 310.00 262.00 341 90
2009_002286 0.1521 200.00 111.00 402.00 255.00 329 93
2009_002398 10.1716 197.37 85.41 493.61 328.00 322 86
2009_002398 10.1589 56.00 110.00 263.60 306.00 11 91
2009_002398 10.0698 70.94 0.35 472.29 335.35 329 92
2009_002414 0.1522 141.00 125.00 415.00 321.00 23 89
2009_002436 10.1724 203.08 117.20 426.13 291.03 14 90
2009_002436 10.1630 224.00 18.41 427.00 152.00 335 88
2009_002436 10.1563 70.88 164.77 224.27 284.41 339 89
2009_002436 10.1509 157.00 58.44 280.24 163.17 345 87
2009_002436 10.1348 34.72 48.38 270.78 222.00 352 89
2009_002441 10.1698 140.65 121.92 309.84 293.94 331 90
2009_002441 10.1098 106.50 127.00 205.00 289.39 42 89
2009_002457 10.1928 73.80 60.00 381.19 306.00 329 90
2009_002512 10.1766 193.04 141.00 369.80 331.36 339 89
2009_002512 0.1552 86.00 4.00 452.00 265.00 322 86
2009_002517 10.1518 76.21 69.91 434.00 310.20 24 90
2009_002532 10.1882 77.04 134.43 384.17 338.17 22 93
2009_002532 10.0651 62.03 114.01 364.66 315.64 340 89
2009_002535 10.1911 185.00 85.83 397.29 251.00 338 91
2009_002535 10.1752 129.00 142.00 374.21 304.97 347 91
2009_002535 10.1069 91.78 77.63 382.90 285.07 17 88
2009_002566 10.1571 129.00 100.00 341.97 291.22 349 90
2009_002566 10.0931 122.62 36.76 475.54 275.20 36 89
2009_002570 10.1716 88.37 110.93 224.39 197.35 31 90
2009_002570 10.1638 366.63 126.51 442.59 193.00 333 98
2009_002570 10.1619 296.04 117.80 367.72 232.11 353 89
2009_002638 0.1522 86.00 91.00 452.00 352.00 329 93
2009_002670 -0.1526 14.00 351.00 127.00 432.00 351 90
2009_002680 -0.1504 381.00 129.00 466.00 190.00 5 92
2009_002727 0.1523 69.00 17.00 434.00 278.00 14 90
2009_002779 0.1542 55.00 33.00 422.00 296.00 318 90
2009_002830 -0.1679 91.00 89.00 243.00 198.00 325 91
2009_002830 -0.1636 203.00 73.00 354.00 181.00 337 91
2009_002876 10.1716 80.82 80.76 448.50 349.27 329 93
2009_002982 0.1542 70.00 52.00 433.00 312.00 26 91
2009_003018 10.1951 87.50 83.00 393.54 298.46 349 89
2009_003018 10.0765 27.87 45.28 495.00 281.92 349 92
2009_003018 0.1837 57.00 35.00 420.00 294.00 11 89
2009_003020 10.1533 151.30 169.52 279.17 279.93 347 89
2009_003212 0.1621 87.00 91.00 451.00 351.00 324 91
2009_003230 10.1467 265.00 29.63 379.60 166.00 14 89
2009_003273 -0.1563 98.00 113.00 250.00 221.00 0 88
2009_003273 -0.1518 25.00 6.00 230.00 152.00 316 87
2009_003276 10.1715 123.36 167.41 349.73 301.71 20 93
2009_003304 10.1748 96.10 65.81 389.11 291.43 0 88
2009_003351 0.1606 85.00 51.00 453.00 313.00 322 86
2009_003406 10.1859 62.07 102.58 301.00 247.97 332 89
2009_003422 10.1773 236.47 38.00 415.00 233.00 21 91
2009_003422 10.1767 73.02 42.00 472.00 335.54 0 88
2009_003491 10.1899 38.05 48.65 351.48 280.00 324 87
2009_003491 10.1676 364.57 101.15 468.08 193.18 329 89
2009_003491 10.0905 449.99 99.48 499.00 141.51 20 93
2009_003566 10.1934 114.46 150.73 432.00 320.41 0 88
2009_003566 10.0742 53.22 138.89 398.25 282.25 336 95
2009_003592 10.1817 44.29 134.90 352.00 320.52 34 88
2009_003592 10.1647 296.00 140.67 475.03 265.88 5 91
2009_003592 10.0840 0.00 103.44 465.12 290.89 40 98
2009_003669 10.1716 141.72 208.00 308.94 334.38 320 88
2009_003669 10.1663 187.00 178.08 323.71 298.82 350 90
2009_003669 10.1475 137.94 169.53 302.05 329.60 0 89
2009_003689 10.1350 276.88 270.66 299.96 305.13 322 86
2009_003703 10.1768 107.67 99.10 481.00 336.34 338 91
2009_003710 10.1791 161.00 53.05 395.06 226.00 334 88
2009_003710 10.1712 75.43 116.00 393.00 324.71 329 89
2009_003710 10.0687 212.00 47.10 379.61 319.65 17 91
2009_003726 -0.1526 82.00 240.00 234.00 349.00 10 90
2009_003758 -0.1568 119.00 100.00 392.00 295.00 339 90
2009_003758 -0.1534 284.00 32.00 435.00 140.00 14 91
2009_003776 -0.1500 373.00 145.00 458.00 206.00 22 90
2009_003781 10.1714 103.86 96.11 405.79 298.64 11 91
2009_003836 -0.1549 70.00 100.00 343.00 295.00 25 88
2009_003916 10.1617 146.03 81.00 430.30 327.48 318 90
2009_003951 10.1673 113.25 94.74 212.00 215.00 348 90
2009_003969 -0.1652 71.00 142.00 343.00 336.00 17 93
2009_003969 -0.1532 88.00 38.00 293.00 184.00 329 93
2009_004021 -0.1507 69.00 145.00 154.00 206.00 11 91
2009_004040 10.1940 67.89 55.30 460.57 337.07 331 90
2009_004052 10.1715 79.09 51.69 447.76 314.10 331 90
2009_004072 10.1634 240.36 50.83 484.25 226.00 0 88
2009_004072 10.1577 130.96 60.34 504.53 363.00 325 92
2009_004124 -0.1519 13.00 61.00 285.00 255.00 16 90
2009_004125 0.1549 64.00 25.00 431.00 287.00 346 89
2009_004163 10.1475 12.57 60.00 206.43 256.00 17 90
2009_004197 10.1762 190.00 215.78 364.50 299.42 341 91
2009_004197 10.0667 63.52 193.67 366.12 284.95 336 88
2009_004255 10.1489 176.42 129.00 294.67 240.00 20 93
2009_004258 10.1888 83.57 69.70 462.39 294.51 7 88
2009_004298 -0.1574 107.00 168.00 259.00 277.00 324 87
2009_004298 -0.1548 248.00 166.00 452.00 311.00 33 93
2009_004324 0.1562 38.00 109.00 311.00 305.00 316 87
2009_004350 10.1623 93.82 154.31 383.00 327.96 339 90
2009_004350 10.0624 78.34 134.55 382.20 314.63 335 88
2009_004402 -0.1698 71.00 45.00 343.00 239.00 337 91
2009_004402 -0.1563 314.00 113.00 466.00 221.00 0 88
2009_004440 10.1567 37.00 86.22 179.49 263.93 11 91
2009_004494 -0.1611 154.00 96.00 306.00 205.00 334 88
2009_004509 -0.1613 258.00 185.00 410.00 293.00 346 91
2009_004509 -0.1590 365.00 261.00 482.00 344.00 26 87
2009_004509 -0.1554 138.00 185.00 245.00 262.00 16 89
2009_004509 -0.1528 253.00 289.00 338.00 350.00 35 89
2009_004509 -0.1502 323.00 113.00 475.00 221.00 347 92
2009_004536 -0.1709 51.00 201.00 203.00 309.00 35 88
2009_004551 0.1586 68.00 68.00 435.00 330.00 348 90
2009_004559 10.1763 174.66 102.76 351.17 296.00 347 89
2009_004559 0.1542 96.00 70.00 459.00 329.00 346 90
2009_004567 10.1712 104.13 148.68 336.69 279.16 0 88
2009_004567 10.1627 275.00 161.49 418.06 263.24 336 89
2009_004567 10.1004 89.51 140.64 396.26 257.56 341 90
2009_004579 -0.1562 22.00 268.00 295.00 463.00 1 88
2009_004590 10.1847 172.48 122.10 422.00 291.08 336 94
2009_004590 10.1540 116.88 69.00 294.00 265.00 338 90
2009_004590 10.1090 122.91 34.15 394.96 282.71 25 92
2009_004670 10.1768 66.88 99.00 362.00 296.51 14 90
2009_004670 10.0968 202.00 83.80 470.99 271.19 22 89
2009_004732 10.1853 103.95 86.69 401.95 310.94 342 90
2009_004732 10.0700 55.36 63.12 399.20 288.93 335 87
2009_004749 10.1483 371.00 90.57 472.38 151.24 14 90
2009_004867 10.1792 92.88 80.67 484.30 344.82 23 89
2009_004917 0.1572 95.00 0.00 460.00 247.00 329 90
2009_004930 -0.1502 26.00 93.00 229.00 239.00 0 88
2009_004947 10.1757 68.12 116.00 378.00 307.60 329 89
2009_004947 10.0964 221.79 93.00 377.93 289.02 17 89
2009_004988 0.1639 38.00 51.00 405.00 313.00 330 99
2009_005060 10.1528 105.39 70.27 484.07 308.64 25 92
2009_005148 -0.1696 16.00 55.00 220.00 200.00 6 92
2009_005150 -0.1542 71.00 367.00 183.00 448.00 357 88
2009_005231 10.1610 125.43 187.44 283.90 251.89 342 88
2009_005231 10.1522 163.48 188.14 277.24 251.57 38 107
2009_005231 10.1053 84.83 177.00 149.54 235.14 22 89
2009_005231 10.0567 85.66 177.78 284.69 237.28 337 91
2009_005260 -0.1530 28.00 234.00 66.00 260.00 316 87
2009_005279 10.1656 225.61 152.97 358.65 303.40 322 86
2009_005279 10.1347 225.77 153.49 355.32 290.26 324 89
2010_000053 -0.1575 84.00 81.00 454.00 344.00 38 87
2010_000099 -0.1562 32.00 358.00 78.00 392.00 14 91
2010_000099 -0.1560 416.00 223.00 463.00 256.00 29 88
2010_000099 -0.1546 390.00 226.00 473.00 285.00 44 87
2010_000099 -0.1537 54.00 42.00 137.00 101.00 35 88
2010_000099 -0.1535 102.00 66.00 185.00 125.00 344 89
2010_000099 -0.1523 16.00 115.00 95.00 172.00 11 85
2010_000099 -0.1520 22.00 71.00 135.00 151.00 26 91
2010_000197 -0.1546 120.00 62.00 323.00 207.00 332 92
2010_000197 -0.1516 17.00 142.00 219.00 287.00 16 89
2010_000211 -0.1569 141.00 49.00 226.00 110.00 327 87
2010_000211 -0.1562 118.00 60.00 393.00 256.00 325 92
2010_000376 10.1949 112.49 103.34 396.86 298.38 346 91
2010_000376 10.0656 36.31 91.87 398.49 274.04 17 88
2010_000399 -0.1586 293.00 129.00 378.00 190.00 340 90
2010_000399 -0.1578 311.00 151.00 424.00 232.00 13 90
2010_000399 -0.1553 212.00 129.00 251.00 157.00 335 90
2010_000399 -0.1549 237.00 89.00 322.00 150.00 7 87
2010_000399 -0.1539 103.00 143.00 215.00 223.00 36 89
2010_000399 -0.1524 335.00 219.00 415.00 275.00 332 90
2010_000502 0.1554 174.00 116.00 447.00 311.00 35 89
2010_000524 10.1799 144.45 95.26 408.33 312.18 345 90
2010_000524 10.0639 68.02 54.42 399.43 287.07 322 86
2010_000547 -0.1512 36.00 104.00 187.00 212.00 34 89
2010_000573 10.1875 215.00 88.84 456.53 265.00 338 91
2010_000573 10.1622 169.73 130.62 298.00 258.00 338 91
2010_000573 10.1595 234.00 183.00 462.29 358.59 0 91
2010_000573 10.1543 116.48 183.00 270.00 347.75 342 90
2010_000573 10.1126 100.12 57.96 438.30 350.54 7 87
2010_000603 10.1683 128.62 82.00 401.93 319.75 338 91
2010_000603 10.0616 216.00 34.30 411.85 311.28 332 87
2010_000682 10.1749 112.73 50.22 337.71 232.09 27 90
2010_000682 10.0798 91.76 23.40 332.06 221.15 44 87
2010_000692 -0.1640 44.00 93.00 318.00 288.00 14 93
2010_000692 -0.1583 258.00 110.00 461.00 256.00 29 89
2010_000692 -0.1521 302.00 246.00 416.00 327.00 20 88
2010_000722 0.1542 56.00 73.00 421.00 334.00 20 88
2010_000722 0.1585 191.00 45.00 463.00 239.00 328 92
2010_000724 -0.1570 111.00 287.00 224.00 367.00 12 91
2010_000726 10.1662 57.00 264.05 298.05 423.59 340 90
2010_000726 10.1660 140.56 85.47 410.90 393.00 1 88
2010_000797 10.1649 140.60 183.22 264.67 236.90 345 88
2010_000797 10.1516 379.37 178.54 469.00 231.85 334 88
2010_000797 10.0657 58.79 161.88 255.33 227.40 12 91
2010_000865 0.1563 94.00 68.00 461.00 330.00 335 91
2010_000865 0.1560 103.00 77.00 376.00 272.00 341 88
2010_000941 0.1548 22.00 110.00 295.00 304.00 339 90
2010_000947 10.1692 72.00 153.84 305.28 307.77 344 89
2010_000947 10.1602 272.00 156.70 455.13 256.00 30 90
2010_000947 10.1100 287.15 76.89 438.00 301.36 334 88
2010_001104 -0.1540 222.00 266.00 305.00 325.00 341 91
2010_001104 -0.1514 35.00 257.00 187.00 365.00 344 90
2010_001163 -0.1613 142.00 67.00 415.00 262.00 336 89
2010_001204 10.1509 13.26 142.66 135.49 291.60 331 90
2010_001204 10.1198 71.00 273.88 133.90 347.99 36 89
2010_001206 10.1535 109.02 99.99 387.12 268.72 17 90
2010_001257 -0.1585 190.00 30.00 303.00 111.00 11 89
2010_001257 -0.1514 16.00 31.00 219.00 176.00 328 88
2010_001327 -0.1645 226.00 96.00 378.00 205.00 339 88
2010_001327 -0.1573 87.00 43.00 451.00 303.00 347 89
2010_001333 -0.1525 165.00 6.00 437.00 200.00 344 88
2010_001364 10.1667 374.46 145.00 479.96 254.00 21 91
2010_001364 10.1649 40.00 80.12 258.84 241.21 324 87
2010_001364 10.1611 186.50 85.98 332.89 306.00 331 90
2010_001364 10.1417 56.29 164.03 279.67 311.60 338 90
2010_001364 10.0595 0.00 66.91 282.35 361.00 0 88
2010_001403 10.1574 109.60 104.19 311.43 330.01 329 90
2010_001405 10.1541 251.71 125.57 444.61 280.12 335 88
2010_001449 0.1554 8.00 69.00 373.00 330.00 24 91
2010_001453 10.1786 209.64 156.39 385.12 273.62 17 93
2010_001453 10.1754 125.75 83.43 392.85 264.67 25 89
2010_001453 10.0524 254.18 55.73 362.02 250.41 327 87
2010_001502 10.1612 125.05 29.00 463.96 286.44 337 91
2010_001614 -0.1528 22.00 126.00 295.00 321.00 16 89
2010_001640 10.1888 161.45 85.49 390.97 255.33 331 90
2010_001640 10.1619 362.90 114.98 454.20 176.85 10 93
2010_001640 10.0558 254.24 99.47 449.51 239.32 0 88
2010_001646 10.1879 300.35 118.00 474.93 256.48 329 89
2010_001646 10.1780 40.00 132.16 149.68 249.52 333 98
2010_001646 10.1456 275.38 34.05 460.00 265.00 338 89
2010_001771 10.1694 165.36 102.92 370.75 238.20 324 89
2010_001771 10.1047 27.09 85.51 211.00 205.56 23 89
2010_001820 0.1525 132.00 142.00 405.00 337.00 14 91
2010_001868 -0.1511 78.00 110.00 349.00 304.00 336 90
2010_001877 -0.1556 293.00 289.00 378.00 350.00 349 88
2010_001877 -0.1525 109.00 203.00 383.00 399.00 336 90
2010_001892 10.1672 59.00 25.00 247.66 165.74 339 89
2010_001892 10.1592 125.00 28.00 284.48 255.15 335 90
2010_001916 0.1505 48.00 31.00 251.00 176.00 339 90
2010_001918 10.1664 53.83 77.99 244.00 202.63 336 89
2010_001954 10.1738 175.00 52.13 404.54 233.00 0 88
2010_001954 10.1419 149.00 110.00 410.61 223.44 347 92
2010_001992 0.1563 190.00 100.00 463.00 295.00 31 90
2010_001992 0.1511 13.00 52.00 284.00 245.00 25 92
2010_002094 -0.1656 154.00 176.00 306.00 284.00 329 93
2010_002102 10.2030 117.75 60.29 407.28 297.00 342 88
2010_002261 -0.1782 103.00 61.00 375.00 255.00 329 89
2010_002261 -0.1564 391.00 216.00 454.00 261.00 6 87
2010_002261 -0.1562 304.00 209.00 430.00 300.00 346 89
2010_002383 -0.1598 77.00 25.00 162.00 86.00 17 89
2010_002383 -0.1588 309.00 65.00 394.00 126.00 42 87
2010_002383 -0.1585 16.00 169.00 78.00 213.00 0 88
2010_002383 -0.1537 94.00 62.00 208.00 144.00 29 88
2010_002383 -0.1530 39.00 143.00 151.00 223.00 8 88
2010_002383 -0.1501 22.00 109.00 295.00 304.00 26 91
2010_002450 -0.1543 367.00 62.00 480.00 143.00 346 92
2010_002450 -0.1518 174.00 100.00 447.00 294.00 339 89
2010_002484 10.1856 103.00 44.10 425.00 254.02 330 90
2010_002546 10.1626 103.00 106.85 356.91 309.38 337 91
2010_002579 10.1431 68.03 285.18 179.52 348.14 15 91
2010_002579 10.1331 127.57 453.66 218.64 515.56 336 85
2010_002758 10.1844 86.91 74.18 429.32 332.76 11 91
2010_002774 10.1846 88.21 83.26 392.77 306.00 331 90
2010_002774 10.1500 319.00 114.80 474.58 242.66 335 90
2010_002790 0.1611 31.00 52.00 394.00 312.00 347 92
2010_002868 10.1846 25.78 121.07 326.05 346.00 338 90
2010_002868 10.1677 273.06 110.00 360.65 256.00 341 91
2010_002868 10.1513 113.00 42.16 266.92 128.34 332 89
2010_002868 10.1331 324.54 94.24 445.70 183.00 7 87
2010_002868 10.0626 226.69 78.30 482.39 296.36 44 87
2010_002988 10.1681 274.50 176.61 471.18 287.00 324 91
2010_003016 0.1518 77.00 69.00 443.00 330.00 13 89
2010_003040 10.1887 64.89 17.99 413.00 258.67 341 90
2010_003120 0.1577 86.00 3.00 452.00 265.00 29 88
2010_003129 10.1120 51.28 176.49 219.24 275.47 328 88
2010_003147 -0.1548 93.00 44.00 366.00 240.00 0 88
2010_003219 0.1547 21.00 117.00 386.00 378.00 20 93
2010_003470 10.1347 285.70 88.35 477.37 274.78 338 90
2010_003473 -0.1519 129.00 159.00 333.00 304.00 339 90
2010_003495 10.1114 170.12 163.90 282.42 185.89 21 94
2010_003562 10.1831 70.00 82.21 394.00 319.03 325 89
2010_003562 10.0613 203.00 50.66 476.68 287.38 18 89
2010_003562 0.1803 69.00 43.00 434.00 304.00 335 91
2010_003585 10.1555 29.00 50.62 102.12 121.03 323 96
2010_003708 -0.1605 151.00 119.00 264.00 200.00 336 89
2010_003708 -0.1587 389.00 97.00 474.00 158.00 26 91
2010_003708 -0.1585 237.00 113.00 322.00 174.00 346 90
2010_003708 -0.1553 35.00 129.00 187.00 237.00 335 91
2010_003731 10.1397 94.50 90.41 391.93 319.89 326 90
2010_003731 10.0627 30.36 17.85 440.72 323.30 343 89
2010_003744 -0.1539 213.00 217.00 298.00 278.00 327 87
2010_003745 0.1532 85.00 42.00 453.00 305.00 11 91
2010_003772 10.1633 41.83 146.18 339.09 297.20 20 90
2010_003772 10.0642 27.44 137.68 346.86 276.43 30 89
2010_003936 10.1817 85.69 54.43 381.32 280.00 346 91
2010_003936 10.0692 202.20 38.03 413.07 273.06 346 89
2010_004006 -0.1676 86.00 51.00 452.00 313.00 332 87
2010_004139 -0.1653 209.00 31.00 413.00 176.00 16 88
2010_004139 -0.1562 12.00 51.00 285.00 246.00 40 98
2010_004139 -0.1534 359.00 167.00 472.00 248.00 10 93
2010_004263 10.1652 147.34 105.56 398.00 244.31 331 90
2010_004263 10.1488 134.55 123.44 280.00 217.00 16 89
2010_004263 10.1055 279.00 92.54 427.27 212.81 22 89
2010_004313 10.1713 48.33 90.74 318.73 312.00 329 90
2010_004348 -0.1609 68.00 33.00 345.00 231.00 12 91
2010_004488 -0.1581 77.00 225.00 162.00 286.00 340 89
2010_004488 -0.1552 285.00 265.00 370.00 326.00 20 93
2010_004488 -0.1549 387.00 104.00 476.00 167.00 320 87
2010_004554 10.1722 95.00 69.00 466.56 363.64 329 93
2010_004588 10.1794 148.66 116.00 441.00 352.59 0 88
2010_004588 10.1523 226.00 6.00 428.00 151.00 337 91
2010_004627 10.1448 195.00 46.28 357.68 164.95 342 90
2010_004627 10.1375 134.86 81.03 260.00 157.04 14 89
2010_004627 10.1373 136.15 46.33 252.00 140.02 7 88
2010_004627 10.1143 126.90 41.39 311.29 148.52 327 87
2010_004637 10.1471 170.00 90.71 359.86 223.00 34 88
2010_004637 10.0912 127.00 72.40 405.10 189.63 29 88
2010_004735 10.1735 50.38 268.04 275.09 416.24 324 89
2010_004735 10.1310 190.09 254.70 406.75 389.07 339 89
2010_004735 10.0897 6.74 9.95 382.82 490.94 337 91
2010_004747 10.1824 104.47 119.31 342.05 258.85 329 90
2010_004747 10.1553 197.00 97.11 369.07 253.62 11 91
2010_004768 -0.1516 28.00 83.00 301.00 278.00 20 90
2010_004775 0.1590 87.00 26.00 451.00 286.00 25 89
2010_004941 -0.1579 57.00 190.00 260.00 335.00 336 89
2010_005063 10.1814 249.27 153.55 386.67 244.61 346 92
2010_005063 10.1725 103.07 152.95 189.73 243.45 342 88
2010_005063 10.1592 189.18 149.45 406.17 241.43 17 89
2010_005116 0.1565 95.00 34.00 461.00 295.00 335 87
2010_005118 10.1992 74.86 110.63 448.00 355.23 7 88
2010_005123 10.1599 141.43 206.26 241.90 261.03 347 89
2010_005123 10.0584 124.86 193.54 219.73 244.27 333 86
2010_005169 0.1578 65.00 17.00 430.00 277.00 339 91
2010_005252 0.1549 103.00 34.00 470.00 296.00 329 93
2010_005284 10.1678 129.50 67.00 414.58 290.69 335 91
2010_005284 10.0627 79.01 11.12 243.00 275.34 322 95
2010_005483 10.1635 244.01 31.28 492.39 183.91 348 90
2010_005502 10.1573 146.39 148.55 242.18 235.25 25 92
2010_005502 10.1481 129.99 142.64 228.00 232.03 341 91
2010_005502 10.1451 135.63 144.78 232.43 230.26 38 107
2010_005502 10.0622 103.41 137.04 212.71 215.29 38 87
2010_005527 10.1939 145.67 125.71 365.99 274.51 341 89
2010_005527 10.0962 198.25 119.40 344.74 166.00 348 87
2010_005606 10.1619 68.52 144.37 170.25 218.96 35 89
2010_005606 10.1600 63.75 164.16 173.27 233.94 320 87
2010_005606 10.1402 77.58 222.00 172.62 343.73 348 87
2010_005606 10.1258 71.00 197.00 165.97 326.01 337 91
2010_005625 -0.1512 93.00 25.00 178.00 86.00 30 89
2010_005636 10.1751 102.00 49.13 468.44 305.00 21 91
2010_005756 10.1445 49.30 62.00 287.00 257.14 0 88
2010_005756 10.1417 141.00 44.00 455.23 283.36 0 88
2010_005756 10.0580 10.43 34.25 470.42 251.04 21 94
2010_005768 0.1514 78.00 52.00 443.00 313.00 331 90
2010_005827 -0.1573 165.00 65.00 250.00 126.00 38 87
2010_005827 -0.1507 72.00 21.00 275.00 166.00 332 89
2010_005907 0.1576 94.00 12.00 461.00 274.00 14 90
2010_005934 -0.1556 158.00 83.00 431.00 279.00 6 87
2010_006033 -0.1590 132.00 28.00 405.00 223.00 7 91
2011_000007 10.1428 288.00 97.83 500.55 266.79 347 89
2011_000007 10.1213 268.72 330.45 532.15 638.00 40 98
2011_000057 -0.1608 30.00 17.00 395.00 278.00 329 90
2011_000090 10.1751 191.55 118.92 495.32 325.93 24 90
2011_000090 10.1712 24.90 125.00 269.00 314.02 352 98
2011_000090 10.0661 33.21 110.28 474.04 309.44 0 88
2011_000109 -0.1508 91.00 32.00 243.00 140.00 339 90
2011_000112 -0.1537 94.00 16.00 461.00 278.00 324 87
2011_000178 10.1825 153.28 97.65 466.23 318.05 342 90
2011_000178 10.0897 10.67 52.46 277.00 374.00 345 91
2011_000239 10.1794 125.54 108.40 366.00 292.09 23 89
2011_000239 10.1439 214.00 84.17 384.07 271.00 30 90
2011_000239 10.1113 101.13 76.35 426.00 299.01 9 92
2011_000248 10.1608 275.00 145.00 451.98 277.23 332 92
2011_000248 10.1596 39.00 69.00 214.74 264.08 29 88
2011_000291 -0.1718 141.00 83.00 415.00 279.00 318 90
2011_000310 -0.1505 269.00 161.00 354.00 222.00 336 94
2011_000312 10.1728 275.49 71.91 491.58 195.79 322 86
2011_000312 10.1607 55.23 60.23 213.35 185.93 344 89
2011_000312 10.1504 51.01 73.75 306.03 184.25 31 90
2011_000369 10.1629 288.51 129.70 459.32 218.41 23 90
2011_000369 10.1546 286.54 130.83 460.11 216.52 34 93
2011_000456 -0.1560 358.00 213.00 473.00 296.00 349 89
2011_000456 -0.1502 286.00 46.00 400.00 127.00 20 93
2011_000521 0.1537 109.00 6.00 382.00 201.00 14 89
2011_000541 10.1718 119.00 85.37 431.73 271.09 330 90
2011_000559 10.1827 109.58 101.90 420.00 301.59 332 87
2011_000569 10.1722 153.44 130.43 398.00 317.56 0 88
2011_000600 10.1585 63.05 75.78 153.25 190.88 335 88
2011_000767 10.1661 83.06 293.03 338.07 497.00 10 93
2011_000830 10.1702 33.11 166.33 342.31 329.00 42 82
2011_000888 10.1838 53.58 67.87 429.79 315.04 344 89
2011_000901 10.1822 103.84 47.27 347.07 241.00 346 91
2011_000901 10.0640 51.83 6.39 268.00 271.96 15 90
2011_000909 -0.1551 258.00 184.00 411.00 294.00 32 93
2011_000969 10.0595 196.00 151.29 453.95 272.93 328 90
2011_000977 0.1544 39.00 52.00 404.00 312.00 14 91
2011_000986 -0.1543 295.00 111.00 408.00 191.00 350 89
2011_001064 10.1831 120.60 141.27 400.00 310.61 336 89
2011_001064 10.0737 200.00 130.22 475.40 292.65 331 90
2011_001084 -0.1548 141.00 113.00 226.00 174.00 334 88
2011_001084 -0.1531 45.00 161.00 130.00 222.00 2 92
2011_001105 10.1751 74.26 39.45 338.10 221.02 12 91
2011_001105 10.1484 290.00 73.82 399.40 196.81 17 89
2011_001110 10.1692 312.18 143.97 419.84 244.62 19 88
2011_001110 10.1643 325.85 153.34 417.78 186.60 23 90
2011_001146 10.1853 93.65 44.93 451.98 320.47 33 90
2011_001160 -0.1611 15.00 6.00 221.00 153.00 340 90
2011_001311 10.1669 155.59 62.00 236.87 121.32 34 88
2011_001319 -0.1521 271.00 174.00 383.00 254.00 328 88
2011_001319 -0.1521 277.00 249.00 362.00 310.00 19 89
2011_001319 -0.1506 128.00 254.00 223.00 321.00 333 89
2011_001335 10.1644 282.47 111.00 468.00 253.68 23 89
2011_001341 10.1732 81.00 111.36 331.12 306.00 336 89
2011_001341 10.1653 195.66 38.00 430.06 234.00 22 90
2011_001341 10.1048 59.94 4.96 423.14 306.85 342 90
2011_001355 10.1846 159.09 71.22 432.13 350.24 21 91
2011_001360 -0.1515 192.00 105.00 254.00 149.00 335 86
2011_001441 -0.1685 76.00 33.00 444.00 296.00 335 90
2011_001719 -0.1655 38.00 100.00 311.00 294.00 329 89
2011_001747 10.1856 149.70 76.62 451.21 309.31 336 93
2011_001870 10.1759 28.00 202.73 333.43 339.91 24 90
2011_001870 10.1670 96.56 280.00 288.21 432.13 350 90
2011_001870 10.0685 59.18 0.00 310.00 436.30 14 90
2011_001900 0.1543 77.00 99.00 444.00 361.00 27 90
2011_001900 0.1575 86.00 93.00 360.00 289.00 331 90
2011_001927 10.1444 177.18 184.79 362.47 257.55 347 89
2011_002079 10.1675 54.00 126.00 373.75 369.15 42 82
2011_002215 10.1622 251.77 58.40 468.99 246.00 344 88
2011_002215 10.0639 273.48 17.87 498.00 373.00 42 82
2011_002221 -0.1615 166.00 246.00 279.00 327.00 7 91
2011_002223 -0.1547 110.00 12.00 382.00 207.00 335 88
2011_002247 10.1721 69.00 59.43 381.99 272.44 12 91
2011_002247 10.0609 228.06 3.48 429.26 251.58 7 88
2011_002324 10.1140 163.20 27.10 355.36 266.00 21 85
2011_002325 -0.1583 71.00 278.00 183.00 359.00 336 85
2011_002325 -0.1577 160.00 433.00 222.00 477.00 336 95
2011_002325 -0.1575 107.00 402.00 212.00 477.00 348 90
2011_002325 -0.1561 145.00 304.00 300.00 415.00 8 91
2011_002325 -0.1559 157.00 89.00 242.00 150.00 333 98
2011_002325 -0.1522 2.00 76.00 76.00 130.00 346 89
2011_002325 -0.1505 29.00 204.00 301.00 398.00 316 87
2011_002327 10.1458 58.50 256.45 142.05 336.96 338 88
2011_002330 10.1920 96.48 74.84 408.88 268.19 14 90
2011_002384 10.1574 247.13 159.30 409.67 264.07 34 88
2011_002575 0.1561 85.00 12.00 453.00 274.00 31 90
2011_002629 10.1904 67.00 48.02 470.74 329.74 12 91
2011_002687 10.1811 129.52 287.14 386.04 473.00 343 90
2011_002687 10.1642 202.14 193.34 454.00 362.00 22 90
2011_002687 10.1449 124.34 186.52 437.10 355.00 337 91
2011_002751 -0.1551 85.00 42.00 453.00 305.00 0 88
2011_002925 10.1419 129.69 249.54 220.55 311.00 349 90
2011_002925 10.0522 78.39 249.44 233.77 347.13 345 90
2011_003086 10.1613 138.48 263.00 306.10 457.41 11 91
2011_003089 10.1777 61.98 164.00 361.00 408.27 339 89
2011_003089 10.0664 33.03 2.15 365.48 464.78 334 88
2011_003114 10.1831 144.00 86.60 388.51 272.00 14 91
