2008_000021 10.1109 120.00 149.39 344.29 284.56 281 36
2008_000064 10.0565 69.33 247.00 352.94 433.20 282 70
2008_000804 10.0858 221.19 158.48 483.00 291.72 249 86
2008_000804 10.0716 320.92 223.00 481.93 292.62 304 86
2008_000804 10.0520 146.55 88.16 484.15 304.24 263 87
2008_000805 10.0719 159.42 209.00 397.68 291.29 246 94
2008_001380 10.1288 186.04 38.42 430.91 130.53 244 105
2008_001468 10.0517 0.00 141.00 385.26 343.34 229 93
2008_001546 10.1256 52.00 101.17 475.00 218.89 71 76
2008_001774 10.0514 218.30 173.13 259.50 201.20 226 72
2008_001805 10.0971 43.00 126.76 463.66 276.00 64 104
2008_001971 10.1018 172.00 150.19 352.08 202.17 61 85
2008_001971 10.0826 129.10 122.19 394.61 192.77 294 84
2008_001985 10.0745 183.71 101.34 223.88 127.12 265 92
2008_002046 10.0770 80.27 138.00 306.81 223.37 254 64
2008_002138 10.1178 65.00 112.22 463.73 244.03 277 99
2008_002151 10.1063 105.27 107.21 470.23 241.00 288 95
2008_002358 10.0715 243.85 147.17 445.00 233.43 232 92
2008_002358 10.0670 71.28 76.47 487.74 220.94 254 92
2008_002673 10.1029 54.97 137.14 409.15 256.16 287 80
2008_002773 10.1106 150.21 92.32 229.62 154.40 312 69
2008_003155 10.0824 66.00 112.65 477.08 258.00 232 92
2008_003189 10.0742 94.02 132.06 447.00 306.00 269 87
2008_003369 10.1252 82.00 88.96 501.39 255.14 304 78
2008_003423 10.0755 161.27 126.03 403.37 286.00 312 66
2008_003475 10.1044 108.35 124.66 285.86 166.47 246 64
2008_003475 10.0930 26.96 96.78 142.69 120.75 244 86
2008_003475 10.0839 116.04 124.73 284.97 159.56 282 116
2008_003673 10.1244 38.59 99.70 457.00 214.09 312 69
2008_003743 10.0573 71.09 155.07 486.03 297.34 308 99
2008_004030 10.0601 310.95 209.08 387.31 271.63 292 83
2008_004030 10.0601 206.66 195.87 284.01 259.84 292 83
2008_004190 10.0985 191.97 141.20 257.96 188.18 280 67
2008_004348 10.0989 32.25 106.61 448.00 230.52 292 81
2008_004406 10.0835 93.00 83.64 513.00 255.61 277 97
2008_004605 10.1120 80.26 98.65 468.30 239.67 229 90
2008_004630 10.0837 146.73 105.52 435.25 291.35 245 88
2008_004726 10.1019 162.00 124.76 461.85 231.44 112 113
2008_004726 10.0605 109.82 105.13 285.00 183.06 239 90
2008_004726 10.0520 110.03 106.49 471.05 216.64 274 80
2008_004730 10.0954 188.44 363.49 293.79 398.34 254 91
2008_004771 10.1450 45.00 86.63 293.84 182.65 254 91
2008_004771 10.0807 29.37 75.08 274.98 165.38 226 72
2008_004885 10.0871 62.50 92.24 322.33 232.10 254 82
2008_004935 10.0604 236.41 143.90 287.10 162.52 281 36
2008_004935 10.0596 60.68 268.66 101.76 291.54 301 79
2008_005114 10.1262 61.57 139.25 437.00 324.65 89 84
2008_005338 10.0708 104.19 165.00 487.19 344.53 279 89
2008_005373 10.0833 19.00 114.78 347.00 253.81 287 91
2008_005373 10.0806 91.00 117.00 444.05 252.72 303 74
2008_005455 10.1535 59.76 105.86 476.00 219.87 243 68
2008_005538 10.0606 154.87 45.52 410.75 212.00 226 89
2008_005611 10.0710 5.69 142.63 213.58 247.50 253 59
2008_005631 10.0906 84.99 149.05 342.91 214.69 261 68
2008_005631 10.0518 75.28 133.75 325.91 201.66 263 94
2008_005685 10.0582 33.49 90.00 357.31 307.00 295 68
2008_005686 10.0826 102.18 115.04 125.56 137.96 254 82
2008_005889 10.0925 108.83 108.77 478.32 260.37 302 93
2008_005907 10.1047 77.74 156.52 459.56 278.34 306 96
2008_006200 10.1051 26.98 120.85 377.64 250.52 244 69
2008_006269 10.1058 109.43 156.21 319.41 230.03 226 72
2008_006269 10.0925 97.00 260.10 231.69 334.53 244 69
2008_006269 10.0563 53.08 247.23 231.51 322.11 227 89
2008_006394 10.0948 74.00 125.38 469.57 251.06 228 57
2008_006394 10.0566 162.86 187.00 394.83 228.38 280 67
2008_006548 10.1222 90.00 167.23 414.21 243.90 304 78
2008_006548 10.0687 3.87 130.34 410.56 240.04 267 86
2008_006621 10.1635 36.05 115.00 451.00 235.79 254 91
2008_006703 10.0763 55.46 133.64 337.66 223.12 312 69
2008_006777 10.0965 97.50 153.89 449.86 295.77 296 60
2008_006777 10.0965 32.29 111.41 238.64 282.89 296 60
2008_006896 10.1369 24.00 113.71 451.00 290.97 299 62
2008_006951 10.1179 155.00 120.59 483.90 224.60 101 87
2008_006951 10.0610 131.46 100.16 467.59 204.13 122 52
2008_007096 10.0889 256.00 223.90 419.87 304.71 226 72
2008_007096 10.0746 62.12 167.33 412.00 313.12 350 89
2008_007229 10.0948 100.00 116.55 441.92 233.78 231 79
2008_007241 10.0664 279.86 40.42 422.75 125.00 248 91
2008_007350 10.0770 125.27 148.98 447.00 257.04 118 90
2008_007409 10.0586 185.73 129.17 280.05 208.28 301 89
2008_007480 10.0826 33.00 105.72 459.00 259.00 240 91
2008_007618 10.0792 81.98 105.83 461.35 222.55 226 72
2008_007738 10.0849 128.01 151.51 389.11 252.82 251 86
2008_007764 10.0975 146.97 118.27 373.64 214.43 288 95
2008_007764 10.0644 122.77 113.01 380.50 204.14 228 89
2008_007884 10.0895 130.87 93.75 374.38 178.45 232 92
2008_007970 10.0766 190.00 76.50 463.90 191.40 304 78
2008_007970 10.0562 76.79 46.05 478.41 239.31 282 130
2008_008025 10.0920 84.22 50.44 315.10 141.96 92 76
2008_008044 10.1034 26.27 122.74 298.87 245.27 229 90
2008_008044 10.0829 224.03 139.33 480.00 253.97 286 83
2008_008044 10.0777 0.00 82.45 498.00 255.84 307 83
2008_008053 10.0767 341.39 287.82 369.84 301.46 306 96
2008_008053 10.0655 311.07 329.26 339.21 347.79 281 36
2008_008053 10.0642 70.16 231.03 95.74 246.42 228 89
2008_008053 10.0617 325.58 188.28 353.09 206.25 273 15
2008_008086 10.0787 195.46 257.56 326.01 338.67 244 91
2008_008086 10.0551 191.43 239.22 301.15 327.62 280 67
2008_008130 10.0671 82.00 150.16 481.17 317.98 296 60
2008_008131 10.0901 256.05 41.36 450.31 131.62 273 89
2008_008146 10.0509 242.92 133.68 294.63 164.78 239 90
2008_008254 10.1037 154.00 245.75 471.39 357.30 253 80
2008_008254 10.0580 44.99 230.00 465.25 347.36 239 90
2008_008278 10.0759 33.58 81.00 378.00 241.77 255 89
2008_008359 10.1498 67.00 138.72 442.58 229.25 239 90
2008_008373 10.1283 127.52 127.32 466.00 237.44 228 57
2008_008446 10.0529 269.43 94.73 321.08 185.80 99 97
2008_008467 10.0885 330.32 238.59 435.66 274.10 282 132
2008_008467 10.0876 272.34 196.97 383.52 230.20 228 57
2008_008467 10.0814 211.96 154.08 331.15 191.75 282 136
2008_008467 10.0701 131.96 98.04 232.48 136.58 277 99
2008_008467 10.0661 267.16 194.39 378.17 235.10 244 69
2008_008501 10.0847 272.00 65.00 476.00 156.00 254 91
2008_008501 10.0681 33.85 96.00 262.74 191.31 305 99
2008_008501 10.0546 6.72 15.29 358.98 170.38 244 91
2008_008506 10.0952 78.32 254.89 308.67 332.78 244 105
2008_008519 10.0804 121.41 119.85 475.00 258.82 263 87
2008_008570 10.0952 68.15 123.92 473.00 274.83 280 67
2008_008765 10.1362 168.53 155.29 464.92 255.40 261 68
2008_008765 10.0606 121.75 121.14 451.87 239.82 282 131
2009_000121 10.0697 158.49 334.19 260.86 357.22 282 70
2009_000205 10.0945 20.94 116.53 369.06 216.53 251 83
2009_000260 10.1200 64.00 127.98 490.00 239.66 248 148
2009_000387 10.1046 53.82 148.76 468.05 280.24 104 86
2009_000417 10.1147 78.42 29.25 439.00 174.81 310 66
2009_000440 10.1416 52.00 126.91 472.74 244.57 281 79
2009_000513 10.0830 74.00 140.37 479.71 245.58 271 89
2009_000545 10.0936 127.39 194.56 303.00 247.49 242 92
2009_000545 10.0755 253.00 189.64 365.16 245.89 235 88
2009_000545 10.0739 161.00 159.78 373.33 259.04 312 85
2009_000734 10.1004 75.51 66.33 369.08 235.71 314 99
2009_000734 10.0695 125.55 152.29 431.76 261.88 243 68
2009_000817 10.1476 60.00 111.85 427.92 245.42 80 82
2009_000909 10.0869 156.00 116.69 367.15 242.64 226 72
2009_000909 10.0574 26.48 46.00 300.38 252.69 240 92
2009_001090 10.1504 79.30 118.62 404.00 225.78 254 91
2009_001090 10.0624 51.37 96.47 387.52 206.26 280 67
2009_001332 10.1138 115.23 118.51 505.54 228.59 275 81
2009_001332 10.0764 25.76 87.65 211.95 193.57 244 86
2009_001345 10.0589 31.49 42.53 459.00 228.25 256 73
2009_001366 10.0821 62.00 129.30 222.05 230.12 282 134
2009_001387 10.0939 45.00 67.77 465.00 253.71 314 99
2009_001468 10.0613 118.76 133.56 346.13 282.00 282 116
2009_001501 10.0963 88.73 123.30 467.00 274.43 287 91
2009_001549 10.1166 90.00 136.49 477.51 259.07 97 70
2009_001696 10.0898 44.80 33.49 379.37 139.15 233 81
2009_001713 10.1117 118.00 126.11 437.22 233.04 262 85
2009_001713 10.0589 66.39 95.63 447.13 209.25 263 87
2009_001850 10.1518 84.86 75.54 497.00 181.73 294 71
2009_001851 10.1332 49.00 110.44 453.35 271.96 64 104
2009_001905 10.1003 252.37 165.12 360.93 194.37 281 36
2009_001905 10.0667 237.21 148.85 345.36 179.57 280 67
2009_001929 10.0774 113.61 29.56 459.67 176.55 281 36
2009_001929 10.0684 20.52 153.31 210.68 236.31 301 89
2009_002011 10.0745 109.00 99.00 481.00 265.00 278 57
2009_002047 10.0641 119.89 126.63 429.41 249.76 333 88
2009_002191 10.1351 51.00 129.59 422.60 260.38 254 91
2009_002199 10.1008 196.94 21.29 460.39 109.57 281 36
2009_002211 10.0842 61.00 98.45 483.00 255.94 259 98
2009_002272 10.1159 155.00 107.68 445.37 254.07 227 89
2009_002272 10.0590 23.92 57.70 439.97 238.77 246 86
2009_002320 10.1060 194.25 89.65 369.91 202.09 95 80
2009_002320 10.0696 175.02 82.06 369.52 186.36 244 86
2009_002393 10.0803 218.12 109.30 349.83 142.73 312 66
2009_002393 10.0584 217.55 111.52 336.94 147.50 112 113
2009_002432 10.1463 66.20 114.39 448.05 227.75 80 82
2009_002531 10.1330 195.00 119.87 466.72 178.60 293 79
2009_002531 10.1107 88.62 99.43 295.00 179.40 228 89
2009_002531 10.0535 40.10 88.81 493.66 187.93 311 91
2009_002614 10.1023 218.85 91.69 451.15 207.78 306 96
2009_002614 10.0880 106.00 128.00 430.18 291.77 255 89
2009_002614 10.0631 26.75 73.92 461.45 262.83 244 91
2009_002680 10.0779 95.26 162.84 350.51 244.02 228 87
2009_002752 10.0849 72.40 117.00 456.00 269.91 305 89
2009_002752 10.0717 150.00 50.85 337.25 161.45 302 93
2009_002765 10.0779 129.59 138.80 229.18 211.28 305 62
2009_002765 10.0715 133.32 136.78 230.89 210.56 244 69
2009_002888 10.0996 67.00 163.81 270.00 267.00 301 79
2009_002888 10.0861 77.24 88.96 432.20 218.23 239 90
2009_002888 10.0861 18.69 133.22 274.21 248.00 239 90
2009_002894 10.0720 20.00 158.71 297.95 267.67 282 99
2009_002910 10.1072 92.00 159.08 451.65 227.63 301 79
2009_002941 10.1493 71.00 73.89 500.00 248.88 281 79
2009_002960 10.0763 69.86 95.29 186.25 157.99 229 93
2009_003005 10.1142 84.00 91.27 488.01 241.82 228 57
2009_003010 10.0780 141.98 146.53 334.00 248.36 244 91
2009_003033 10.0767 106.11 129.50 459.51 220.89 258 93
2009_003097 10.0735 209.48 119.70 413.34 180.40 302 93
2009_003097 10.0644 186.55 96.21 401.73 158.51 237 92
2009_003153 10.1108 45.00 110.22 415.00 241.99 102 80
2009_003199 10.0970 146.32 130.93 483.87 276.40 299 62
2009_003278 10.1083 214.93 97.96 457.00 282.05 62 84
2009_003278 10.0685 383.10 231.19 711.59 362.85 312 92
2009_003372 10.0853 92.00 105.05 513.00 239.86 263 94
2009_003456 10.1122 66.00 91.10 487.00 245.02 228 57
2009_003571 10.0873 114.90 148.99 434.00 219.31 273 92
2009_003571 10.0555 12.98 96.27 498.00 212.84 244 57
2009_003635 10.1133 69.60 94.05 483.04 259.62 98 78
2009_003696 10.0983 92.99 89.66 502.84 242.32 304 78
2009_003704 10.1112 58.74 121.01 349.31 250.68 307 83
2009_003805 10.0720 119.45 175.47 409.25 242.76 244 69
2009_003806 10.1127 72.03 96.82 489.00 228.20 287 91
2009_003947 10.1197 85.62 122.10 506.00 244.57 64 104
2009_003950 10.1325 82.00 117.24 483.46 242.72 314 90
2009_004075 10.0508 89.10 95.37 499.00 295.00 240 92
2009_004108 10.0842 60.58 123.32 447.00 231.23 270 93
2009_004203 10.1397 80.26 121.20 470.66 228.27 277 99
2009_004329 10.0828 119.50 130.44 369.00 244.02 234 73
2009_004414 10.0919 290.15 97.00 470.00 219.00 271 89
2009_004414 10.0837 25.00 111.21 210.27 212.00 311 86
2009_004414 10.0533 39.76 93.22 498.00 233.35 314 81
2009_004535 10.1325 52.00 174.32 435.16 269.54 254 91
2009_004548 10.0809 69.47 144.60 466.08 260.45 251 86
2009_004601 10.0782 21.00 154.95 252.62 242.70 275 81
2009_004653 10.1070 16.15 166.31 143.28 207.90 92 90
2009_004812 10.1027 76.41 130.55 495.00 251.85 312 69
2009_004917 10.0773 72.04 189.41 336.00 268.94 307 84
2009_004917 10.0516 8.19 72.90 466.31 264.64 266 58
2009_004969 10.0820 141.37 136.30 431.25 252.94 255 89
2009_005036 10.0968 134.01 178.52 469.11 284.48 282 116
2009_005103 10.0798 86.41 41.63 216.81 106.65 233 81
2009_005111 10.1551 61.30 103.04 474.17 240.85 244 69
2009_005152 10.0568 234.62 100.62 283.11 126.52 280 67
2009_005189 10.1258 179.00 109.86 449.50 231.20 261 68
2009_005189 10.1021 89.08 123.90 288.00 231.92 281 79
2009_005189 10.0612 30.33 103.59 458.77 205.91 306 85
2009_005210 10.1455 58.35 110.48 473.00 229.27 244 100
2009_005210 10.0691 738.01 140.84 829.82 223.42 281 36
2009_005215 10.0822 132.00 96.74 449.92 211.55 232 92
2009_005232 10.0759 94.54 174.57 463.33 322.19 288 95
2009_005232 10.0503 17.00 57.10 471.24 184.57 229 93
2010_000211 10.0739 125.95 61.63 270.00 151.17 272 91
2010_000238 10.0798 251.31 48.00 447.00 249.65 299 67
2010_000295 10.0889 159.72 141.87 342.30 235.06 267 89
2010_000295 10.0625 144.41 123.95 325.34 212.56 228 123
2010_000308 10.0834 24.00 200.00 281.00 310.86 233 81
2010_000308 10.0817 171.00 91.22 465.66 251.41 282 116
2010_000308 10.0592 23.00 130.00 412.18 290.28 271 94
2010_000418 10.1045 166.20 105.32 455.13 242.66 304 78
2010_000418 10.0610 68.68 101.57 498.00 215.77 281 36
2010_000541 10.0674 40.63 134.72 425.54 273.39 281 36
2010_000541 10.0674 260.73 161.21 418.67 258.64 281 36
2010_000572 10.1104 75.00 168.08 474.56 259.23 239 90
2010_000802 10.0866 277.47 156.00 461.92 259.58 312 66
2010_000802 10.0686 248.90 133.39 456.97 239.65 228 57
2010_000981 10.0946 147.79 126.31 446.75 262.33 123 94
2010_000981 10.0564 50.54 105.63 467.51 248.70 84 83
2010_001017 10.0580 119.58 177.34 332.09 322.19 238 173
2010_001024 10.0704 252.39 129.90 488.00 252.00 232 92
2010_001174 10.1335 84.00 112.97 449.76 262.82 228 57
2010_001294 10.1105 86.62 86.87 451.78 238.96 282 92
2010_001426 10.0917 160.00 75.55 408.90 188.64 228 57
2010_001426 10.0677 38.00 38.70 480.46 217.71 98 78
2010_001448 10.1101 258.93 121.35 473.21 201.41 228 57
2010_001448 10.0670 111.98 78.60 429.91 231.22 282 131
2010_001505 10.0945 61.53 59.61 267.92 161.41 281 36
2010_001505 10.0651 123.43 168.00 372.95 324.26 233 87
2010_001652 10.1314 114.53 92.64 473.00 221.76 312 66
2010_001836 10.0650 258.51 161.14 370.40 197.93 228 93
2010_001950 10.1459 73.00 104.00 460.82 226.23 254 91
2010_002019 10.1267 47.32 127.54 465.00 250.16 238 173
2010_002147 10.1127 34.00 83.01 428.74 237.75 244 69
2010_002200 10.1258 96.09 128.98 435.43 231.20 226 72
2010_002229 10.0672 163.73 29.49 203.99 62.81 302 93
2010_002289 10.0876 79.81 144.42 364.01 233.00 273 92
2010_002310 10.1080 168.82 184.20 470.96 283.56 287 80
2010_002310 10.0704 57.00 149.02 250.92 209.18 107 90
2010_002310 10.0585 60.03 147.03 455.47 274.40 288 72
2010_002357 10.0653 91.00 120.31 497.16 219.87 107 97
2010_002542 10.1233 62.00 120.56 476.06 225.09 71 92
2010_002579 10.0856 107.84 169.66 279.39 251.42 249 86
2010_002638 10.0792 76.45 182.41 237.08 284.92 237 92
2010_002638 10.0777 48.27 100.72 391.88 230.82 251 83
2010_002638 10.0589 26.39 105.00 296.45 253.11 282 99
2010_002954 10.0917 110.05 112.47 435.87 211.52 269 90
2010_003051 10.0917 96.55 162.60 513.00 247.77 267 89
2010_003051 10.0674 190.17 221.32 336.00 278.97 276 63
2010_003054 10.0907 184.05 69.29 339.28 138.36 281 36
2010_003127 10.0996 29.34 153.94 247.82 219.72 260 89
2010_003127 10.0887 89.93 170.61 252.41 223.77 261 68
2010_003132 10.0622 12.65 84.55 495.69 290.70 309 95
2010_003279 10.0839 43.00 75.55 466.00 197.86 275 92
2010_003458 10.0907 78.78 79.09 461.09 231.66 228 57
2010_003495 10.1588 84.51 81.77 437.22 250.19 261 68
2010_003496 10.0730 84.74 106.54 215.00 188.30 101 82
2010_003559 10.0838 239.26 160.90 481.06 283.57 254 91
2010_003559 10.0636 39.02 148.53 470.16 269.67 244 86
2010_003610 10.0940 59.00 101.56 491.97 140.75 306 96
2010_003610 10.0940 280.34 62.35 457.51 209.38 306 96
2010_003655 10.0542 24.00 16.01 499.00 183.00 276 94
2010_003716 10.0932 184.00 116.16 478.93 242.24 263 82
2010_003716 10.0610 33.14 92.14 498.00 231.81 293 79
2010_003723 10.0712 58.14 51.01 472.93 235.46 291 85
2010_003801 10.0597 90.00 152.00 495.69 293.69 250 90
2010_003915 10.0547 235.46 139.81 335.84 306.84 8 92
2010_003933 10.0814 67.68 115.76 363.00 268.28 233 87
2010_003933 10.0794 205.00 143.20 481.00 252.00 277 144
2010_004010 10.0928 111.49 168.00 431.13 303.57 228 57
2010_004184 10.1072 225.14 103.90 457.69 189.21 92 90
2010_004184 10.0725 8.20 98.75 460.70 201.81 294 84
2010_004238 10.1376 73.26 88.85 474.26 190.89 275 81
2010_004312 10.1513 72.00 139.45 495.59 305.23 64 104
2010_004314 10.1046 76.26 150.89 446.39 255.57 97 70
2010_004419 10.0881 156.22 229.63 463.57 339.28 288 95
2010_004557 10.0966 196.00 80.03 471.00 171.88 262 85
2010_004748 10.0722 159.33 118.63 366.50 227.36 82 67
2010_004817 10.1070 31.90 245.96 214.84 312.82 294 84
2010_004917 10.0805 313.33 199.01 380.23 275.21 312 66
2010_004917 10.0514 310.38 203.70 397.93 280.32 312 69
2010_004998 10.1084 83.09 140.81 472.70 289.89 254 91
2010_005059 10.1023 190.22 178.20 331.71 264.01 306 96
2010_005059 10.0682 166.89 156.89 314.07 253.12 244 69
2010_005184 10.1097 87.12 134.95 374.85 263.83 312 66
2010_005184 10.0597 69.64 109.02 356.83 242.23 283 95
2010_005224 10.0950 80.00 250.12 314.77 336.60 228 57
2010_005224 10.0702 31.00 240.93 319.88 323.78 304 78
2010_005268 10.1144 53.50 154.35 345.09 307.78 238 173
2010_005268 10.1080 187.00 51.93 464.31 143.09 254 91
2010_005268 10.0518 50.39 35.22 449.33 276.07 287 60
2010_005534 10.1250 157.16 113.39 471.68 222.14 82 67
2010_005718 10.0769 117.76 92.73 452.31 255.69 312 78
2010_005761 10.0863 202.18 151.49 360.39 197.32 283 158
2010_005761 10.0691 193.96 136.50 341.65 185.43 244 69
2010_005877 10.0664 214.75 127.35 412.06 202.00 232 92
2010_005877 10.0624 148.23 125.29 485.31 215.38 270 93
2010_005888 10.0848 155.66 167.00 304.07 288.69 350 89
2010_005888 10.0511 137.33 142.58 293.91 277.40 304 78
2010_005953 10.0941 113.70 104.78 361.90 243.34 281 36
2010_005998 10.1160 162.00 188.88 440.00 289.84 265 92
2010_006032 10.0780 60.11 25.51 358.09 169.00 267 107
2010_006034 10.1147 63.44 146.46 463.12 276.24 306 96
2010_006082 10.1048 128.90 113.17 504.00 274.36 127 123
2011_000103 10.1000 55.05 106.21 466.00 242.69 265 92
2011_000114 10.1066 104.03 350.44 322.51 419.52 254 91
2011_000129 10.0909 264.73 152.67 364.12 187.85 228 57
2011_000129 10.0800 265.55 154.77 359.55 186.60 228 57
2011_000276 10.0720 75.67 138.02 464.00 344.00 253 80
2011_000592 10.0879 147.08 137.55 429.72 259.44 281 91
2011_000656 10.0984 92.00 83.71 514.00 250.95 261 68
2011_000784 10.0544 91.45 20.08 116.49 36.26 281 91
2011_000807 10.0670 75.00 100.33 239.89 149.06 261 68
2011_000872 10.0521 95.92 79.42 359.07 249.32 290 69
2011_000874 10.1190 75.09 105.99 439.50 206.24 246 64
2011_001044 10.1281 150.72 146.70 431.87 220.01 282 130
2011_001044 10.0732 112.93 126.61 410.49 219.40 290 59
2011_001081 10.0690 146.00 143.21 441.95 297.51 282 99
2011_001114 10.1015 143.75 122.54 390.94 230.71 64 104
2011_001114 10.0654 70.66 115.77 459.49 201.60 282 70
2011_001158 10.0534 14.96 280.59 120.64 353.82 281 91
2011_001263 10.0905 203.05 57.59 398.75 123.13 13 59
2011_001281 10.0625 132.00 69.96 405.16 164.26 298 85
2011_001315 10.1083 189.00 162.79 465.00 258.00 299 63
2011_001315 10.0615 28.76 106.76 471.83 283.46 228 87
2011_001407 10.0829 26.00 104.09 449.00 248.07 298 75
2011_001434 10.0840 61.86 135.59 302.00 227.19 239 90
2011_001434 10.0723 322.00 247.13 507.27 351.72 271 78
2011_001434 10.0654 221.12 248.30 568.19 382.32 312 78
2011_001541 10.0760 156.04 106.79 349.79 220.48 302 55
2011_001541 10.0668 375.27 212.89 540.98 291.53 244 86
2011_001541 10.0644 179.00 117.75 505.00 228.60 287 90
2011_001624 10.0886 160.88 167.40 349.08 233.64 237 92
2011_001624 10.0743 148.04 150.38 336.05 220.32 282 70
2011_001699 10.0871 73.12 93.64 445.13 271.20 281 91
2011_001824 10.0984 129.69 140.04 375.00 239.54 254 91
2011_001824 10.0849 104.49 110.74 499.00 240.15 262 90
2011_001858 10.1035 70.00 89.56 427.02 254.53 304 78
2011_001873 10.0737 230.03 171.25 494.55 293.10 302 93
2011_001962 10.0889 111.49 157.31 412.00 265.37 229 72
2011_001962 10.0545 86.90 140.30 499.00 244.00 266 58
2011_002091 10.0981 58.00 130.33 383.51 257.24 254 91
2011_002091 10.0691 11.43 86.44 418.30 253.42 276 89
2011_002132 10.1057 150.19 102.22 371.87 233.20 238 173
2011_002132 10.0735 142.00 164.62 367.61 262.01 243 79
2011_002132 10.0507 127.22 93.80 356.71 235.54 313 111
2011_002193 10.0885 132.00 88.62 437.61 203.97 277 85
2011_002269 10.0911 84.16 117.23 433.72 263.08 261 68
2011_002327 10.0890 300.37 65.07 703.09 240.00 312 69
2011_002327 10.0783 100.00 16.00 425.54 109.63 254 91
2011_002380 10.0676 72.84 181.03 377.00 301.83 240 92
2011_002494 10.0789 57.55 117.00 457.00 272.12 304 69
2011_002494 10.0578 306.79 88.67 499.00 181.00 286 83
2011_002515 10.0729 185.23 158.18 348.23 230.06 287 65
2011_002617 10.0529 56.82 89.07 416.76 322.54 280 67
2011_002929 10.0989 67.20 122.96 458.00 254.93 269 80
2011_002992 10.0657 126.00 220.00 358.26 329.52 291 37
2011_002993 10.0519 48.39 188.00 124.56 236.86 244 105
2011_003111 10.0742 35.00 156.00 327.34 319.22 261 68
2011_003176 10.1094 14.00 110.62 385.00 235.84 275 93
2011_003275 10.1221 255.89 145.42 474.74 263.58 282 130
2011_003275 10.0988 38.88 78.20 435.00 265.11 46 85
