2008_000408 10.1203 248.31 277.98 459.03 341.00 0 118
2008_000408 10.0560 141.01 258.58 483.00 373.00 0 113
2008_000835 10.1219 123.22 231.27 315.26 371.51 2 117
2008_000835 10.1119 67.23 182.94 324.16 275.00 2 100
2008_000835 10.0516 13.80 191.34 358.87 373.00 0 103
2008_000885 10.1174 84.00 214.61 487.33 340.00 24 100
2008_001077 10.1268 64.00 138.72 318.00 283.49 0 99
2008_001077 10.1258 262.00 122.56 416.66 237.82 0 116
2008_001077 10.1155 189.00 131.92 466.37 295.38 316 101
2008_001077 10.0551 26.82 109.30 498.00 373.00 0 110
2008_001304 10.0569 0.00 281.60 293.84 366.00 318 99
2008_001772 10.1208 135.96 194.27 316.12 259.00 2 100
2008_002153 10.0885 39.14 201.23 419.63 321.00 0 105
2008_002185 10.1238 128.56 222.38 411.26 341.00 347 101
2008_002185 10.1154 18.00 445.05 391.51 606.94 0 110
2008_002330 10.1217 53.00 197.60 378.00 405.00 23 99
2008_002330 10.1191 59.00 169.02 383.74 269.00 27 111
2008_002567 10.1263 157.18 220.79 433.94 382.00 2 100
2008_002567 10.0532 143.03 215.92 469.07 373.00 0 116
2008_002775 10.1196 178.65 326.77 457.39 471.04 5 103
2008_003477 10.1121 513.34 273.09 603.20 326.00 0 100
2008_003477 10.1039 211.52 196.58 592.15 393.03 0 100
2008_004140 10.1182 264.48 388.47 497.00 577.00 0 112
2008_004564 10.0921 149.57 175.47 474.88 294.42 35 114
2008_004670 10.1210 110.72 169.97 333.82 317.44 0 105
2008_004851 10.1209 153.00 266.19 356.00 365.01 0 108
2008_004851 10.1151 76.00 236.78 495.00 379.00 30 103
2008_004948 10.1208 112.00 259.25 367.00 382.00 30 101
2008_004979 10.1174 399.21 201.13 642.00 351.84 0 132
2008_005070 10.1267 87.43 363.10 489.00 565.05 9 121
2008_005257 10.1164 154.39 191.04 361.00 284.48 318 99
2008_005348 10.1248 47.79 79.89 294.00 245.80 321 106
2008_005348 10.1218 240.00 77.10 476.10 230.00 11 102
2008_005348 10.0793 2.29 49.48 461.00 285.00 40 103
2008_006008 10.1220 83.70 303.51 282.11 486.07 318 99
2008_006120 10.0555 32.61 209.15 353.16 373.00 0 100
2008_006591 10.1228 114.96 131.09 506.83 333.62 347 101
2008_006796 10.1090 179.41 46.18 354.00 156.23 4 113
2008_007194 10.1217 45.09 68.87 449.28 346.48 0 102
2008_007287 10.1140 41.19 123.16 205.36 244.09 0 112
2008_007617 10.1225 267.21 251.40 467.00 384.78 39 100
2008_007617 10.1212 97.18 225.39 422.89 348.00 9 106
2008_007853 10.1256 104.59 191.98 487.00 373.69 0 104
2008_008050 10.1243 216.04 48.13 344.14 147.59 0 132
2008_008093 10.1348 144.28 254.21 485.78 375.00 30 101
2008_008103 10.1252 99.00 268.88 364.18 383.00 11 108
2008_008217 10.1289 20.00 109.93 317.15 334.00 9 106
2008_008224 10.1343 161.45 264.67 363.10 341.00 42 110
2008_008272 10.1269 166.30 304.64 395.00 383.00 329 100
2008_008362 10.1237 139.00 290.78 342.00 375.44 24 103
2008_008362 10.1198 144.59 285.74 418.03 350.00 1 127
2008_008362 10.0504 19.87 241.74 443.63 373.00 0 95
2008_008388 10.1251 164.03 275.81 375.66 358.00 0 104
2008_008474 10.0925 21.61 228.60 446.62 345.00 27 111
2009_000247 10.0509 48.71 86.04 410.08 373.00 316 109
2009_000300 10.0848 0.00 80.76 362.69 313.00 0 178
2009_000760 10.1216 601.23 172.16 785.06 318.79 0 178
2009_000783 10.0544 0.00 0.00 483.19 363.31 0 178
2009_000811 10.0739 71.63 55.47 375.11 173.75 338 105
2009_000846 10.1129 409.00 64.00 907.00 437.00 347 101
2009_001215 10.1214 174.00 180.08 497.00 356.00 9 106
2009_001215 10.1084 15.19 21.13 509.00 383.00 0 102
2009_001426 10.0570 167.08 217.18 491.00 369.61 42 110
2009_001431 10.0990 136.00 0.00 291.18 136.16 12 102
2009_001754 10.1210 131.80 231.48 316.47 358.00 39 100
2009_001754 10.1154 115.53 235.23 394.83 349.00 2 100
2009_001775 10.1304 215.58 273.09 451.89 397.99 2 100
2009_002078 10.1274 130.36 103.64 402.52 323.39 0 106
2009_002169 10.1285 87.00 193.59 330.00 330.41 341 109
2009_002169 10.1261 53.00 48.91 374.11 265.29 316 109
2009_002169 10.0521 11.94 0.00 356.36 485.01 0 99
2009_002328 10.1083 62.00 194.90 543.00 448.00 0 112
2009_002433 10.1177 217.00 224.47 333.72 290.89 31 101
2009_002433 10.1098 397.69 265.76 591.14 401.00 0 135
2009_002444 10.0706 144.06 324.88 374.00 496.85 2 117
2009_002471 10.1228 128.68 204.27 367.00 327.00 0 107
2009_002471 10.1120 428.28 407.43 747.33 576.00 0 124
2009_002487 10.1354 192.83 189.42 339.15 253.00 27 105
2009_002487 10.1221 138.82 174.25 304.59 300.00 0 105
2009_002487 10.0677 232.10 170.47 332.98 287.36 2 100
2009_002663 10.1217 40.44 185.30 391.79 346.16 0 106
2009_002978 10.1169 148.29 245.24 390.81 361.77 2 100
2009_002978 10.0537 62.61 235.90 424.95 373.00 344 96
2009_003071 10.1221 87.68 179.12 413.65 298.00 0 104
2009_003154 10.0715 89.47 224.33 418.41 373.54 0 110
2009_003198 10.1192 114.81 228.44 288.25 357.70 1 120
2009_003198 10.1147 372.00 270.71 669.80 431.93 18 102
2009_003251 10.1309 105.89 180.65 437.21 388.00 0 118
2009_003507 10.0768 100.06 303.27 319.25 479.93 38 114
2009_003554 10.1141 289.87 257.74 512.00 302.00 35 114
2009_003973 10.1313 253.41 77.42 377.89 182.53 2 100
2009_003973 10.1258 112.52 198.90 337.98 348.85 318 104
2009_004032 10.1134 110.58 216.34 475.62 355.71 11 108
2009_004140 10.1281 172.94 242.55 434.56 371.77 330 113
2009_004140 10.1175 132.59 247.74 280.00 303.00 341 109
2009_004532 10.1223 53.67 172.51 447.00 348.00 1 99
2009_004536 10.1225 94.00 240.00 248.18 367.00 4 108
2009_004720 10.1184 40.27 168.39 295.00 350.75 344 103
2009_004720 10.1166 287.46 176.00 447.69 308.53 19 110
2009_004720 10.1078 51.05 102.72 413.04 317.12 0 100
2009_005001 10.1216 80.14 243.56 303.60 375.00 24 100
2009_005001 10.1199 47.27 237.59 345.81 366.00 0 103
2009_005171 10.0539 271.10 248.37 483.00 371.34 1 127
2009_005205 10.1278 112.00 179.32 338.12 336.74 333 120
2010_000015 10.1220 15.00 136.29 513.00 431.00 333 107
2010_000054 10.1153 21.00 212.02 156.00 302.00 333 99
2010_000754 10.0867 63.03 212.25 403.88 326.79 0 104
2010_001287 10.1286 180.34 200.16 447.58 308.00 0 124
2010_001680 10.1303 108.88 140.55 428.00 318.00 0 103
2010_001680 10.0543 24.16 104.59 462.18 370.73 42 110
2010_002006 10.1133 28.50 226.46 285.00 374.40 0 104
2010_002639 10.1220 45.36 160.44 324.16 335.65 0 100
2010_002639 10.1184 92.14 186.22 472.07 386.00 24 103
2010_002721 10.1299 54.00 142.03 412.82 382.80 11 102
2010_002728 10.1339 167.84 188.27 408.32 361.26 331 105
2010_002728 10.1085 161.82 183.84 333.73 268.00 0 122
2010_002728 10.0539 100.48 165.49 423.16 360.11 5 118
2010_003154 10.1077 197.00 243.78 343.50 350.93 325 104
2010_003861 10.0524 25.13 211.93 378.27 368.30 27 111
2010_004229 10.1164 229.90 124.10 444.72 318.98 318 104
2010_004278 10.0539 7.40 41.64 451.53 350.05 0 99
2010_004597 10.1235 215.87 156.76 451.66 314.89 0 106
2010_004778 10.1232 202.00 190.43 405.00 298.69 14 103
2010_004778 10.1191 145.44 181.35 419.48 322.00 0 116
2010_004909 10.1214 39.89 195.62 339.99 373.00 325 104
2010_004909 10.0550 45.32 182.12 464.26 373.00 317 99
2010_005180 10.1192 183.82 263.41 364.45 350.00 319 93
2010_005369 10.1222 92.00 275.14 513.00 366.00 11 108
2010_005620 10.1255 141.00 237.41 286.00 336.55 338 105
2010_005620 10.1169 354.44 279.20 611.26 388.02 23 99
2010_005764 10.0509 60.56 226.56 498.00 373.00 30 99
2010_005936 10.1173 30.12 272.44 219.80 357.00 0 105
2010_005936 10.1126 216.47 507.24 399.50 553.00 0 110
2011_000036 10.1187 79.99 443.86 521.40 583.00 0 111
2011_000098 10.1331 87.32 191.06 280.01 351.00 0 103
2011_000098 10.1202 95.70 158.81 278.45 354.00 2 100
2011_000226 10.1228 108.72 272.46 311.99 426.56 0 106
2011_000226 10.0734 53.48 240.92 309.80 343.51 0 118
2011_000257 10.1225 197.89 44.01 379.92 173.66 11 108
2011_000257 10.1144 53.00 183.78 378.00 380.35 0 122
2011_000408 10.0546 58.98 171.93 467.20 373.00 4 113
2011_000427 10.1229 23.02 283.41 276.00 414.42 8 107
2011_000427 10.1197 175.00 365.31 594.00 496.00 27 111
2011_000745 10.1235 158.14 192.80 450.28 378.00 2 100
2011_000919 10.1304 97.23 203.03 349.86 349.19 0 167
2011_000919 10.0528 59.78 182.73 384.13 369.94 8 107
2011_000953 10.1234 108.63 280.79 377.97 382.00 0 101
2011_000953 10.0765 238.61 235.56 475.52 336.00 345 103
2011_000965 10.1167 341.25 343.84 738.65 505.99 317 103
2011_001106 10.1252 163.98 267.00 358.29 420.00 0 113
2011_001106 10.1028 39.09 221.82 335.21 418.00 38 114
2011_001167 10.0527 238.32 288.51 482.72 372.00 316 109
2011_001305 10.1261 217.16 205.87 389.11 347.64 11 108
2011_001305 10.1187 130.88 219.63 450.95 339.00 1 106
2011_001366 10.1231 186.64 181.45 432.65 340.36 0 110
2011_001366 10.0846 104.24 142.06 446.27 309.16 0 178
2011_001370 10.1244 61.69 230.67 405.11 375.73 344 96
2011_001678 10.1263 121.62 208.25 402.80 382.00 0 112
2011_001678 10.0529 73.58 173.04 459.43 373.00 20 103
2011_001842 10.1221 234.00 209.14 411.42 336.32 5 118
2011_001842 10.1139 86.90 198.64 457.61 376.38 0 118
2011_001847 10.1341 82.87 285.55 247.07 426.13 0 104
2011_001847 10.1207 309.34 157.43 464.42 246.00 321 106
2011_001847 10.1203 33.28 351.68 311.61 439.00 27 111
2011_001847 10.1198 32.02 161.93 311.11 356.96 1 103
2011_001862 10.1271 233.45 205.95 328.11 273.79 30 101
2011_001900 10.1241 67.97 151.93 487.00 414.84 0 106
2011_001975 10.1131 222.48 182.83 466.00 389.00 0 99
2011_002075 10.1072 382.13 608.68 794.00 701.00 0 106
2011_002185 10.0698 0.00 131.78 353.00 415.00 317 99
2011_002200 10.1278 162.00 221.28 359.75 344.90 20 101
2011_002200 10.1238 131.00 186.66 456.00 340.00 316 109
2011_002241 10.1251 81.41 152.14 344.20 355.00 23 107
2011_002358 10.1234 134.02 154.90 443.00 290.34 25 101
2011_002358 10.0836 37.26 186.01 396.00 358.57 8 107
2011_002531 10.1416 179.00 170.90 338.59 290.42 25 101
2011_002531 10.0530 128.01 114.53 348.39 329.45 2 131
2011_002542 10.1266 184.00 208.43 404.66 334.00 0 95
2011_002542 10.1217 152.09 180.46 344.28 276.00 1 106
2011_002714 10.0539 48.45 242.82 498.00 373.00 335 110
2011_003039 10.0579 19.11 234.50 315.00 339.66 329 109
2011_003242 10.1373 77.42 225.04 406.22 375.00 2 114
