2008_000002 -0.1562 261.00 236.00 346.00 291.00 40 102
2008_000002 -0.1558 75.00 93.00 445.00 332.00 9 103
2008_000007 10.1399 184.00 334.24 246.50 366.00 0 97
2008_000026 0.1542 26.00 173.00 303.00 351.00 4 82
2008_000042 0.1603 62.00 102.00 432.00 341.00 0 96
2008_000067 10.1409 111.47 317.47 275.22 428.67 0 81
2008_000107 10.1532 69.75 253.55 305.06 405.35 317 97
2008_000107 10.1311 47.29 317.07 301.42 467.83 0 118
2008_000115 0.1519 85.00 128.00 453.00 366.00 0 87
2008_000140 -0.1756 184.00 381.00 215.00 401.00 0 85
2008_000140 -0.1694 317.00 371.00 354.00 395.00 326 85
2008_000140 -0.1648 93.00 420.00 178.00 475.00 0 78
2008_000140 -0.1598 165.00 346.00 279.00 420.00 5 113
2008_000140 -0.1583 242.00 423.00 316.00 471.00 13 77
2008_000163 0.1535 111.00 54.00 479.00 293.00 0 96
2008_000213 10.1483 162.00 79.69 341.24 211.00 8 95
2008_000219 0.1515 116.00 103.00 482.00 340.00 0 82
2008_000243 0.1606 136.00 93.00 341.00 225.00 9 103
2008_000244 -0.1568 53.00 179.00 328.00 357.00 18 90
2008_000321 10.1648 285.31 116.26 487.20 287.73 349 83
2008_000446 0.1550 95.00 37.00 300.00 170.00 0 96
2008_000457 10.1548 52.65 281.23 120.80 316.42 321 112
2008_000465 10.1570 42.67 47.33 189.72 135.69 40 102
2008_000465 10.1528 355.62 272.83 426.68 318.60 37 121
2008_000465 10.1509 40.00 164.59 134.30 232.80 0 98
2008_000465 10.1401 169.52 234.81 457.34 311.56 9 103
2008_000501 -0.1513 276.00 299.00 314.00 323.00 2 89
2008_000516 0.1541 32.00 172.00 238.00 305.00 9 103
2008_000541 10.1359 107.57 342.81 537.03 530.00 341 96
2008_000589 10.1721 139.63 138.58 272.81 231.90 0 112
2008_000589 10.1550 264.85 131.34 474.88 250.76 31 95
2008_000589 10.1428 138.29 67.93 272.89 163.92 333 98
2008_000589 10.1248 119.26 209.50 252.59 291.04 0 107
2008_000589 10.1248 249.81 207.17 453.78 398.50 0 107
2008_000589 10.1248 0.00 214.17 122.31 276.58 0 107
2008_000589 0.1520 131.00 53.00 406.00 231.00 3 84
2008_000670 -0.1517 51.00 101.00 204.00 200.00 0 101
2008_000670 -0.1516 181.00 10.00 295.00 83.00 1 119
2008_000725 10.1497 454.20 239.54 536.00 306.36 5 77
2008_000725 0.1571 163.00 53.00 439.00 231.00 9 103
2008_000783 0.1504 82.00 53.00 456.00 294.00 39 103
2008_000817 -0.1668 150.00 225.00 265.00 299.00 0 81
2008_000817 -0.1619 323.00 173.00 475.00 272.00 330 94
2008_000817 -0.1532 256.00 235.00 319.00 276.00 34 98
2008_000834 0.1517 29.00 55.00 396.00 292.00 0 106
2008_000857 10.1636 351.49 154.80 506.00 248.93 0 81
2008_000857 10.1532 107.00 148.05 268.02 232.52 3 120
2008_000857 10.1530 286.86 142.32 465.00 264.54 27 109
2008_000857 10.1413 27.00 124.05 444.56 361.22 3 92
2008_000857 10.1413 343.96 138.80 525.00 254.69 3 92
2008_000858 0.1519 35.00 206.00 187.00 304.00 34 98
2008_000952 0.1517 36.00 53.00 407.00 293.00 0 101
2008_001024 -0.1512 98.00 181.00 250.00 279.00 0 81
2008_001068 -0.1601 278.00 130.00 392.00 204.00 0 114
2008_001068 -0.1574 76.00 80.00 445.00 319.00 0 82
2008_001068 -0.1542 432.00 216.00 479.00 246.00 0 88
2008_001111 -0.1633 80.00 331.00 286.00 464.00 0 84
2008_001236 -0.1585 294.00 106.00 408.00 180.00 6 103
2008_001236 -0.1559 248.00 158.00 279.00 177.00 1 112
2008_001236 -0.1559 73.00 12.00 134.00 51.00 348 89
2008_001236 -0.1528 318.00 169.00 385.00 213.00 0 121
2008_001236 -0.1526 220.00 140.00 307.00 195.00 4 105
2008_001236 -0.1522 20.00 92.00 296.00 270.00 0 96
2008_001236 -0.1506 319.00 36.00 352.00 58.00 317 97
2008_001236 -0.1503 324.00 230.00 378.00 265.00 0 100
2008_001236 -0.1502 90.00 258.00 181.00 317.00 24 105
2008_001260 0.1602 92.00 125.00 367.00 302.00 0 81
2008_001283 10.1545 108.87 160.06 301.00 281.75 0 94
2008_001333 10.1326 314.26 108.90 557.69 294.42 0 96
2008_001349 10.1454 29.00 350.08 164.00 444.63 8 95
2008_001415 -0.1519 294.00 202.00 408.00 275.00 0 81
2008_001415 -0.1503 13.00 188.00 98.00 243.00 4 91
2008_001429 10.1687 234.79 52.13 422.00 197.90 9 102
2008_001436 -0.1581 178.00 91.00 456.00 270.00 316 111
2008_001468 0.1529 20.00 55.00 388.00 292.00 3 92
2008_001478 0.1505 86.00 180.00 360.00 357.00 42 95
2008_001513 10.1369 139.47 2.06 186.00 33.00 27 102
2008_001531 0.1511 80.00 141.00 286.00 274.00 24 105
2008_001574 10.1455 63.00 9.39 207.00 89.83 0 85
2008_001580 -0.1547 77.00 116.00 162.00 171.00 6 103
2008_001589 10.1562 110.00 140.95 272.94 262.00 341 104
2008_001594 0.1676 28.00 71.00 397.00 310.00 0 96
2008_001605 10.1459 28.71 115.59 163.00 191.66 17 94
2008_001619 10.0578 11.03 163.37 373.00 499.00 0 98
2008_001625 -0.1575 98.00 166.00 251.00 265.00 0 96
2008_001625 -0.1533 314.00 181.00 467.00 279.00 33 109
2008_001625 -0.1528 257.00 190.00 334.00 240.00 339 102
2008_001629 10.1291 310.38 62.49 466.00 157.95 0 85
2008_001655 10.1411 266.00 25.07 470.00 168.98 0 85
2008_001660 0.1506 27.00 124.00 303.00 303.00 3 84
2008_001663 0.1502 101.00 14.00 377.00 192.00 2 109
2008_001680 10.1515 427.08 300.89 486.00 332.44 0 85
2008_001688 10.1244 94.00 290.79 250.31 369.26 0 96
2008_001750 -0.1625 14.00 171.00 128.00 244.00 0 81
2008_001750 -0.1602 314.00 173.00 467.00 272.00 1 100
2008_001765 10.1312 64.58 87.63 202.00 201.22 0 96
2008_001769 0.1511 0.00 168.00 356.00 404.00 336 117
2008_001773 10.1257 149.00 226.28 284.00 317.73 340 99
2008_001802 10.1447 195.20 231.28 465.00 317.49 0 81
2008_001810 -0.1586 197.00 20.00 282.00 75.00 0 90
2008_001810 -0.1580 165.00 242.00 279.00 315.00 15 95
2008_001810 -0.1515 414.00 234.00 481.00 277.00 0 94
2008_001812 -0.1663 306.00 124.00 460.00 224.00 0 104
2008_001812 -0.1612 15.00 165.00 221.00 298.00 0 96
2008_001812 -0.1519 46.00 114.00 112.00 157.00 337 90
2008_001820 0.1541 76.00 93.00 445.00 330.00 4 105
2008_001820 0.1643 92.00 108.00 367.00 286.00 0 102
2008_001869 10.1604 349.00 246.24 479.80 317.30 0 98
2008_001908 -0.1607 46.00 274.00 160.00 348.00 37 121
2008_001908 -0.1570 246.00 282.00 360.00 356.00 0 96
2008_001908 -0.1531 151.00 274.00 264.00 348.00 0 97
2008_001914 0.1541 45.00 84.00 415.00 323.00 349 83
2008_001946 0.1543 139.00 166.00 417.00 345.00 4 91
2008_001987 -0.1783 241.00 180.00 395.00 279.00 40 102
2008_001987 -0.1643 42.00 238.00 195.00 337.00 0 96
2008_001987 -0.1606 33.00 61.00 409.00 303.00 1 99
2008_001992 10.1512 301.34 226.94 450.59 343.26 0 96
2008_001998 10.1678 31.00 235.48 144.00 317.00 341 104
2008_001998 10.1544 90.00 242.00 287.29 376.24 0 96
2008_002003 10.1447 118.18 166.95 487.29 362.44 0 103
2008_002007 10.1375 281.92 98.74 335.00 129.89 321 106
2008_002082 10.1431 113.80 301.07 316.70 371.79 5 104
2008_002107 10.1610 283.00 153.39 484.42 261.35 0 89
2008_002132 10.1637 110.00 274.00 167.18 324.27 0 81
2008_002132 10.1582 329.60 256.62 399.00 327.57 0 82
2008_002151 0.1552 54.00 44.00 327.00 221.00 330 94
2008_002158 -0.1801 135.00 107.00 342.00 240.00 2 90
2008_002158 -0.1718 342.00 163.00 456.00 236.00 0 83
2008_002185 0.1548 27.00 79.00 398.00 319.00 0 96
2008_002198 0.1513 85.00 85.00 453.00 323.00 0 125
2008_002199 10.1567 3.00 241.24 92.00 284.00 43 93
2008_002205 0.1718 7.00 72.00 374.00 309.00 14 81
2008_002234 -0.1526 279.00 293.00 312.00 314.00 13 77
2008_002250 -0.1565 416.00 123.00 479.00 164.00 8 88
2008_002250 -0.1540 37.00 73.00 105.00 117.00 323 112
2008_002250 -0.1535 31.00 10.00 94.00 51.00 0 97
2008_002312 0.1507 71.00 51.00 276.00 184.00 0 94
2008_002330 10.1520 39.60 124.96 87.00 148.14 23 96
2008_002356 0.1509 119.00 92.00 392.00 269.00 341 96
2008_002358 0.1720 27.00 85.00 302.00 263.00 23 96
2008_002358 0.1509 179.00 108.00 455.00 286.00 0 121
2008_002366 10.1495 4.00 105.58 116.80 169.75 343 100
2008_002372 -0.1847 36.00 59.00 313.00 238.00 323 109
2008_002372 -0.1838 64.00 245.00 269.00 377.00 0 121
2008_002401 0.1502 146.00 69.00 423.00 248.00 9 103
2008_002404 10.1608 88.00 181.81 252.00 288.95 0 100
2008_002412 0.1643 76.00 46.00 444.00 284.00 334 89
2008_002451 10.1575 416.00 141.43 478.68 169.60 0 114
2008_002481 10.1371 438.00 322.83 489.00 351.00 42 95
2008_002504 -0.1905 92.00 62.00 463.00 302.00 341 96
2008_002523 10.0600 17.05 253.67 470.93 371.12 42 95
2008_002623 -0.1530 33.00 252.00 237.00 384.00 0 99
2008_002639 -0.1515 31.00 288.00 79.00 319.00 337 90
2008_002640 0.1563 53.00 71.00 424.00 311.00 0 106
2008_002678 0.1541 92.00 62.00 463.00 302.00 0 104
2008_002696 -0.1550 42.00 37.00 195.00 135.00 33 109
2008_002696 -0.1533 324.00 26.00 488.00 132.00 15 124
2008_002696 -0.1521 290.00 150.00 443.00 249.00 0 94
2008_002705 0.1589 37.00 63.00 406.00 301.00 34 98
2008_002716 10.1551 35.00 9.56 187.38 102.70 0 81
2008_002773 -0.1612 64.00 272.00 111.00 302.00 0 95
2008_002773 -0.1552 359.00 250.00 422.00 291.00 0 81
2008_002773 -0.1546 433.00 280.00 478.00 310.00 0 101
2008_002773 -0.1529 195.00 37.00 471.00 215.00 0 121
2008_002773 -0.1529 62.00 242.00 176.00 315.00 0 96
2008_002773 -0.1509 397.00 260.00 482.00 315.00 0 87
2008_002773 -0.1505 187.00 240.00 306.00 317.00 9 103
2008_002809 10.1506 51.87 227.02 172.00 307.22 0 88
2008_002811 10.1516 72.33 316.84 326.00 464.89 0 96
2008_002817 10.1568 311.15 323.60 362.00 349.78 319 100
2008_002831 10.1509 202.00 341.00 355.00 432.39 0 84
2008_002831 10.1477 29.00 211.73 164.00 293.00 3 85
2008_002831 10.1428 111.39 316.19 224.45 411.00 327 109
2008_002843 10.1421 91.00 140.96 170.00 183.11 0 100
2008_002869 10.1514 24.00 230.02 224.32 357.00 0 100
2008_002869 10.1472 258.34 97.85 486.96 290.00 4 91
2008_002869 10.1402 36.17 401.85 413.27 612.00 0 96
2008_002883 10.1528 198.03 299.85 384.45 367.84 15 124
2008_002900 10.1592 270.00 287.28 332.25 315.74 8 88
2008_002973 0.1527 119.00 124.00 324.00 257.00 0 112
2008_002992 10.1461 11.42 76.46 85.00 117.16 0 96
2008_003022 0.1500 95.00 120.00 461.00 357.00 3 92
2008_003051 -0.1651 264.00 296.00 311.00 326.00 3 108
2008_003051 -0.1640 24.00 296.00 71.00 326.00 0 82
2008_003051 -0.1616 309.00 284.00 394.00 339.00 0 103
2008_003051 -0.1609 65.00 292.00 125.00 331.00 0 106
2008_003051 -0.1579 176.00 291.00 239.00 331.00 0 96
2008_003051 -0.1569 200.00 21.00 231.00 41.00 0 103
2008_003051 -0.1563 17.00 261.00 173.00 361.00 0 100
2008_003051 -0.1562 388.00 299.00 427.00 324.00 0 97
2008_003051 -0.1536 182.00 11.00 343.00 114.00 349 83
2008_003051 -0.1536 163.00 222.00 315.00 321.00 3 92
2008_003076 0.1627 45.00 36.00 415.00 276.00 9 103
2008_003076 0.1543 12.00 54.00 285.00 230.00 4 91
2008_003133 10.1508 7.00 35.59 71.00 64.53 339 107
2008_003161 -0.1521 8.00 131.00 213.00 264.00 0 85
2008_003189 0.1549 36.00 0.00 407.00 237.00 15 124
2008_003193 10.1639 51.00 373.00 204.00 462.37 338 95
2008_003225 -0.1544 130.00 94.00 283.00 193.00 326 114
2008_003255 0.1573 28.00 80.00 397.00 319.00 0 93
2008_003263 0.1504 240.00 189.00 445.00 322.00 4 91
2008_003286 10.1444 267.29 93.13 422.60 190.19 1 102
2008_003289 0.1549 43.00 36.00 319.00 215.00 22 100
2008_003300 -0.1725 118.00 254.00 393.00 432.00 0 96
2008_003300 -0.1508 240.00 221.00 271.00 241.00 6 103
2008_003331 -0.1712 189.00 258.00 303.00 332.00 0 83
2008_003331 -0.1646 139.00 101.00 292.00 200.00 3 120
2008_003331 -0.1630 102.00 258.00 216.00 331.00 337 90
2008_003331 -0.1581 175.00 62.00 255.00 113.00 339 102
2008_003331 -0.1570 54.00 229.00 328.00 406.00 0 101
2008_003331 -0.1521 118.00 52.00 201.00 107.00 13 103
2008_003331 -0.1511 252.00 83.00 290.00 107.00 348 89
2008_003336 0.1533 71.00 148.00 276.00 280.00 337 90
2008_003424 10.1539 189.00 224.73 350.51 326.75 40 102
2008_003442 10.1499 147.99 60.75 190.00 84.00 0 106
2008_003449 0.1504 85.00 30.00 361.00 208.00 349 83
2008_003557 -0.1528 377.00 298.00 470.00 357.00 2 109
2008_003557 -0.1519 296.00 275.00 359.00 316.00 1 102
2008_003557 -0.1516 205.00 220.00 290.00 275.00 0 103
2008_003557 -0.1505 218.00 229.00 371.00 328.00 3 97
2008_003565 10.1345 295.00 13.00 492.04 129.25 22 100
2008_003592 10.1230 39.01 22.77 286.82 182.00 0 101
2008_003613 -0.1551 352.00 51.00 415.00 92.00 337 101
2008_003613 -0.1523 407.00 28.00 440.00 50.00 6 103
2008_003613 -0.1520 376.00 27.00 439.00 68.00 3 120
2008_003613 -0.1512 328.00 32.00 375.00 62.00 0 114
2008_003647 0.1547 124.00 30.00 399.00 208.00 0 81
2008_003676 0.1543 36.00 134.00 313.00 313.00 0 81
2008_003683 10.1708 94.00 267.68 258.00 343.16 9 103
2008_003683 10.1510 12.00 225.61 285.00 339.85 20 114
2008_003709 10.1486 155.97 159.17 338.41 258.15 4 91
2008_003709 10.1375 172.91 157.49 315.66 253.47 9 103
2008_003713 -0.1547 204.00 139.00 242.00 164.00 321 112
2008_003744 10.1601 306.81 90.86 462.58 252.46 0 94
2008_003744 0.1523 74.00 62.00 446.00 302.00 1 100
2008_003756 10.1370 29.00 107.12 164.00 205.00 0 88
2008_003763 -0.1768 119.00 179.00 183.00 220.00 0 83
2008_003763 -0.1768 117.00 217.00 184.00 260.00 1 99
2008_003763 -0.1724 51.00 206.00 203.00 304.00 330 94
2008_003763 -0.1630 34.00 124.00 188.00 224.00 0 78
2008_003763 -0.1562 119.00 37.00 324.00 170.00 0 89
2008_003767 -0.1601 218.00 13.00 371.00 112.00 0 96
2008_003768 10.1533 422.00 101.23 487.00 139.67 13 77
2008_003789 10.1340 81.00 192.72 160.73 232.34 9 103
2008_003827 10.1573 265.33 328.00 399.00 427.59 10 83
2008_003827 0.1527 88.00 61.00 292.00 194.00 3 92
2008_003858 0.1543 76.00 157.00 351.00 335.00 0 89
2008_003894 -0.1590 54.00 177.00 168.00 251.00 0 88
2008_003894 -0.1521 168.00 211.00 231.00 252.00 8 95
2008_003904 0.1552 143.00 259.00 349.00 392.00 0 89
2008_003904 0.1543 143.00 179.00 349.00 313.00 0 112
2008_003905 0.1517 112.00 38.00 478.00 274.00 322 95
2008_003905 0.1700 189.00 76.00 465.00 254.00 0 84
2008_003945 10.1753 307.00 13.24 459.00 93.86 0 96
2008_003989 -0.1587 90.00 53.00 243.00 152.00 0 91
2008_003989 -0.1530 119.00 333.00 152.00 354.00 321 97
2008_003997 -0.1633 126.00 162.00 241.00 236.00 0 78
2008_003997 -0.1633 322.00 141.00 476.00 240.00 333 99
2008_003997 -0.1603 59.00 85.00 335.00 264.00 4 91
2008_004002 10.1457 292.20 332.64 336.00 354.73 0 102
2008_004103 0.1536 108.00 31.00 383.00 208.00 0 96
2008_004124 10.1561 41.00 234.97 217.67 339.46 40 102
2008_004127 0.1565 68.00 28.00 435.00 266.00 3 92
2008_004137 10.1389 38.44 79.22 141.81 152.01 1 99
2008_004216 -0.1608 94.00 193.00 208.00 267.00 339 102
2008_004216 -0.1604 31.00 267.00 94.00 308.00 0 100
2008_004216 -0.1595 350.00 90.00 465.00 164.00 1 99
2008_004271 10.0666 185.34 240.27 245.75 318.88 330 94
2008_004289 -0.1536 25.00 61.00 230.00 194.00 23 96
2008_004306 -0.1556 46.00 26.00 160.00 100.00 23 96
2008_004324 -0.1686 218.00 141.00 372.00 240.00 2 109
2008_004324 -0.1552 84.00 75.00 362.00 254.00 319 108
2008_004333 10.1550 15.33 142.49 198.34 266.17 0 100
2008_004339 -0.1524 156.00 19.00 195.00 44.00 0 84
2008_004339 -0.1506 408.00 16.00 455.00 46.00 1 101
2008_004354 10.1658 403.79 227.33 510.84 289.32 0 103
2008_004354 0.1544 28.00 141.00 397.00 380.00 353 108
2008_004384 10.1444 53.00 228.60 103.00 252.00 331 106
2008_004402 0.1555 172.00 117.00 449.00 296.00 23 96
2008_004419 -0.1521 46.00 18.00 160.00 91.00 0 75
2008_004460 0.1561 160.00 107.00 365.00 240.00 2 109
2008_004464 10.1561 85.00 271.42 217.29 370.13 333 98
2008_004464 10.1430 7.00 259.00 198.23 388.65 343 100
2008_004469 -0.1622 30.00 171.00 144.00 244.00 0 81
2008_004469 -0.1529 136.00 179.00 199.00 220.00 0 96
2008_004471 10.1571 322.68 138.36 451.27 223.50 0 88
2008_004497 10.1455 74.74 219.78 268.57 394.00 3 85
2008_004497 10.1094 26.02 105.71 430.00 276.74 0 88
2008_004498 -0.1606 213.00 82.00 328.00 156.00 0 106
2008_004498 -0.1517 82.00 134.00 234.00 232.00 0 98
2008_004498 -0.1507 112.00 52.00 317.00 184.00 317 97
2008_004502 -0.1613 139.00 101.00 292.00 200.00 23 96
2008_004502 -0.1607 30.00 122.00 144.00 196.00 0 109
2008_004520 -0.1650 146.00 166.00 299.00 265.00 5 92
2008_004520 -0.1525 277.00 196.00 362.00 251.00 0 98
2008_004552 -0.1616 127.00 19.00 191.00 59.00 2 90
2008_004552 -0.1608 256.00 16.00 303.00 46.00 1 101
2008_004552 -0.1579 320.00 21.00 351.00 41.00 1 101
2008_004552 -0.1570 18.00 108.00 171.00 207.00 320 103
2008_004552 -0.1568 246.00 82.00 360.00 156.00 0 85
2008_004552 -0.1560 246.00 18.00 360.00 91.00 37 105
2008_004552 -0.1530 267.00 163.00 356.00 220.00 0 85
2008_004553 10.1562 98.00 213.00 296.55 358.15 337 112
2008_004579 10.1631 389.67 238.01 474.00 282.74 0 90
2008_004589 -0.1549 262.00 34.00 376.00 107.00 349 83
2008_004589 -0.1538 181.00 122.00 295.00 196.00 8 95
2008_004612 10.1519 213.00 98.37 329.02 148.32 7 93
2008_004612 10.1343 169.09 98.21 337.89 199.81 2 109
2008_004612 10.0986 118.77 67.75 364.43 304.66 0 94
2008_004632 10.1608 148.23 184.92 323.38 298.00 27 108
2008_004646 -0.1683 157.00 74.00 271.00 148.00 0 96
2008_004646 -0.1512 303.00 27.00 366.00 68.00 0 94
2008_004684 -0.1570 156.00 134.00 432.00 312.00 338 102
2008_004684 -0.1546 114.00 382.00 267.00 481.00 4 91
2008_004684 -0.1507 80.00 232.00 127.00 262.00 340 99
2008_004684 -0.1501 258.00 13.00 411.00 112.00 9 103
2008_004695 -0.1576 58.00 85.00 336.00 264.00 338 102
2008_004704 -0.1688 13.00 244.00 98.00 299.00 339 102
2008_004704 -0.1621 144.00 249.00 239.00 310.00 331 95
2008_004704 -0.1590 362.00 231.00 485.00 310.00 27 108
2008_004704 -0.1507 326.00 163.00 440.00 236.00 0 125
2008_004705 -0.1636 22.00 218.00 136.00 291.00 337 112
2008_004711 10.1430 40.00 90.60 281.99 221.05 24 105
2008_004722 0.1518 53.00 53.00 328.00 231.00 0 118
2008_004758 0.1545 211.00 213.00 364.00 312.00 0 118
2008_004774 10.1719 142.61 258.10 345.18 439.22 0 108
2008_004794 -0.1643 225.00 125.00 378.00 224.00 0 85
2008_004794 -0.1622 142.00 138.00 257.00 212.00 27 102
2008_004837 -0.1543 201.00 277.00 356.00 377.00 0 88
2008_004885 10.1508 387.45 211.27 472.00 258.44 0 97
2008_004887 10.1515 257.81 136.54 445.00 246.32 8 95
2008_004887 10.1324 230.24 121.96 418.77 274.45 0 81
2008_004896 -0.1729 286.00 170.00 400.00 245.00 0 106
2008_004896 -0.1555 215.00 107.00 421.00 240.00 4 82
2008_004930 0.1522 77.00 120.00 444.00 357.00 0 118
2008_004955 0.1592 28.00 54.00 397.00 292.00 0 106
2008_004974 -0.1616 213.00 148.00 298.00 203.00 2 104
2008_004974 -0.1545 380.00 300.00 467.00 355.00 0 102
2008_004974 -0.1515 43.00 92.00 318.00 270.00 8 103
2008_004986 -0.1610 229.00 185.00 344.00 259.00 0 92
2008_004986 -0.1505 186.00 36.00 339.00 135.00 317 97
2008_005015 0.1525 36.00 221.00 313.00 400.00 1 99
2008_005015 0.1523 104.00 283.00 310.00 416.00 0 84
2008_005032 0.1558 123.00 91.00 401.00 271.00 17 102
2008_005046 10.1058 30.01 99.01 429.00 342.28 3 121
2008_005070 -0.1537 103.00 285.00 136.00 306.00 1 102
2008_005070 -0.1526 38.00 185.00 152.00 259.00 331 107
2008_005109 10.1303 28.00 463.46 80.00 492.68 9 103
2008_005147 0.1510 27.00 92.00 302.00 270.00 0 75
2008_005167 0.1597 52.00 0.00 425.00 237.00 0 106
2008_005194 -0.1590 232.00 165.00 438.00 298.00 3 84
2008_005194 -0.1505 66.00 237.00 221.00 338.00 333 98
2008_005217 10.1614 397.33 221.65 482.00 266.77 0 78
2008_005243 -0.1558 70.00 141.00 276.00 274.00 0 81
2008_005255 0.1539 111.00 111.00 479.00 349.00 3 92
2008_005348 0.1557 95.00 107.00 300.00 240.00 0 106
2008_005360 10.1651 358.90 197.12 474.29 257.82 338 95
2008_005361 -0.1523 240.00 68.00 445.00 201.00 1 99
2008_005404 10.1627 324.03 197.00 467.00 296.00 349 83
2008_005406 10.1383 158.57 164.33 284.37 217.64 3 121
2008_005501 0.1607 37.00 128.00 406.00 367.00 0 88
2008_005544 -0.1720 123.00 197.00 276.00 295.00 349 83
2008_005544 -0.1659 22.00 210.00 136.00 283.00 6 108
2008_005552 10.1610 22.00 290.00 186.00 408.69 3 121
2008_005552 10.1554 146.88 334.11 331.33 464.85 7 93
2008_005552 10.1436 178.00 351.46 487.28 513.00 27 108
2008_005552 10.0574 0.00 255.63 371.83 499.00 8 95
2008_005588 0.1542 223.00 131.00 428.00 264.00 332 99
2008_005614 -0.1588 63.00 100.00 269.00 233.00 3 121
2008_005627 10.1644 80.00 27.00 304.02 181.94 0 106
2008_005627 10.1413 112.88 317.21 393.93 486.94 26 109
2008_005627 0.1525 76.00 30.00 351.00 208.00 356 89
2008_005652 10.1420 381.49 44.46 490.00 101.12 14 81
2008_005652 0.1573 191.00 82.00 398.00 216.00 8 95
2008_005726 10.1689 297.00 290.92 398.79 355.61 8 103
2008_005750 -0.1577 176.00 402.00 239.00 443.00 2 90
2008_005750 -0.1539 149.00 308.00 234.00 363.00 0 94
2008_005750 -0.1522 142.00 346.00 256.00 420.00 348 89
2008_005750 -0.1515 213.00 459.00 250.00 483.00 0 114
2008_005750 -0.1514 4.00 387.00 42.00 411.00 0 98
2008_005768 10.1527 239.00 249.87 303.00 277.08 0 103
2008_005788 10.1337 485.10 207.05 698.00 423.00 0 125
2008_005798 -0.1504 151.00 50.00 264.00 124.00 9 103
2008_005801 0.1567 37.00 46.00 405.00 284.00 0 96
2008_005863 -0.1554 247.00 179.00 311.00 220.00 0 96
2008_005863 -0.1553 202.00 213.00 355.00 312.00 0 96
2008_005904 -0.1524 10.00 75.00 287.00 254.00 332 99
2008_005904 -0.1515 239.00 141.00 445.00 274.00 37 101
2008_005915 -0.1679 367.00 177.00 480.00 251.00 331 106
2008_005915 -0.1627 285.00 196.00 370.00 251.00 8 95
2008_005915 -0.1613 271.00 116.00 477.00 250.00 34 98
2008_005915 -0.1557 359.00 333.00 392.00 354.00 10 83
2008_005915 -0.1539 246.00 282.00 360.00 356.00 4 91
2008_005924 -0.1541 312.00 42.00 375.00 83.00 1 101
2008_005924 -0.1517 56.00 51.00 119.00 92.00 9 103
2008_005924 -0.1508 168.00 42.00 231.00 83.00 3 85
2008_005924 -0.1502 205.00 26.00 319.00 99.00 343 100
2008_005933 0.1525 60.00 60.00 335.00 237.00 0 96
2008_005936 0.1598 43.00 150.00 319.00 329.00 6 103
2008_005957 0.1515 119.00 68.00 324.00 201.00 0 78
2008_006036 -0.1632 142.00 225.00 257.00 299.00 0 94
2008_006036 -0.1579 56.00 131.00 261.00 264.00 0 88
2008_006036 -0.1520 277.00 228.00 362.00 283.00 326 114
2008_006038 -0.1557 84.00 110.00 454.00 349.00 0 88
2008_006045 -0.1535 78.00 209.00 192.00 283.00 10 83
2008_006045 -0.1511 97.00 69.00 251.00 168.00 0 83
2008_006072 -0.1711 103.00 130.00 311.00 265.00 337 101
2008_006072 -0.1665 123.00 278.00 276.00 377.00 326 114
2008_006082 0.1502 75.00 166.00 352.00 345.00 1 99
2008_006169 -0.1654 6.00 234.00 119.00 307.00 9 103
2008_006169 -0.1570 119.00 261.00 199.00 313.00 17 102
2008_006169 -0.1559 107.00 85.00 259.00 184.00 2 90
2008_006169 -0.1517 51.00 179.00 140.00 236.00 335 95
2008_006169 -0.1515 25.00 211.00 230.00 344.00 339 102
2008_006169 -0.1511 216.00 140.00 327.00 211.00 4 91
2008_006185 0.1549 54.00 125.00 328.00 302.00 0 84
2008_006185 0.1593 87.00 141.00 293.00 274.00 0 121
2008_006240 -0.1715 178.00 22.00 332.00 121.00 0 101
2008_006240 -0.1589 77.00 24.00 444.00 262.00 0 81
2008_006359 10.1454 7.02 320.47 49.12 347.60 0 94
2008_006392 10.1722 258.92 188.70 344.59 270.64 340 99
2008_006392 10.1648 215.55 129.09 362.09 278.15 0 88
2008_006392 10.1469 43.38 231.46 124.42 314.45 0 85
2008_006489 -0.1515 192.00 123.00 255.00 164.00 6 108
2008_006489 -0.1501 382.00 135.00 432.00 167.00 10 83
2008_006519 0.1501 91.00 43.00 368.00 222.00 9 103
2008_006523 -0.1710 314.00 108.00 467.00 207.00 3 92
2008_006523 -0.1663 356.00 24.00 475.00 101.00 0 114
2008_006523 -0.1625 195.00 118.00 348.00 216.00 0 84
2008_006523 -0.1613 58.00 150.00 211.00 249.00 320 103
2008_006523 -0.1502 112.00 55.00 478.00 292.00 34 98
2008_006530 0.1613 67.00 37.00 436.00 275.00 34 98
2008_006530 0.1732 63.00 82.00 270.00 216.00 10 83
2008_006591 -0.1665 173.00 157.00 448.00 335.00 2 109
2008_006591 -0.1556 21.00 86.00 296.00 263.00 0 95
2008_006616 10.1526 37.00 103.81 359.30 258.00 0 89
2008_006631 0.1511 75.00 101.00 351.00 280.00 23 96
2008_006662 0.1563 46.00 85.00 414.00 323.00 6 103
2008_006662 0.1691 42.00 108.00 320.00 287.00 0 103
2008_006662 0.1563 174.00 135.00 447.00 311.00 8 88
2008_006665 10.0999 0.00 200.76 293.82 321.08 330 94
2008_006671 -0.1771 15.00 165.00 221.00 298.00 330 94
2008_006671 -0.1664 195.00 189.00 348.00 288.00 0 81
2008_006696 -0.1525 20.00 189.00 296.00 367.00 6 108
2008_006703 -0.1624 56.00 131.00 262.00 264.00 0 114
2008_006703 -0.1512 247.00 165.00 452.00 297.00 0 84
2008_006708 -0.1583 91.00 190.00 243.00 288.00 0 96
2008_006708 -0.1571 205.00 92.00 480.00 270.00 4 91
2008_006784 10.1476 185.67 192.91 300.07 251.41 0 84
2008_006784 10.1449 197.90 171.48 349.44 261.62 0 81
2008_006784 10.0931 175.51 150.13 327.49 225.00 4 91
2008_006824 -0.1631 107.00 141.00 259.00 240.00 0 81
2008_006824 -0.1583 383.00 20.00 416.00 42.00 0 96
2008_006824 -0.1573 261.00 140.00 346.00 195.00 0 93
2008_006824 -0.1559 315.00 7.00 388.00 54.00 0 78
2008_006824 -0.1521 56.00 163.00 119.00 204.00 40 102
2008_006828 10.1449 135.58 276.00 241.00 342.10 6 103
2008_006870 10.1289 20.00 19.14 166.41 96.79 27 108
2008_006900 -0.1690 216.00 141.00 421.00 274.00 0 81
2008_006900 -0.1535 19.00 63.00 388.00 301.00 0 85
2008_006941 10.1432 142.00 315.86 209.00 351.55 0 97
2008_006948 10.1458 66.84 135.32 251.32 316.38 0 121
2008_006979 10.1396 213.00 102.59 489.42 274.06 0 121
2008_006979 10.1306 271.00 126.98 528.71 387.61 9 103
2008_007034 -0.1969 358.00 90.00 473.00 164.00 0 83
2008_007034 -0.1906 30.00 90.00 144.00 164.00 0 85
2008_007034 -0.1729 20.00 53.00 297.00 232.00 0 106
2008_007034 -0.1660 408.00 56.00 455.00 86.00 341 96
2008_007042 -0.1655 56.00 131.00 262.00 264.00 0 81
2008_007050 10.1466 62.00 62.00 447.87 334.13 3 92
2008_007091 10.1213 14.31 150.95 172.19 209.13 0 84
2008_007123 0.1520 35.00 53.00 407.00 294.00 6 103
2008_007164 -0.1841 94.00 75.00 302.00 209.00 337 90
2008_007164 -0.1747 94.00 226.00 208.00 299.00 335 95
2008_007164 -0.1740 189.00 218.00 303.00 291.00 338 86
2008_007164 -0.1663 291.00 102.00 396.00 169.00 351 86
2008_007164 -0.1647 193.00 11.00 254.00 51.00 40 102
2008_007164 -0.1642 346.00 12.00 404.00 50.00 0 98
2008_007164 -0.1588 157.00 204.00 194.00 227.00 341 104
2008_007171 0.1576 84.00 110.00 454.00 350.00 0 100
2008_007187 -0.1572 44.00 76.00 318.00 254.00 0 106
2008_007189 -0.1541 359.00 163.00 472.00 236.00 342 117
2008_007189 -0.1536 13.00 156.00 98.00 211.00 16 89
2008_007194 0.1552 57.00 74.00 337.00 255.00 6 103
2008_007227 -0.1639 42.00 13.00 195.00 112.00 0 87
2008_007227 -0.1510 359.00 27.00 422.00 68.00 339 102
2008_007227 -0.1510 197.00 10.00 311.00 83.00 351 86
2008_007282 10.1581 244.96 260.02 394.56 336.20 0 121
2008_007282 10.1552 147.48 279.68 237.09 334.91 2 90
2008_007282 10.1475 223.88 433.22 418.66 524.48 0 114
2008_007287 10.1559 60.76 108.35 172.33 203.04 337 90
2008_007287 10.1478 202.97 101.35 346.23 195.83 18 101
2008_007287 10.0624 0.43 130.29 358.28 373.00 320 103
2008_007295 0.1537 197.00 167.00 469.00 332.00 353 108
2008_007324 0.1563 94.00 111.00 461.00 349.00 349 83
2008_007374 0.1587 92.00 36.00 463.00 276.00 0 114
2008_007393 10.1576 206.00 226.00 319.00 284.27 0 96
2008_007441 0.1726 93.00 62.00 463.00 302.00 0 121
2008_007452 10.1359 217.97 54.95 349.73 192.03 0 101
2008_007478 10.0540 344.92 63.61 496.39 278.36 2 104
2008_007488 0.1525 54.00 36.00 424.00 276.00 0 89
2008_007498 -0.1535 62.00 171.00 270.00 306.00 316 95
2008_007534 -0.1560 342.00 258.00 456.00 332.00 5 77
2008_007534 -0.1504 159.00 155.00 223.00 196.00 25 93
2008_007536 10.1594 183.00 16.80 263.00 51.91 0 96
2008_007536 0.1673 96.00 252.00 299.00 384.00 3 121
2008_007579 -0.1716 229.00 252.00 314.00 307.00 6 85
2008_007579 -0.1691 129.00 180.00 334.00 312.00 0 89
2008_007579 -0.1676 124.00 69.00 400.00 248.00 9 103
2008_007579 -0.1630 318.00 242.00 432.00 315.00 0 114
2008_007579 -0.1624 392.00 113.00 487.00 174.00 0 95
2008_007599 0.1527 157.00 151.00 432.00 328.00 0 89
2008_007617 10.1714 104.68 252.00 215.39 341.16 316 95
2008_007617 10.1573 405.32 51.01 465.00 79.45 2 92
2008_007635 0.1546 37.00 157.00 312.00 335.00 7 86
2008_007661 -0.1553 391.00 139.00 454.00 179.00 0 83
2008_007673 -0.1535 153.00 117.00 358.00 249.00 0 81
2008_007729 10.1526 423.00 212.37 487.00 247.46 326 85
2008_007757 0.1509 43.00 75.00 319.00 254.00 330 94
2008_007760 0.1515 140.00 108.00 416.00 286.00 1 103
2008_007791 0.1557 86.00 93.00 360.00 269.00 0 87
2008_007791 0.1622 129.00 107.00 334.00 240.00 34 98
2008_007791 0.1574 256.00 107.00 462.00 240.00 3 92
2008_007793 0.1562 21.00 31.00 296.00 208.00 349 83
2008_007798 10.1483 104.45 87.73 307.23 220.67 2 88
2008_007823 -0.1549 139.00 180.00 292.00 279.00 4 91
2008_007839 -0.1578 133.00 308.00 218.00 363.00 0 98
2008_007839 -0.1561 32.00 211.00 238.00 344.00 335 95
2008_007933 0.1532 20.00 92.00 296.00 270.00 0 85
2008_007933 0.1576 32.00 69.00 237.00 201.00 341 96
2008_008024 0.1505 108.00 166.00 383.00 345.00 349 83
2008_008025 0.1540 27.00 14.00 302.00 192.00 0 88
2008_008025 0.1584 81.00 27.00 285.00 160.00 42 95
2008_008091 0.1608 20.00 120.00 388.00 357.00 0 96
2008_008103 10.1494 150.94 277.00 392.51 442.72 12 106
2008_008103 10.1421 356.21 341.63 678.00 528.68 327 95
2008_008103 0.1600 11.00 69.00 286.00 247.00 34 98
2008_008120 0.1510 101.00 54.00 472.00 293.00 0 115
2008_008130 10.1338 294.22 361.53 532.48 511.65 0 95
2008_008134 10.1429 419.09 73.74 483.89 103.22 0 90
2008_008155 0.1502 16.00 37.00 383.00 275.00 0 78
2008_008155 0.1599 43.00 59.00 319.00 238.00 1 99
2008_008208 0.1564 76.00 179.00 351.00 358.00 42 95
2008_008234 10.1412 317.00 22.95 385.00 53.00 6 108
2008_008268 0.1532 71.00 61.00 276.00 194.00 3 84
2008_008268 0.1532 154.00 78.00 306.00 177.00 0 96
2008_008269 10.1467 222.68 312.30 286.05 374.49 0 76
2008_008269 10.1442 139.65 303.78 244.00 374.26 4 91
2008_008271 -0.1780 157.00 50.00 271.00 123.00 0 114
2008_008271 -0.1725 275.00 40.00 395.00 118.00 0 112
2008_008271 -0.1722 138.00 117.00 293.00 217.00 348 89
2008_008271 -0.1675 130.00 14.00 407.00 193.00 0 83
2008_008271 -0.1674 46.00 50.00 160.00 124.00 3 84
2008_008278 0.1593 21.00 76.00 296.00 254.00 0 88
2008_008301 -0.1843 14.00 71.00 385.00 311.00 0 85
2008_008301 -0.1555 407.00 69.00 488.00 121.00 0 85
2008_008313 -0.1505 62.00 26.00 176.00 100.00 0 85
2008_008380 -0.1563 25.00 189.00 179.00 289.00 4 91
2008_008380 -0.1529 202.00 189.00 355.00 288.00 0 81
2008_008387 -0.1755 58.00 78.00 211.00 177.00 0 95
2008_008387 -0.1715 277.00 236.00 362.00 291.00 0 94
2008_008387 -0.1592 3.00 246.00 108.00 313.00 316 95
2008_008406 -0.1754 141.00 228.00 226.00 283.00 0 81
2008_008424 -0.1706 21.00 209.00 136.00 283.00 0 78
2008_008424 -0.1675 179.00 206.00 331.00 304.00 338 102
2008_008424 -0.1549 32.00 124.00 237.00 257.00 0 87
2008_008424 -0.1518 234.00 134.00 387.00 233.00 320 103
2008_008446 -0.1604 4.00 267.00 42.00 292.00 0 103
2008_008446 -0.1563 101.00 228.00 186.00 283.00 0 100
2008_008446 -0.1539 13.00 203.00 50.00 227.00 0 112
2008_008446 -0.1528 179.00 222.00 332.00 321.00 9 103
2008_008446 -0.1519 340.00 259.00 427.00 316.00 0 96
2008_008446 -0.1515 5.00 260.00 90.00 315.00 1 101
2008_008461 -0.1661 157.00 26.00 271.00 99.00 316 111
2008_008461 -0.1583 142.00 314.00 256.00 388.00 0 114
2008_008461 -0.1552 256.00 193.00 351.00 254.00 0 98
2008_008461 -0.1535 237.00 345.00 305.00 389.00 337 90
2008_008461 -0.1528 269.00 41.00 336.00 85.00 336 117
2008_008461 -0.1527 157.00 185.00 271.00 259.00 0 99
2008_008470 10.1762 251.85 206.00 441.76 342.77 335 95
2008_008470 10.1620 122.00 218.84 326.00 362.00 0 97
2008_008470 10.1515 29.02 218.86 336.16 346.00 14 81
2008_008470 10.0829 249.63 181.44 419.78 337.82 0 78
2008_008537 -0.1867 26.00 69.00 179.00 168.00 3 92
2008_008537 -0.1778 173.00 90.00 287.00 164.00 5 92
2008_008537 -0.1737 81.00 173.00 235.00 272.00 341 96
2008_008537 -0.1698 282.00 85.00 389.00 154.00 0 81
2008_008537 -0.1648 263.00 179.00 470.00 313.00 332 99
2008_008537 -0.1564 62.00 36.00 433.00 276.00 0 108
2008_008538 10.1511 258.15 264.52 388.12 370.42 8 95
2008_008538 10.1467 59.00 204.00 342.69 373.97 329 88
2008_008538 10.0564 82.35 186.25 311.11 365.93 336 95
2008_008554 10.1547 238.44 180.31 436.33 261.99 0 121
2008_008554 10.1450 46.00 188.16 188.96 297.38 0 102
2008_008554 10.1391 257.56 81.98 422.70 257.40 341 96
2008_008554 10.1365 197.05 195.42 347.23 346.54 3 120
2008_008554 10.1365 524.38 181.89 620.39 297.77 3 120
2008_008574 10.1709 146.11 64.69 340.04 186.84 0 93
2008_008574 10.1573 98.29 44.10 385.58 214.76 0 96
2008_008606 10.0612 124.96 96.36 496.02 321.08 323 112
2008_008615 0.1571 102.00 102.00 377.00 280.00 0 85
2008_008621 10.1392 341.88 344.13 535.05 531.67 348 89
2008_008622 10.1467 34.16 121.72 429.24 316.80 0 106
2008_008628 10.1577 58.07 260.93 194.00 322.99 14 99
2008_008628 10.1501 190.00 303.09 284.26 353.11 0 81
2008_008628 10.0511 36.73 227.65 210.83 308.71 339 102
2008_008629 0.1526 191.00 13.00 397.00 146.00 9 103
2008_008658 10.1514 247.67 257.89 513.72 460.83 2 88
2008_008658 10.1373 445.33 159.40 710.95 251.00 337 112
2008_008700 10.1583 128.54 409.00 240.00 471.18 0 95
2008_008705 10.1588 392.27 118.23 470.00 161.00 338 102
2008_008724 -0.1588 384.00 27.00 447.00 68.00 31 95
2008_008724 -0.1536 310.00 234.00 424.00 307.00 0 82
2008_008724 -0.1501 423.00 187.00 487.00 228.00 14 81
2008_008739 10.1300 80.00 90.00 142.00 126.00 0 96
2008_008751 -0.1516 125.00 204.00 210.00 259.00 331 106
2008_008772 10.1631 227.81 213.48 415.23 338.77 0 96
2009_000035 -0.1513 152.00 277.00 183.00 297.00 331 98
2009_000035 -0.1508 167.00 253.00 200.00 274.00 1 102
2009_000078 0.1589 191.00 99.00 397.00 233.00 338 86
2009_000078 0.1564 88.00 156.00 293.00 288.00 0 81
2009_000084 -0.1693 19.00 94.00 171.00 193.00 0 81
2009_000084 -0.1675 232.00 76.00 438.00 208.00 0 84
2009_000087 10.1663 232.00 257.57 479.42 396.79 37 121
2009_000087 10.1326 178.97 333.21 429.00 443.05 2 92
2009_000089 0.1618 92.00 101.00 463.00 341.00 0 96
2009_000090 0.1516 157.00 125.00 432.00 302.00 0 94
2009_000096 10.1611 252.61 143.82 389.00 227.00 321 114
2009_000096 10.1567 268.13 146.26 452.27 250.21 0 95
2009_000096 10.1489 231.35 136.67 438.61 244.60 3 92
2009_000124 -0.1587 95.00 124.00 300.00 257.00 0 106
2009_000124 -0.1552 318.00 138.00 480.00 243.00 0 83
2009_000124 -0.1526 237.00 252.00 322.00 307.00 348 89
2009_000124 -0.1518 163.00 238.00 313.00 335.00 0 85
2009_000136 0.1591 119.00 157.00 392.00 332.00 0 94
2009_000142 10.1469 13.00 276.99 98.00 323.56 0 103
2009_000198 0.1615 52.00 44.00 425.00 285.00 0 83
2009_000225 0.1525 117.00 92.00 394.00 270.00 338 95
2009_000242 10.1460 101.31 223.14 464.39 341.96 330 94
2009_000284 -0.1556 6.00 250.00 72.00 292.00 29 89
2009_000284 -0.1535 232.00 218.00 295.00 259.00 13 77
2009_000298 -0.1520 197.00 204.00 282.00 259.00 10 83
2009_000298 -0.1501 95.00 20.00 300.00 153.00 9 103
2009_000328 10.1338 9.19 222.61 190.06 329.00 0 121
2009_000366 -0.1586 320.00 144.00 367.00 175.00 40 102
2009_000366 -0.1583 32.00 27.00 238.00 160.00 2 88
2009_000398 -0.1602 112.00 179.00 317.00 312.00 9 103
2009_000398 -0.1533 168.00 346.00 231.00 387.00 0 115
2009_000398 -0.1522 81.00 317.00 235.00 416.00 27 109
2009_000399 0.1550 131.00 86.00 406.00 263.00 8 103
2009_000422 0.1598 179.00 59.00 455.00 238.00 33 109
2009_000426 0.1542 37.00 46.00 405.00 284.00 3 120
2009_000483 -0.1645 184.00 196.00 390.00 329.00 0 96
2009_000483 -0.1524 270.00 74.00 384.00 148.00 0 96
2009_000487 10.1572 62.42 142.39 211.00 198.96 341 96
2009_000499 -0.1612 67.00 206.00 220.00 305.00 2 104
2009_000499 -0.1518 391.00 267.00 455.00 308.00 1 89
2009_000511 10.1543 269.00 100.00 404.00 196.79 339 95
2009_000519 0.1587 36.00 53.00 407.00 293.00 0 96
2009_000536 0.1527 28.00 173.00 302.00 350.00 0 94
2009_000536 0.1591 88.00 189.00 293.00 322.00 0 75
2009_000536 0.1559 95.00 107.00 300.00 240.00 24 105
2009_000545 10.1474 427.07 210.26 486.00 239.90 323 102
2009_000545 10.1439 18.11 207.65 67.96 230.89 337 90
2009_000552 10.1613 108.94 285.00 298.82 426.82 335 95
2009_000563 10.1196 430.00 315.30 855.00 597.32 2 90
2009_000590 10.1398 27.23 451.61 96.99 494.98 339 102
2009_000608 10.1482 14.00 240.69 65.00 263.55 6 103
2009_000661 10.1485 183.79 256.79 285.26 328.90 333 98
2009_000674 10.1358 91.86 358.79 280.00 459.00 4 91
2009_000674 10.0710 23.47 228.90 329.00 482.00 8 95
2009_000689 0.1521 102.00 141.00 377.00 318.00 1 100
2009_000732 10.1674 72.20 83.00 273.90 252.51 0 84
2009_000760 10.1647 219.82 196.16 332.83 280.53 0 94
2009_000791 0.1584 15.00 63.00 384.00 302.00 6 103
2009_000830 10.1615 313.42 235.14 375.00 266.89 2 92
2009_000830 10.1514 27.10 241.52 77.00 265.00 0 121
2009_000898 -0.1560 5.00 338.00 120.00 412.00 0 112
2009_000925 10.1466 39.00 50.02 295.00 203.00 42 95
2009_000925 10.0653 0.00 6.13 490.38 321.44 327 98
2009_000928 -0.1540 36.00 270.00 313.00 448.00 1 99
2009_000958 -0.1653 267.00 173.00 420.00 272.00 0 96
2009_000960 0.1605 92.00 62.00 464.00 302.00 10 90
2009_000995 10.1772 42.00 314.22 239.34 431.65 0 85
2009_000995 10.1462 159.93 82.17 419.00 230.53 4 91
2009_000995 0.1684 21.00 261.00 295.00 438.00 0 84
2009_001000 10.1383 343.00 27.20 404.74 58.12 346 89
2009_001021 10.1698 198.52 267.08 345.14 308.18 37 121
2009_001061 0.1502 112.00 148.00 317.00 281.00 0 96
2009_001069 0.1657 119.00 44.00 392.00 221.00 356 89
2009_001082 0.1647 265.00 236.00 468.00 367.00 9 103
2009_001083 0.1527 85.00 85.00 453.00 323.00 34 98
2009_001097 0.1739 86.00 44.00 360.00 221.00 1 97
2009_001148 0.1568 75.00 79.00 446.00 319.00 0 88
2009_001148 0.1669 179.00 150.00 455.00 329.00 0 81
2009_001194 -0.1696 157.00 172.00 242.00 227.00 334 89
2009_001215 10.1381 14.00 21.12 221.84 145.29 26 109
2009_001225 10.1536 15.68 141.85 220.00 236.76 334 104
2009_001227 -0.1637 302.00 114.00 416.00 188.00 0 100
2009_001227 -0.1614 140.00 59.00 416.00 238.00 0 88
2009_001227 -0.1555 32.00 172.00 237.00 305.00 6 103
2009_001227 -0.1543 231.00 254.00 310.00 304.00 1 100
2009_001243 10.1723 102.56 96.78 350.00 204.86 31 95
2009_001243 10.1603 80.10 102.64 464.63 373.00 0 81
2009_001252 -0.1545 159.00 300.00 192.00 322.00 0 95
2009_001252 -0.1529 72.00 246.00 103.00 265.00 2 106
2009_001252 -0.1505 273.00 321.00 318.00 350.00 2 109
2009_001252 -0.1504 384.00 328.00 431.00 359.00 2 90
2009_001255 0.1573 198.00 148.00 405.00 281.00 323 109
2009_001266 10.1355 208.94 235.04 320.00 310.15 37 121
2009_001299 10.1480 165.24 238.49 575.46 451.02 0 85
2009_001309 -0.1508 104.00 214.00 135.00 233.00 17 89
2009_001313 10.0994 232.16 156.17 403.35 214.00 0 85
2009_001321 -0.1639 64.00 264.00 111.00 295.00 10 83
2009_001321 -0.1620 293.00 252.00 378.00 307.00 14 81
2009_001321 -0.1618 16.00 264.00 63.00 295.00 14 81
2009_001321 -0.1534 7.00 243.00 118.00 315.00 316 95
2009_001321 -0.1531 150.00 218.00 264.00 291.00 3 121
2009_001322 0.1592 247.00 197.00 452.00 329.00 37 121
2009_001343 10.1570 225.05 221.06 382.23 317.00 1 102
2009_001343 10.1490 260.30 176.63 411.01 352.53 27 102
2009_001343 10.1479 175.98 247.15 363.20 413.98 9 103
2009_001348 -0.1717 31.00 171.00 239.00 306.00 26 109
2009_001348 -0.1565 94.00 331.00 301.00 465.00 16 116
2009_001366 0.1566 53.00 53.00 424.00 293.00 34 98
2009_001393 10.1473 57.61 276.83 172.69 371.80 0 121
2009_001409 -0.1670 254.00 155.00 368.00 228.00 0 96
2009_001409 -0.1590 174.00 146.00 240.00 189.00 349 83
2009_001409 -0.1578 173.00 106.00 287.00 180.00 4 91
2009_001409 -0.1575 24.00 128.00 71.00 159.00 326 85
2009_001409 -0.1561 62.00 114.00 176.00 188.00 337 112
2009_001409 -0.1541 180.00 182.00 235.00 217.00 4 91
2009_001409 -0.1524 289.00 20.00 398.00 91.00 23 96
2009_001414 10.1418 408.00 155.12 467.54 187.98 0 115
2009_001437 10.1615 123.00 219.12 211.88 296.88 6 108
2009_001440 10.1717 171.75 101.31 490.00 327.54 39 103
2009_001440 10.1367 35.02 371.81 484.07 647.80 39 103
2009_001440 0.1539 74.00 79.00 446.00 320.00 3 92
2009_001539 0.1512 216.00 204.00 420.00 336.00 0 106
2009_001587 -0.1653 202.00 29.00 355.00 128.00 9 103
2009_001587 -0.1615 93.00 172.00 178.00 227.00 20 114
2009_001587 -0.1571 6.00 119.00 56.00 151.00 3 84
2009_001587 -0.1566 314.00 166.00 466.00 265.00 335 95
2009_001587 -0.1551 112.00 62.00 190.00 113.00 0 107
2009_001587 -0.1533 80.00 116.00 286.00 250.00 323 112
2009_001593 -0.1611 46.00 401.00 160.00 475.00 0 100
2009_001593 -0.1542 169.00 373.00 323.00 472.00 37 105
2009_001621 10.1675 133.00 156.00 257.75 249.94 0 78
2009_001621 10.1503 53.47 150.59 186.74 312.55 336 96
2009_001631 10.1629 219.14 262.83 369.12 362.00 15 124
2009_001631 10.1184 243.21 84.19 378.30 231.15 0 88
2009_001644 10.1534 143.78 186.95 306.20 237.28 340 99
2009_001644 10.1446 113.30 163.48 308.66 247.31 0 96
2009_001682 -0.1653 195.00 189.00 348.00 288.00 33 109
2009_001709 0.1521 53.00 173.00 328.00 351.00 31 95
2009_001731 10.1748 196.05 207.26 367.80 285.82 42 95
2009_001731 10.1269 178.60 194.47 361.30 271.19 0 83
2009_001752 -0.1820 213.00 114.00 328.00 188.00 2 89
2009_001752 -0.1759 189.00 92.00 464.00 270.00 1 102
2009_001752 -0.1715 74.00 173.00 227.00 272.00 4 91
2009_001765 0.1523 15.00 68.00 220.00 201.00 33 109
2009_001775 0.1616 190.00 190.00 463.00 366.00 3 121
2009_001780 0.1511 80.00 196.00 286.00 329.00 9 103
2009_001784 10.1593 95.00 165.26 349.04 311.83 0 114
2009_001794 10.1483 303.00 154.66 388.01 221.00 0 98
2009_001804 0.1539 75.00 80.00 446.00 319.00 327 95
2009_001822 0.1574 52.00 35.00 425.00 276.00 320 103
2009_001850 10.1448 283.73 128.22 365.38 177.68 0 100
2009_001967 0.1555 148.00 167.00 422.00 344.00 342 117
2009_001980 10.1394 40.42 98.63 273.22 201.26 3 120
2009_002024 10.1591 318.00 82.00 482.00 162.88 1 99
2009_002055 -0.1573 309.00 68.00 394.00 123.00 0 100
2009_002055 -0.1561 163.00 245.00 315.00 344.00 34 98
2009_002073 0.1542 54.00 72.00 423.00 310.00 330 94
2009_002087 0.1523 172.00 92.00 449.00 270.00 3 92
2009_002111 -0.1569 114.00 357.00 267.00 456.00 0 121
2009_002111 -0.1518 167.00 51.00 231.00 92.00 0 85
2009_002111 -0.1504 60.00 189.00 335.00 367.00 9 103
2009_002222 10.1430 314.21 160.44 428.00 225.31 16 116
2009_002306 -0.1544 222.00 234.00 335.00 307.00 0 89
2009_002325 10.1892 146.65 183.39 355.68 297.40 0 84
2009_002325 10.1335 362.37 278.89 568.18 342.00 0 82
2009_002325 10.1106 269.66 103.89 404.19 206.25 40 102
2009_002325 10.1106 123.00 93.73 245.07 190.06 40 102
2009_002346 10.1539 329.00 25.24 464.28 92.57 5 102
2009_002366 10.1484 179.00 329.02 235.00 359.67 0 98
2009_002415 10.1084 93.25 242.64 324.64 377.57 38 117
2009_002457 0.1648 44.00 62.00 415.00 302.00 0 78
2009_002475 -0.1697 80.00 48.00 127.00 79.00 341 104
2009_002568 10.1492 388.94 276.08 450.00 307.79 0 95
2009_002568 0.1565 247.00 124.00 453.00 257.00 16 109
2009_002571 10.1559 35.00 96.85 216.57 190.52 335 95
2009_002571 10.1494 7.00 265.57 176.16 376.87 37 101
2009_002571 10.1208 224.78 186.87 443.94 328.16 0 82
2009_002634 -0.1608 213.00 300.00 298.00 355.00 339 102
2009_002634 -0.1582 5.00 266.00 120.00 340.00 40 102
2009_002634 -0.1543 173.00 258.00 287.00 331.00 326 85
2009_002638 0.1523 36.00 110.00 406.00 349.00 349 83
2009_002670 -0.1736 45.00 372.00 130.00 427.00 0 78
2009_002670 -0.1546 16.00 349.00 220.00 481.00 339 107
2009_002670 -0.1523 196.00 105.00 313.00 181.00 40 102
2009_002673 10.1587 251.00 150.36 432.51 276.67 3 92
2009_002673 10.1542 92.66 155.08 398.94 299.73 23 96
2009_002673 10.0674 26.12 130.00 408.59 294.80 0 85
2009_002681 0.1530 43.00 83.00 416.00 324.00 9 102
2009_002683 10.1560 109.39 212.34 270.35 363.95 337 112
2009_002683 10.1263 168.00 293.20 283.06 355.00 0 81
2009_002683 10.1263 257.51 165.31 455.13 295.13 0 81
2009_002684 -0.1517 15.00 83.00 220.00 216.00 2 90
2009_002712 0.1510 85.00 111.00 453.00 349.00 3 121
2009_002717 10.1658 150.00 217.00 315.00 333.56 0 99
2009_002717 10.0577 37.31 70.01 499.00 373.00 0 102
2009_002741 -0.1505 232.00 148.00 438.00 281.00 0 106
2009_002755 0.1708 160.00 100.00 365.00 232.00 350 92
2009_002779 -0.1520 304.00 152.00 351.00 182.00 1 97
2009_002876 0.1523 66.00 84.00 437.00 324.00 23 96
2009_002876 0.1500 45.00 141.00 317.00 318.00 2 109
2009_002877 0.1515 16.00 28.00 220.00 160.00 0 85
2009_002887 -0.1722 127.00 139.00 191.00 179.00 8 95
2009_002887 -0.1661 58.00 109.00 211.00 207.00 1 101
2009_002887 -0.1602 177.00 9.00 270.00 70.00 0 85
2009_002887 -0.1514 51.00 6.00 204.00 105.00 0 81
2009_002894 10.1477 208.89 359.87 312.78 452.10 0 121
2009_002910 0.1504 84.00 28.00 454.00 267.00 9 103
2009_002920 -0.1532 51.00 157.00 204.00 256.00 341 96
2009_002928 0.1513 215.00 68.00 421.00 201.00 0 89
2009_002938 -0.1544 335.00 227.00 399.00 267.00 323 109
2009_002938 -0.1513 26.00 150.00 178.00 249.00 3 92
2009_002986 -0.1510 53.00 28.00 424.00 267.00 9 103
2009_002998 -0.1604 38.00 99.00 246.00 233.00 31 89
2009_003003 -0.1655 107.00 36.00 260.00 135.00 0 96
2009_003003 -0.1609 205.00 420.00 290.00 475.00 0 103
2009_003003 -0.1608 261.00 68.00 346.00 123.00 0 88
2009_003003 -0.1586 259.00 107.00 348.00 164.00 0 85
2009_003033 0.1571 37.00 24.00 406.00 262.00 9 103
2009_003074 -0.1671 218.00 252.00 372.00 352.00 37 121
2009_003074 -0.1544 156.00 166.00 432.00 345.00 24 105
2009_003114 10.1376 2.00 209.58 145.19 262.91 4 91
2009_003123 10.1822 145.83 213.56 331.37 309.88 0 121
2009_003123 10.1464 91.18 222.00 221.00 321.58 336 108
2009_003123 10.1460 99.64 223.56 412.38 365.69 1 99
2009_003130 10.1363 438.00 235.58 484.44 263.00 339 102
2009_003136 -0.1751 77.00 148.00 162.00 203.00 2 89
2009_003136 -0.1719 152.00 189.00 359.00 322.00 0 125
2009_003136 -0.1683 196.00 43.00 471.00 221.00 0 82
2009_003136 -0.1617 14.00 210.00 176.00 314.00 0 112
2009_003183 -0.1577 76.00 0.00 444.00 236.00 341 96
2009_003183 -0.1574 93.00 300.00 178.00 355.00 0 97
2009_003185 0.1526 60.00 92.00 334.00 269.00 321 97
2009_003201 -0.1596 18.00 349.00 172.00 449.00 331 106
2009_003201 -0.1524 94.00 203.00 301.00 337.00 27 108
2009_003217 0.1528 62.00 84.00 432.00 323.00 0 96
2009_003251 10.1591 221.00 276.00 356.00 378.30 2 109
2009_003262 0.1633 43.00 69.00 319.00 248.00 0 82
2009_003282 10.1296 15.42 44.00 146.38 149.91 26 109
2009_003288 -0.1510 288.00 384.00 335.00 415.00 0 85
2009_003311 0.1503 157.00 44.00 432.00 221.00 335 95
2009_003320 10.1189 261.00 686.37 569.51 957.00 0 78
2009_003347 -0.1541 90.00 108.00 244.00 208.00 1 100
2009_003347 -0.1513 80.00 189.00 286.00 322.00 0 81
2009_003348 0.1502 60.00 76.00 334.00 253.00 356 89
2009_003373 10.1676 172.00 199.44 425.47 314.00 0 88
2009_003373 10.1376 431.00 164.91 553.49 297.00 40 102
2009_003373 10.1073 97.03 183.14 237.00 318.47 9 103
2009_003373 10.0736 24.81 162.58 416.49 365.82 0 95
2009_003394 10.1642 146.00 93.59 473.00 288.00 34 98
2009_003462 -0.1628 146.00 150.00 299.00 249.00 3 92
2009_003462 -0.1615 16.00 184.00 63.00 215.00 2 89
2009_003462 -0.1548 403.00 144.00 475.00 190.00 0 102
2009_003462 -0.1533 48.00 192.00 95.00 223.00 327 109
2009_003462 -0.1511 18.00 150.00 171.00 249.00 3 120
2009_003500 0.1574 93.00 0.00 463.00 236.00 3 92
2009_003504 0.1532 37.00 71.00 406.00 310.00 0 108
2009_003528 -0.1531 165.00 10.00 279.00 83.00 0 116
2009_003544 -0.1638 125.00 308.00 210.00 363.00 0 103
2009_003554 10.1650 136.90 226.71 238.84 305.25 320 103
2009_003554 10.1571 129.63 195.07 289.39 306.58 318 113
2009_003564 10.1699 159.05 164.33 292.00 242.45 339 102
2009_003564 10.1606 39.38 170.41 295.00 266.00 0 87
2009_003564 10.1502 65.49 174.43 424.25 339.58 2 106
2009_003581 10.1380 13.19 314.21 266.30 480.45 0 85
2009_003607 10.1405 674.25 162.13 945.00 413.00 4 91
2009_003637 10.1434 306.80 394.63 385.00 434.79 0 99
2009_003637 10.1418 214.97 400.38 290.00 435.32 0 94
2009_003642 10.1403 220.00 361.51 352.69 551.02 0 94
2009_003642 0.1541 153.00 196.00 358.00 329.00 348 89
2009_003642 0.1534 129.00 339.00 334.00 471.00 3 85
2009_003671 0.1557 102.00 60.00 376.00 237.00 31 95
2009_003726 -0.1614 126.00 266.00 240.00 339.00 0 106
2009_003726 -0.1571 326.00 258.00 440.00 331.00 40 102
2009_003726 -0.1551 16.00 320.00 63.00 350.00 6 103
2009_003726 -0.1531 320.00 124.00 431.00 195.00 0 96
2009_003726 -0.1512 53.00 268.00 138.00 323.00 3 120
2009_003758 10.1576 399.00 289.26 480.00 326.17 0 85
2009_003758 0.1505 83.00 27.00 455.00 267.00 0 96
2009_003810 0.1588 68.00 111.00 436.00 349.00 337 90
2009_003822 0.1560 93.00 102.00 463.00 341.00 0 81
2009_003836 10.1635 231.97 250.06 342.60 310.13 1 119
2009_003903 0.1543 46.00 46.00 414.00 284.00 42 95
2009_003903 0.1546 76.00 76.00 350.00 253.00 9 103
2009_003903 0.1638 8.00 100.00 213.00 232.00 34 98
2009_003903 0.1566 119.00 100.00 325.00 233.00 9 103
2009_003903 0.1510 216.00 165.00 421.00 298.00 34 98
2009_003903 0.1683 98.00 118.00 250.00 216.00 9 103
2009_003903 0.1606 179.00 181.00 331.00 279.00 34 98
2009_003929 -0.1563 56.00 356.00 261.00 488.00 2 109
2009_003944 0.1514 147.00 173.00 422.00 351.00 24 105
2009_003969 -0.1698 105.00 69.00 310.00 201.00 350 115
2009_003969 -0.1630 39.00 235.00 244.00 368.00 0 96
2009_003969 -0.1511 237.00 260.00 322.00 315.00 338 95
2009_003995 10.1794 13.00 160.17 128.00 216.09 0 103
2009_003995 10.1392 38.95 174.98 146.23 249.96 0 103
2009_004031 -0.1623 271.00 124.00 477.00 257.00 0 121
2009_004031 -0.1535 83.00 71.00 455.00 311.00 9 103
2009_004033 10.1368 101.00 28.00 236.00 122.17 6 103
2009_004138 0.1772 44.00 101.00 415.00 341.00 0 89
2009_004161 10.1427 81.00 234.89 278.59 346.00 3 120
2009_004166 0.1586 56.00 172.00 261.00 305.00 0 96
2009_004188 10.1467 48.31 113.10 302.90 266.00 1 99
2009_004188 10.0601 24.57 79.27 459.54 371.45 1 97
2009_004247 -0.1723 110.00 201.00 224.00 275.00 334 89
2009_004262 -0.1754 139.00 101.00 292.00 200.00 346 89
2009_004262 -0.1567 38.00 138.00 152.00 212.00 0 90
2009_004263 10.1537 119.42 300.00 317.00 410.73 1 119
2009_004346 0.1562 16.00 173.00 220.00 305.00 0 82
2009_004390 10.1613 148.95 173.44 349.00 314.93 0 103
2009_004390 10.1538 301.00 196.00 483.00 317.45 0 100
2009_004402 -0.1636 213.00 90.00 328.00 164.00 349 83
2009_004402 -0.1634 199.00 131.00 404.00 264.00 2 104
2009_004402 -0.1624 303.00 64.00 447.00 157.00 320 103
2009_004402 -0.1609 128.00 99.00 239.00 172.00 0 101
2009_004402 -0.1556 383.00 13.00 463.00 65.00 42 95
2009_004402 -0.1544 111.00 27.00 317.00 160.00 321 112
2009_004419 10.1503 101.40 211.04 228.00 306.32 0 96
2009_004419 10.1428 107.00 214.61 411.56 362.00 9 103
2009_004419 10.0609 293.96 173.95 490.02 353.59 3 108
2009_004435 10.1448 218.00 202.01 421.00 342.89 0 81
2009_004457 0.1602 91.00 30.00 368.00 209.00 38 117
2009_004468 0.1551 53.00 118.00 328.00 296.00 341 96
2009_004471 0.1676 67.00 54.00 437.00 293.00 335 95
2009_004496 10.1378 270.22 93.10 461.77 256.67 323 112
2009_004507 10.1470 381.00 50.72 466.00 90.81 348 88
2009_004509 -0.1579 258.00 190.00 411.00 288.00 0 101
2009_004509 -0.1545 67.00 206.00 220.00 305.00 5 92
2009_004509 -0.1527 415.00 202.00 480.00 244.00 0 88
2009_004509 -0.1513 270.00 74.00 384.00 148.00 34 98
2009_004509 -0.1505 426.00 301.00 484.00 338.00 0 121
2009_004530 -0.1736 38.00 114.00 152.00 188.00 0 100
2009_004530 -0.1575 221.00 124.00 306.00 179.00 0 90
2009_004530 -0.1565 25.00 37.00 230.00 170.00 3 84
2009_004530 -0.1538 256.00 360.00 303.00 390.00 0 95
2009_004548 0.1524 102.00 109.00 376.00 286.00 14 81
2009_004551 0.1514 129.00 93.00 334.00 225.00 0 88
2009_004624 0.1535 118.00 141.00 393.00 318.00 14 81
2009_004669 10.1675 42.00 183.69 165.00 233.67 341 96
2009_004687 10.0616 4.00 153.50 196.18 372.91 6 108
2009_004780 10.1432 425.21 143.75 487.00 177.96 27 108
2009_004789 0.1649 117.00 118.00 394.00 296.00 30 123
2009_004820 0.1516 85.00 46.00 453.00 284.00 13 103
2009_004822 10.1661 346.94 275.24 432.00 347.79 330 94
2009_004823 10.1501 159.00 265.90 256.94 343.95 349 83
2009_004823 10.1494 10.85 137.49 122.00 199.82 0 90
2009_004823 10.1453 118.00 306.64 236.00 371.13 341 104
2009_004865 10.1577 60.53 393.00 160.00 467.00 0 100
2009_004886 -0.1558 29.00 204.00 114.00 259.00 316 105
2009_004886 -0.1534 155.00 95.00 227.00 142.00 0 94
2009_004886 -0.1520 130.00 13.00 283.00 112.00 7 86
2009_004930 -0.1575 47.00 107.00 252.00 240.00 0 88
2009_004961 -0.1564 256.00 214.00 287.00 233.00 336 108
2009_004961 -0.1543 186.00 173.00 339.00 272.00 5 92
2009_004961 -0.1507 31.00 275.00 94.00 316.00 0 81
2009_004993 10.1480 120.22 164.97 408.77 337.74 1 99
2009_005019 0.1655 225.00 101.00 378.00 200.00 3 92
2009_005060 0.1592 93.00 84.00 463.00 323.00 0 84
2009_005062 0.1556 53.00 69.00 328.00 247.00 3 92
2009_005083 -0.1748 338.00 52.00 492.00 152.00 1 101
2009_005083 -0.1549 344.00 19.00 407.00 59.00 9 103
2009_005083 -0.1546 206.00 154.00 272.00 197.00 20 114
2009_005148 -0.1684 46.00 26.00 160.00 99.00 2 109
2009_005148 -0.1640 189.00 147.00 303.00 220.00 1 99
2009_005148 -0.1640 75.00 134.00 227.00 232.00 9 103
2009_005148 -0.1602 204.00 30.00 307.00 97.00 334 104
2009_005149 0.1580 54.00 102.00 423.00 340.00 0 81
2009_005149 0.1601 20.00 124.00 296.00 303.00 3 92
2009_005149 0.1537 157.00 124.00 432.00 302.00 0 88
2009_005150 -0.1531 70.00 393.00 184.00 467.00 2 90
2009_005150 -0.1504 104.00 280.00 151.00 310.00 0 88
2009_005171 10.1495 13.25 246.09 130.00 307.52 7 86
2009_005178 0.1602 172.00 188.00 449.00 368.00 0 106
2009_005185 10.0992 240.00 62.51 444.01 211.55 27 108
2009_005205 -0.1602 90.00 261.00 244.00 361.00 9 103
2009_005205 -0.1579 53.00 141.00 328.00 318.00 327 95
2009_005205 -0.1506 150.00 379.00 265.00 452.00 1 99
2009_005239 0.1602 37.00 63.00 405.00 301.00 0 93
2009_005268 -0.1512 197.00 90.00 311.00 164.00 343 100
2010_000035 0.1526 131.00 76.00 406.00 254.00 335 95
2010_000036 0.1539 180.00 86.00 454.00 263.00 3 92
2010_000053 -0.1723 51.00 139.00 330.00 320.00 338 102
2010_000053 -0.1556 318.00 210.00 480.00 315.00 321 112
2010_000084 0.1521 173.00 125.00 448.00 302.00 0 87
2010_000085 10.1573 63.49 75.72 121.00 115.87 0 82
2010_000087 10.1597 338.38 271.14 421.00 312.07 0 107
2010_000087 0.1526 163.00 167.00 438.00 344.00 0 96
2010_000159 0.1505 102.00 76.00 377.00 254.00 0 101
2010_000193 0.1611 26.00 5.00 399.00 246.00 333 99
2010_000202 -0.1577 134.00 201.00 248.00 275.00 8 95
2010_000202 -0.1555 11.00 179.00 100.00 236.00 20 114
2010_000202 -0.1548 238.00 34.00 352.00 107.00 349 83
2010_000246 0.1509 173.00 31.00 448.00 208.00 22 100
2010_000256 10.1551 273.91 180.99 473.94 303.96 0 96
2010_000256 10.1456 56.57 82.86 427.52 241.12 0 106
2010_000284 10.1373 406.94 354.44 564.32 506.98 0 112
2010_000284 10.1368 24.00 221.73 144.97 382.00 4 91
2010_000284 10.1368 210.47 266.65 394.00 396.94 4 91
2010_000313 0.1513 85.00 166.00 361.00 345.00 0 81
2010_000321 0.1587 92.00 37.00 367.00 215.00 0 96
2010_000336 0.1542 101.00 101.00 472.00 341.00 3 120
2010_000344 10.1503 254.00 284.15 303.00 316.00 27 109
2010_000344 10.1488 355.86 302.14 603.97 444.62 0 101
2010_000372 0.1538 28.00 37.00 397.00 275.00 6 108
2010_000379 -0.1799 258.00 213.00 411.00 312.00 0 85
2010_000379 -0.1665 270.00 138.00 384.00 212.00 0 114
2010_000379 -0.1628 235.00 69.00 387.00 168.00 0 85
2010_000379 -0.1507 61.00 84.00 433.00 324.00 0 85
2010_000381 0.1591 82.00 53.00 456.00 294.00 20 114
2010_000382 -0.1632 90.00 197.00 243.00 296.00 0 121
2010_000382 -0.1531 16.00 240.00 63.00 270.00 2 89
2010_000399 -0.1564 300.00 171.00 387.00 228.00 323 112
2010_000399 -0.1546 244.00 220.00 331.00 275.00 0 100
2010_000399 -0.1542 146.00 287.00 269.00 366.00 323 102
2010_000399 -0.1535 152.00 220.00 359.00 354.00 0 106
2010_000399 -0.1531 218.00 132.00 276.00 170.00 0 88
2010_000399 -0.1513 86.00 186.00 152.00 229.00 327 95
2010_000461 -0.1724 118.00 242.00 233.00 316.00 37 101
2010_000461 -0.1650 29.00 300.00 114.00 355.00 350 92
2010_000461 -0.1623 15.00 179.00 220.00 312.00 0 89
2010_000461 -0.1619 106.00 304.00 180.00 351.00 0 85
2010_000461 -0.1567 208.00 44.00 414.00 177.00 4 91
2010_000470 0.1507 118.00 60.00 393.00 237.00 337 90
2010_000485 -0.1659 149.00 268.00 234.00 323.00 337 101
2010_000485 -0.1548 40.00 235.00 244.00 367.00 349 83
2010_000485 -0.1518 165.00 401.00 279.00 475.00 3 108
2010_000485 -0.1501 59.00 413.00 164.00 482.00 40 102
2010_000547 -0.1533 66.00 93.00 437.00 332.00 0 96
2010_000590 10.1456 32.00 354.82 113.38 396.83 9 103
2010_000622 -0.1548 62.00 171.00 176.00 244.00 0 96
2010_000622 -0.1546 222.00 171.00 335.00 244.00 0 87
2010_000633 0.1531 38.00 70.00 311.00 247.00 0 94
2010_000682 0.1538 38.00 60.00 311.00 237.00 14 81
2010_000690 -0.1643 214.00 34.00 327.00 107.00 3 121
2010_000692 -0.1611 97.00 134.00 251.00 233.00 323 109
2010_000692 -0.1585 122.00 271.00 245.00 351.00 0 103
2010_000692 -0.1583 64.00 81.00 431.00 318.00 0 89
2010_000692 -0.1510 110.00 12.00 192.00 66.00 0 97
2010_000697 10.1652 72.19 290.71 136.00 319.77 2 92
2010_000705 10.1703 313.00 233.13 465.01 320.55 358 107
2010_000724 -0.1535 144.00 338.00 207.00 379.00 0 88
2010_000726 0.1507 45.00 102.00 415.00 341.00 1 102
2010_000729 -0.1569 22.00 98.00 136.00 172.00 0 81
2010_000729 -0.1505 408.00 200.00 455.00 230.00 337 112
2010_000729 -0.1501 62.00 36.00 432.00 276.00 322 113
2010_000731 -0.1537 34.00 222.00 188.00 321.00 0 81
2010_000731 -0.1520 26.00 36.00 179.00 135.00 3 121
2010_000754 0.1526 179.00 118.00 455.00 296.00 316 111
2010_000764 -0.1629 165.00 66.00 279.00 140.00 341 96
2010_000764 -0.1582 269.00 92.00 354.00 147.00 0 98
2010_000764 -0.1513 13.00 106.00 128.00 180.00 0 87
2010_000764 -0.1504 291.00 267.00 380.00 324.00 0 112
2010_000788 0.1506 44.00 71.00 416.00 311.00 0 103
2010_000792 10.1386 9.00 319.07 70.00 354.11 27 108
2010_000792 10.1366 141.00 61.76 464.43 222.14 337 112
2010_000821 10.0958 35.00 187.52 293.76 367.85 0 121
2010_000830 10.1485 124.45 160.27 412.41 310.12 9 103
2010_000830 10.0637 191.97 142.27 381.00 283.31 335 106
2010_000830 0.1517 28.00 37.00 397.00 275.00 0 81
2010_000865 10.1501 89.35 156.06 149.00 184.87 335 106
2010_000865 0.1543 179.00 166.00 455.00 345.00 24 105
2010_000918 -0.1518 135.00 261.00 168.00 282.00 1 102
2010_000929 -0.1651 21.00 60.00 296.00 238.00 0 96
2010_000929 -0.1503 4.00 257.00 121.00 333.00 339 102
2010_000941 0.1515 80.00 172.00 286.00 305.00 0 98
2010_000955 0.1506 101.00 80.00 472.00 319.00 4 91
2010_000961 -0.1562 35.00 285.00 188.00 384.00 1 102
2010_000968 10.1419 43.66 91.53 254.73 235.13 339 94
2010_001016 10.1431 45.88 182.59 94.00 208.81 321 112
2010_001030 -0.1514 106.00 196.00 260.00 296.00 0 98
2010_001042 -0.1543 173.00 171.00 287.00 244.00 0 121
2010_001051 10.1485 187.90 63.70 316.00 148.40 15 124
2010_001051 10.1472 217.17 86.84 504.30 279.07 4 91
2010_001051 10.1462 8.00 93.48 213.00 222.62 9 103
2010_001104 -0.1625 10.00 294.00 162.00 393.00 0 96
2010_001104 -0.1582 181.00 274.00 295.00 348.00 0 102
2010_001104 -0.1522 37.00 270.00 312.00 448.00 323 112
2010_001147 -0.1639 216.00 44.00 421.00 177.00 34 98
2010_001147 -0.1572 69.00 28.00 154.00 83.00 0 94
2010_001147 -0.1563 80.00 211.00 286.00 344.00 0 81
2010_001147 -0.1563 6.00 29.00 184.00 143.00 351 86
2010_001149 10.1492 396.24 140.86 582.79 253.34 0 102
2010_001149 10.1477 380.01 248.22 464.00 343.95 4 91
2010_001149 10.1024 260.50 190.21 492.59 322.66 1 97
2010_001163 0.1503 146.00 179.00 423.00 358.00 42 95
2010_001164 -0.1625 173.00 196.00 258.00 251.00 7 93
2010_001164 -0.1610 58.00 190.00 211.00 288.00 337 90
2010_001164 -0.1589 367.00 333.00 400.00 354.00 0 96
2010_001164 -0.1579 86.00 141.00 360.00 318.00 0 121
2010_001164 -0.1573 389.00 307.00 426.00 331.00 0 98
2010_001164 -0.1558 36.00 330.00 75.00 356.00 0 95
2010_001189 10.1599 275.27 200.99 470.00 318.66 38 117
2010_001189 10.1564 68.03 219.59 179.62 321.41 0 85
2010_001189 10.1451 261.04 201.96 480.68 363.66 0 100
2010_001201 -0.1532 104.00 165.00 135.00 185.00 338 86
2010_001201 -0.1527 225.00 45.00 378.00 144.00 0 95
2010_001257 0.1502 95.00 117.00 300.00 249.00 3 92
2010_001294 0.1658 76.00 70.00 351.00 247.00 18 105
2010_001327 -0.1659 168.00 100.00 372.00 232.00 0 103
2010_001327 -0.1540 330.00 109.00 483.00 207.00 0 96
2010_001327 -0.1531 32.00 37.00 237.00 170.00 37 121
2010_001327 -0.1501 363.00 66.00 452.00 125.00 43 93
2010_001333 -0.1640 133.00 52.00 218.00 107.00 1 97
2010_001333 -0.1635 230.00 274.00 343.00 348.00 0 125
2010_001333 -0.1634 197.00 52.00 282.00 107.00 326 114
2010_001333 -0.1564 119.00 20.00 324.00 153.00 341 96
2010_001333 -0.1534 312.00 108.00 468.00 208.00 339 107
2010_001351 10.1083 0.00 184.48 406.35 325.00 2 109
2010_001367 10.1530 133.83 45.85 329.00 184.00 351 86
2010_001382 -0.1535 232.00 27.00 438.00 160.00 5 92
2010_001449 0.1566 15.00 85.00 384.00 323.00 3 97
2010_001449 0.1747 124.00 124.00 399.00 302.00 0 85
2010_001463 -0.1524 237.00 260.00 322.00 315.00 0 121
2010_001473 0.1500 69.00 102.00 345.00 280.00 8 95
2010_001522 -0.1526 85.00 124.00 361.00 303.00 0 96
2010_001539 0.1539 37.00 71.00 406.00 310.00 3 120
2010_001574 10.0618 69.51 130.21 499.00 373.00 23 91
2010_001606 10.1728 120.48 310.86 274.00 424.03 0 81
2010_001625 -0.1739 333.00 68.00 418.00 123.00 348 89
2010_001625 -0.1620 151.00 39.00 200.00 71.00 1 97
2010_001625 -0.1613 189.00 38.00 241.00 72.00 351 86
2010_001625 -0.1611 8.00 57.00 103.00 118.00 0 98
2010_001625 -0.1597 229.00 38.00 281.00 72.00 321 112
2010_001625 -0.1597 157.00 138.00 271.00 212.00 320 103
2010_001625 -0.1575 154.00 232.00 274.00 309.00 346 89
2010_001625 -0.1557 229.00 65.00 298.00 110.00 336 96
2010_001625 -0.1548 108.00 124.00 383.00 302.00 31 107
2010_001625 -0.1501 112.00 28.00 317.00 160.00 22 100
2010_001697 -0.1545 213.00 185.00 328.00 259.00 0 87
2010_001720 10.1597 247.00 61.83 406.06 152.10 0 88
2010_001737 -0.1529 101.00 173.00 377.00 351.00 9 103
2010_001763 10.1648 156.00 64.01 483.00 257.62 9 103
2010_001767 10.1640 133.00 230.64 259.01 327.11 0 78
2010_001771 0.1524 119.00 86.00 392.00 263.00 20 114
2010_001796 -0.1569 38.00 92.00 246.00 226.00 326 88
2010_001796 -0.1509 54.00 2.00 168.00 75.00 9 102
2010_001819 -0.1702 184.00 155.00 390.00 288.00 0 85
2010_001828 0.1509 157.00 76.00 432.00 254.00 31 95
2010_001851 10.1448 220.11 151.46 253.39 187.54 0 104
2010_001862 10.1597 251.00 213.00 446.10 354.84 9 103
2010_001877 -0.1524 278.00 298.00 392.00 372.00 3 97
2010_001877 -0.1515 110.00 330.00 224.00 404.00 323 109
2010_001891 10.1485 51.41 74.15 127.00 111.55 331 98
2010_001929 10.1429 173.00 287.55 306.45 380.89 3 120
2010_001962 -0.1809 195.00 124.00 471.00 303.00 0 101
2010_001962 -0.1525 48.00 139.00 111.00 179.00 24 105
2010_001968 10.1568 366.00 106.98 481.00 171.62 2 90
2010_002000 -0.1606 149.00 124.00 234.00 179.00 1 101
2010_002000 -0.1531 405.00 268.00 490.00 323.00 8 95
2010_002000 -0.1530 0.00 88.00 47.00 119.00 0 97
2010_002000 -0.1505 146.00 69.00 423.00 248.00 4 91
2010_002050 10.1395 16.00 51.00 113.51 134.88 8 103
2010_002060 10.1388 297.00 116.53 501.00 240.25 1 100
2010_002094 -0.1638 149.00 244.00 234.00 299.00 0 98
2010_002094 -0.1570 188.00 146.00 304.00 221.00 320 103
2010_002094 -0.1524 25.00 217.00 118.00 278.00 0 96
2010_002098 10.1424 188.00 53.37 236.00 82.00 334 89
2010_002098 10.1415 156.00 132.05 238.07 177.48 3 120
2010_002102 0.1532 63.00 46.00 431.00 284.00 339 107
2010_002117 -0.1664 134.00 346.00 248.00 420.00 0 106
2010_002117 -0.1588 25.00 308.00 230.00 440.00 0 121
2010_002117 -0.1556 237.00 372.00 322.00 427.00 10 83
2010_002124 -0.1595 69.00 20.00 154.00 75.00 0 97
2010_002124 -0.1540 318.00 42.00 432.00 115.00 3 92
2010_002150 -0.1789 334.00 209.00 448.00 283.00 316 95
2010_002150 -0.1726 52.00 108.00 329.00 287.00 2 109
2010_002182 -0.1630 327.00 282.00 390.00 323.00 331 106
2010_002261 -0.1644 241.00 117.00 395.00 217.00 0 94
2010_002261 -0.1601 95.00 93.00 300.00 225.00 9 103
2010_002261 -0.1549 215.00 229.00 247.00 250.00 0 98
2010_002261 -0.1538 309.00 236.00 394.00 291.00 351 86
2010_002261 -0.1519 160.00 237.00 191.00 257.00 2 104
2010_002261 -0.1516 161.00 217.00 254.00 278.00 0 91
2010_002261 -0.1510 80.00 272.00 127.00 303.00 0 98
2010_002269 10.1460 375.88 119.07 501.18 233.02 338 95
2010_002276 -0.1557 189.00 185.00 303.00 259.00 0 81
2010_002276 -0.1504 294.00 177.00 408.00 251.00 13 77
2010_002337 10.1672 207.24 93.49 411.98 215.36 0 94
2010_002337 10.1083 176.11 74.66 407.29 194.55 0 102
2010_002357 0.1500 103.00 29.00 469.00 266.00 0 121
2010_002383 10.1585 148.26 184.22 286.48 269.20 0 96
2010_002383 10.1551 83.00 91.18 222.00 160.84 342 89
2010_002383 10.1546 85.00 36.37 202.00 111.66 30 123
2010_002383 0.1554 46.00 123.00 253.00 257.00 2 90
2010_002449 10.1328 262.85 28.62 325.00 63.00 0 88
2010_002450 -0.1516 38.00 226.00 152.00 299.00 8 103
2010_002450 -0.1510 385.00 308.00 445.00 347.00 0 102
2010_002460 -0.1705 267.00 189.00 420.00 288.00 3 84
2010_002460 -0.1668 67.00 189.00 220.00 288.00 10 83
2010_002460 -0.1562 411.00 215.00 484.00 262.00 331 106
2010_002461 0.1519 45.00 71.00 415.00 310.00 2 88
2010_002484 0.1555 44.00 54.00 318.00 231.00 2 109
2010_002484 0.1609 15.00 76.00 221.00 208.00 3 92
2010_002484 0.1550 25.00 131.00 230.00 264.00 0 89
2010_002578 10.1534 380.94 185.80 483.00 241.33 336 96
2010_002579 10.1473 200.00 309.10 263.00 340.00 8 95
2010_002621 -0.1649 86.00 154.00 200.00 228.00 338 86
2010_002621 -0.1637 210.00 117.00 365.00 217.00 2 90
2010_002632 -0.1590 139.00 85.00 292.00 184.00 0 81
2010_002710 10.1651 195.55 206.35 408.27 276.69 0 81
2010_002710 10.1591 175.95 219.64 403.34 338.57 0 83
2010_002710 10.1322 186.88 279.51 372.80 343.25 4 101
2010_002713 -0.1735 129.00 20.00 334.00 153.00 339 94
2010_002713 -0.1520 123.00 157.00 276.00 256.00 0 81
2010_002714 10.1630 266.48 192.62 465.43 304.15 0 85
2010_002758 0.1635 75.00 84.00 446.00 324.00 323 109
2010_002771 -0.1738 46.00 234.00 160.00 307.00 27 109
2010_002771 -0.1654 177.00 93.00 333.00 194.00 0 88
2010_002771 -0.1567 215.00 256.00 312.00 319.00 0 112
2010_002771 -0.1552 64.00 3.00 269.00 136.00 9 103
2010_002771 -0.1531 211.00 197.00 364.00 295.00 4 105
2010_002775 10.1522 216.00 251.09 471.00 355.00 1 99
2010_002853 0.1537 10.00 36.00 287.00 215.00 4 91
2010_002905 -0.1507 81.00 206.00 234.00 305.00 9 103
2010_002930 10.1481 427.49 218.49 488.00 252.39 319 108
2010_002939 -0.1504 250.00 52.00 404.00 152.00 340 99
2010_002954 10.1536 10.00 177.50 162.00 245.82 317 97
2010_002958 -0.1741 35.00 180.00 188.00 279.00 0 98
2010_002958 -0.1637 162.00 222.00 316.00 321.00 0 96
2010_002988 10.1565 382.00 242.63 481.00 287.62 0 95
2010_002991 10.1520 243.73 311.54 399.00 418.00 8 103
2010_003016 10.1477 311.33 308.78 372.06 341.31 16 116
2010_003091 10.1468 14.50 324.70 68.00 353.79 0 97
2010_003091 10.1403 139.49 314.73 200.00 341.00 339 102
2010_003107 0.1545 112.00 107.00 317.00 240.00 31 107
2010_003120 0.1600 54.00 45.00 423.00 284.00 0 89
2010_003135 10.1543 32.00 160.65 233.06 297.65 341 96
2010_003135 10.1356 239.86 19.00 653.61 307.00 349 83
2010_003147 -0.1541 62.00 114.00 176.00 188.00 320 103
2010_003147 -0.1509 190.00 116.00 398.00 250.00 39 97
2010_003147 -0.1502 25.00 44.00 230.00 177.00 31 95
2010_003231 0.1541 38.00 189.00 405.00 427.00 3 120
2010_003257 10.1684 78.00 131.83 234.78 212.35 20 114
2010_003278 10.1276 123.12 228.38 439.74 369.00 0 89
2010_003279 0.1595 232.00 51.00 438.00 184.00 0 91
2010_003287 10.1465 75.00 212.68 384.25 371.14 2 109
2010_003314 0.1606 28.00 24.00 397.00 262.00 0 114
2010_003314 0.1560 101.00 101.00 377.00 280.00 0 84
2010_003326 10.1439 36.00 195.00 363.00 423.78 323 109
2010_003365 0.1505 94.00 37.00 461.00 275.00 27 108
2010_003368 10.1499 221.00 236.04 293.70 281.82 2 92
2010_003368 10.1469 14.00 169.81 221.00 264.00 17 94
2010_003381 0.1574 74.00 5.00 447.00 246.00 3 120
2010_003451 10.1320 156.36 62.28 436.00 226.00 342 89
2010_003468 10.1480 35.00 392.93 187.00 472.81 1 111
2010_003490 -0.1633 174.00 131.00 380.00 264.00 0 96
2010_003490 -0.1612 62.00 171.00 176.00 244.00 0 104
2010_003490 -0.1594 447.00 189.00 479.00 210.00 321 112
2010_003490 -0.1574 14.00 234.00 127.00 307.00 0 81
2010_003490 -0.1573 173.00 21.00 448.00 199.00 27 108
2010_003547 -0.1533 95.00 179.00 159.00 220.00 330 109
2010_003547 -0.1519 248.00 136.00 295.00 166.00 2 97
2010_003559 -0.1794 350.00 210.00 464.00 283.00 37 101
2010_003559 -0.1547 98.00 157.00 251.00 256.00 335 95
2010_003559 -0.1507 247.00 172.00 452.00 305.00 3 97
2010_003562 0.1520 36.00 54.00 406.00 293.00 0 96
2010_003594 10.1673 334.00 59.69 465.90 157.38 1 119
2010_003594 0.1530 44.00 93.00 415.00 332.00 321 114
2010_003609 0.1551 36.00 119.00 406.00 358.00 3 120
2010_003613 10.1313 16.00 186.03 460.00 412.00 346 89
2010_003640 0.1685 20.00 196.00 296.00 374.00 9 103
2010_003645 0.1508 92.00 36.00 464.00 276.00 4 82
2010_003679 -0.1688 310.00 154.00 424.00 228.00 339 102
2010_003679 -0.1594 167.00 117.00 373.00 249.00 337 90
2010_003688 -0.1829 123.00 85.00 400.00 264.00 0 97
2010_003688 -0.1533 142.00 258.00 209.00 300.00 348 89
2010_003730 0.1668 60.00 86.00 334.00 263.00 0 87
2010_003744 -0.1510 277.00 124.00 362.00 179.00 353 108
2010_003757 -0.1592 399.00 275.00 463.00 316.00 353 108
2010_003757 -0.1544 142.00 42.00 257.00 116.00 351 86
2010_003757 -0.1510 335.00 275.00 399.00 316.00 0 103
2010_003757 -0.1501 157.00 252.00 242.00 307.00 4 91
2010_003768 0.1536 124.00 31.00 399.00 208.00 0 100
2010_003805 -0.1638 46.00 27.00 253.00 161.00 9 103
2010_003807 10.1487 25.13 228.25 85.00 256.00 337 112
2010_003820 -0.1559 13.00 114.00 128.00 188.00 40 102
2010_003820 -0.1539 134.00 226.00 248.00 299.00 0 125
2010_003823 -0.1654 75.00 124.00 351.00 303.00 0 88
2010_003823 -0.1578 81.00 36.00 235.00 136.00 4 91
2010_003861 10.1497 272.98 313.45 319.00 336.61 1 101
2010_003861 10.1424 44.00 169.23 368.00 296.23 0 96
2010_003863 0.1522 52.00 53.00 425.00 294.00 16 116
2010_003928 0.1502 45.00 84.00 415.00 324.00 320 103
2010_003936 0.1603 174.00 116.00 380.00 250.00 3 120
2010_003961 0.1536 19.00 124.00 297.00 303.00 0 76
2010_003971 10.1778 204.56 274.00 357.38 358.85 0 96
2010_004023 0.1518 42.00 85.00 319.00 264.00 0 104
2010_004042 0.1505 110.00 84.00 480.00 323.00 2 109
2010_004054 10.1579 86.00 66.00 250.00 183.82 2 90
2010_004096 -0.1511 117.00 164.00 202.00 219.00 0 100
2010_004141 10.1601 201.96 103.38 472.00 243.44 15 95
2010_004143 0.1505 75.00 62.00 446.00 302.00 0 85
2010_004173 10.1395 8.00 402.53 129.04 440.00 0 106
2010_004178 -0.1510 42.00 222.00 195.00 321.00 4 101
2010_004179 -0.1673 46.00 250.00 160.00 323.00 0 96
2010_004179 -0.1574 246.00 171.00 360.00 244.00 0 96
2010_004179 -0.1512 163.00 134.00 438.00 312.00 0 96
2010_004184 0.1576 195.00 69.00 471.00 247.00 3 92
2010_004207 10.1553 140.61 114.83 316.69 218.00 4 82
2010_004230 -0.1524 202.00 116.00 260.00 154.00 0 121
2010_004230 -0.1522 301.00 140.00 386.00 195.00 8 95
2010_004230 -0.1504 143.00 106.00 256.00 180.00 2 88
2010_004253 0.1561 28.00 60.00 301.00 237.00 22 100
2010_004280 0.1571 64.00 27.00 269.00 160.00 0 94
2010_004290 -0.1578 119.00 61.00 324.00 194.00 0 106
2010_004290 -0.1514 71.00 275.00 135.00 316.00 0 103
2010_004335 10.1444 165.00 277.21 279.00 338.54 327 95
2010_004348 -0.1731 58.00 52.00 336.00 232.00 1 119
2010_004374 10.1502 9.00 46.86 157.61 133.73 317 97
2010_004409 -0.1557 172.00 140.00 449.00 319.00 0 85
2010_004455 10.1604 300.23 240.49 436.00 305.30 37 101
2010_004515 -0.1666 114.00 29.00 267.00 128.00 6 103
2010_004515 -0.1621 285.00 28.00 370.00 83.00 16 89
2010_004537 10.1633 400.88 299.11 448.00 332.15 0 121
2010_004545 0.1533 124.00 124.00 400.00 303.00 322 113
2010_004551 -0.1562 127.00 67.00 191.00 108.00 2 92
2010_004556 0.1501 46.00 28.00 414.00 266.00 22 100
2010_004557 10.1600 190.53 282.89 247.00 310.26 0 75
2010_004624 10.1604 249.54 246.43 360.00 306.47 33 109
2010_004654 0.1511 118.00 86.00 393.00 263.00 10 98
2010_004714 -0.1557 237.00 172.00 322.00 227.00 27 108
2010_004714 -0.1549 64.00 173.00 95.00 193.00 0 78
2010_004714 -0.1515 31.00 162.00 94.00 203.00 0 104
2010_004747 0.1643 103.00 141.00 376.00 318.00 0 121
2010_004756 -0.1528 134.00 50.00 248.00 124.00 351 86
2010_004768 -0.1556 81.00 20.00 285.00 153.00 29 89
2010_004768 -0.1521 36.00 140.00 313.00 319.00 37 105
2010_004783 0.1832 119.00 100.00 324.00 232.00 323 112
2010_004877 0.1509 85.00 55.00 453.00 292.00 14 81
2010_004877 0.1566 140.00 53.00 416.00 231.00 0 91
2010_004889 10.1483 53.00 187.00 248.88 317.44 349 83
2010_004894 10.1541 72.06 301.04 154.00 347.08 0 94
2010_004909 10.1483 192.16 223.69 305.00 293.77 0 102
2010_004980 0.1584 180.00 102.00 454.00 279.00 3 92
2010_004989 -0.1686 175.00 220.00 380.00 353.00 42 95
2010_004989 -0.1657 366.00 114.00 480.00 188.00 6 103
2010_004992 10.1408 288.00 239.17 351.00 276.00 23 96
2010_004992 10.1405 261.53 223.72 343.29 289.37 0 88
2010_005008 10.1402 468.70 182.39 580.54 254.00 0 82
2010_005044 10.1731 98.55 196.49 330.30 367.91 337 112
2010_005052 -0.1809 39.00 283.00 245.00 416.00 0 106
2010_005052 -0.1757 38.00 130.00 246.00 265.00 1 101
2010_005052 -0.1569 262.00 114.00 328.00 156.00 318 112
2010_005148 10.1533 118.90 213.00 313.74 334.32 3 120
2010_005158 0.1591 92.00 157.00 367.00 335.00 0 87
2010_005166 0.1504 264.00 68.00 469.00 201.00 321 97
2010_005167 -0.1643 263.00 172.00 470.00 306.00 0 125
2010_005167 -0.1572 140.00 243.00 227.00 300.00 17 94
2010_005167 -0.1554 81.00 189.00 235.00 289.00 337 112
2010_005167 -0.1544 67.00 117.00 220.00 216.00 34 98
2010_005192 0.1522 66.00 62.00 437.00 302.00 327 95
2010_005192 0.1531 124.00 21.00 399.00 199.00 9 103
2010_005284 0.1541 84.00 45.00 454.00 284.00 34 98
2010_005284 0.1594 21.00 108.00 295.00 286.00 348 89
2010_005305 10.1742 274.00 157.00 468.04 301.98 0 98
2010_005331 -0.1509 150.00 171.00 265.00 244.00 336 117
2010_005379 10.1376 26.00 388.59 137.79 459.64 0 96
2010_005398 10.1266 237.00 238.62 610.13 407.91 27 102
2010_005401 -0.1654 301.00 108.00 386.00 163.00 342 89
2010_005401 -0.1606 83.00 36.00 455.00 276.00 0 88
2010_005401 -0.1562 31.00 96.00 79.00 126.00 0 95
2010_005425 -0.1625 71.00 115.00 135.00 156.00 0 125
2010_005425 -0.1563 51.00 85.00 204.00 184.00 0 87
2010_005463 -0.1572 85.00 167.00 453.00 405.00 330 94
2010_005483 -0.1817 75.00 52.00 352.00 232.00 0 81
2010_005483 -0.1722 123.00 213.00 276.00 312.00 0 96
2010_005483 -0.1665 297.00 206.00 451.00 305.00 0 85
2010_005483 -0.1656 46.00 247.00 96.00 280.00 0 85
2010_005532 10.1333 248.00 81.52 575.19 259.04 0 101
2010_005532 10.1152 42.00 277.64 472.60 503.96 0 94
2010_005542 10.1759 216.58 207.62 385.40 310.47 349 83
2010_005542 10.1539 234.00 204.24 388.05 273.16 0 98
2010_005594 10.1431 25.00 63.25 277.96 218.28 0 85
2010_005612 -0.1608 39.00 172.00 245.00 305.00 3 84
2010_005632 -0.1511 147.00 43.00 423.00 222.00 0 96
2010_005637 10.1515 61.49 86.35 335.60 281.56 0 121
2010_005637 10.1429 173.00 378.41 223.00 402.84 16 89
2010_005637 10.1428 16.00 399.39 285.74 600.00 327 95
2010_005637 10.1417 215.79 463.92 519.10 794.27 33 109
2010_005681 10.1479 198.50 46.61 421.29 219.21 0 98
2010_005692 10.1466 91.00 168.01 418.00 383.36 337 112
2010_005692 10.0630 18.70 167.08 445.07 369.36 341 104
2010_005727 10.1458 439.00 282.38 488.00 309.98 3 92
2010_005727 10.1457 313.05 356.71 390.00 389.72 336 108
2010_005804 -0.1507 303.00 282.00 367.00 324.00 0 98
2010_005868 0.1557 36.00 53.00 407.00 293.00 24 105
2010_005882 0.1611 46.00 72.00 413.00 309.00 37 101
2010_005883 -0.1642 48.00 314.00 111.00 355.00 10 83
2010_005883 -0.1523 21.00 332.00 106.00 387.00 10 83
2010_005897 0.1500 70.00 107.00 276.00 240.00 0 83
2010_005934 -0.1622 290.00 141.00 443.00 240.00 22 100
2010_005934 -0.1580 147.00 102.00 422.00 280.00 9 103
2010_005976 0.1538 92.00 173.00 367.00 351.00 3 92
2010_005980 10.1158 431.74 354.59 649.00 456.66 1 99
2010_006054 -0.1507 267.00 141.00 420.00 240.00 0 96
2010_006056 10.1968 305.00 127.61 511.00 229.94 0 121
2010_006056 10.1324 280.29 118.90 461.32 227.14 1 128
2011_000037 10.1511 308.47 225.72 434.00 325.00 0 96
2011_000070 10.1608 179.00 76.57 505.00 297.00 0 96
2011_000070 10.0761 0.00 7.85 484.78 353.92 9 88
2011_000086 0.1524 86.00 24.00 453.00 262.00 0 95
2011_000087 -0.1620 103.00 106.00 167.00 147.00 4 91
2011_000087 -0.1579 84.00 140.00 362.00 319.00 8 95
2011_000087 -0.1506 191.00 112.00 239.00 143.00 0 97
2011_000090 0.1612 93.00 111.00 462.00 349.00 3 120
2011_000109 -0.1516 327.00 250.00 390.00 291.00 0 90
2011_000109 -0.1513 46.00 68.00 252.00 201.00 3 92
2011_000109 -0.1508 380.00 259.00 418.00 283.00 26 109
2011_000112 -0.1577 190.00 177.00 303.00 251.00 0 85
2011_000112 -0.1543 85.00 193.00 152.00 236.00 316 95
2011_000112 -0.1537 384.00 251.00 446.00 291.00 0 84
2011_000112 -0.1534 376.00 205.00 407.00 225.00 350 92
2011_000112 -0.1521 35.00 181.00 92.00 218.00 342 89
2011_000124 -0.1548 98.00 222.00 251.00 321.00 4 91
2011_000130 -0.1626 408.00 235.00 471.00 276.00 0 101
2011_000130 -0.1591 226.00 252.00 284.00 290.00 326 85
2011_000130 -0.1585 323.00 213.00 475.00 312.00 338 102
2011_000130 -0.1536 220.00 267.00 307.00 324.00 319 100
2011_000142 10.1558 142.35 259.68 223.66 303.43 0 103
2011_000146 10.1460 18.00 114.36 128.61 202.00 329 88
2011_000162 -0.1672 181.00 100.00 266.00 155.00 0 100
2011_000162 -0.1594 143.00 2.00 256.00 75.00 2 109
2011_000162 -0.1537 186.00 69.00 339.00 168.00 0 98
2011_000173 10.1200 27.00 191.38 164.52 388.17 0 85
2011_000185 0.1520 26.00 36.00 399.00 276.00 0 89
2011_000238 -0.1539 117.00 259.00 154.00 283.00 343 100
2011_000291 -0.1727 232.00 179.00 438.00 312.00 3 92
2011_000291 -0.1618 126.00 202.00 240.00 275.00 0 83
2011_000332 -0.1635 18.00 78.00 172.00 177.00 3 92
2011_000332 -0.1571 381.00 116.00 466.00 171.00 323 109
2011_000332 -0.1540 137.00 31.00 213.00 80.00 1 99
2011_000332 -0.1528 309.00 17.00 378.00 61.00 341 104
2011_000332 -0.1518 27.00 44.00 398.00 285.00 0 96
2011_000344 10.1671 30.00 243.55 194.00 365.00 0 96
2011_000344 10.1498 283.00 45.95 486.00 171.00 0 96
2011_000344 10.1239 462.42 384.99 802.00 606.00 0 106
2011_000346 10.1534 427.28 262.77 474.00 289.76 320 103
2011_000364 10.1405 304.00 300.58 541.92 467.86 346 89
2011_000364 10.1331 187.00 383.50 513.93 623.98 0 81
2011_000498 -0.1654 242.00 150.00 395.00 249.00 14 81
2011_000498 -0.1580 126.00 114.00 240.00 188.00 40 102
2011_000498 -0.1532 20.00 161.00 137.00 237.00 4 101
2011_000518 10.1527 400.56 129.39 463.00 167.25 1 97
2011_000557 0.1569 37.00 0.00 406.00 236.00 0 96
2011_000592 0.1505 85.00 28.00 453.00 266.00 323 112
2011_000607 10.1752 91.04 206.15 297.27 323.26 3 92
2011_000607 10.1590 362.22 291.14 545.38 411.01 11 94
2011_000658 -0.1553 367.00 282.00 431.00 323.00 2 89
2011_000658 -0.1540 221.00 148.00 306.00 203.00 316 95
2011_000658 -0.1533 225.00 141.00 378.00 240.00 323 112
2011_000658 -0.1519 60.00 22.00 434.00 264.00 0 112
2011_000658 -0.1518 13.00 283.00 50.00 307.00 339 102
2011_000718 -0.1596 88.00 165.00 293.00 297.00 0 121
2011_000718 -0.1559 264.00 131.00 469.00 264.00 0 96
2011_000718 -0.1509 82.00 35.00 456.00 277.00 339 95
2011_000765 10.1410 82.00 52.37 490.81 314.16 2 90
2011_000813 0.1527 21.00 70.00 295.00 247.00 9 103
2011_000813 0.1510 78.00 294.00 349.00 470.00 37 105
2011_000909 -0.1541 218.00 108.00 371.00 208.00 1 99
2011_000909 -0.1507 118.00 18.00 232.00 91.00 40 102
2011_000912 -0.1535 263.00 213.00 296.00 234.00 0 97
2011_000912 -0.1532 104.00 214.00 135.00 233.00 320 103
2011_000912 -0.1526 59.00 108.00 335.00 286.00 335 95
2011_000950 0.1536 191.00 27.00 397.00 160.00 4 82
2011_000969 0.1629 189.00 102.00 464.00 280.00 3 92
2011_000977 -0.1587 404.00 43.00 442.00 68.00 349 83
2011_000977 -0.1581 168.00 83.00 231.00 124.00 24 105
2011_000977 -0.1541 169.00 61.00 323.00 161.00 0 85
2011_000977 -0.1525 62.00 130.00 176.00 204.00 4 101
2011_000977 -0.1508 217.00 169.00 262.00 198.00 3 97
2011_000986 10.1401 450.73 215.29 513.00 260.71 0 89
2011_001005 10.1456 77.74 80.00 483.00 369.00 353 108
2011_001005 10.1412 17.12 247.92 80.00 280.03 320 103
2011_001036 10.0814 53.00 78.15 341.72 228.00 0 85
2011_001064 0.1513 94.00 94.00 461.00 331.00 0 96
2011_001126 -0.1649 46.00 218.00 160.00 291.00 0 103
2011_001126 -0.1602 191.00 228.00 397.00 361.00 0 98
2011_001167 10.1479 104.86 213.08 242.61 266.68 3 97
2011_001217 -0.1539 298.00 69.00 450.00 168.00 0 106
2011_001217 -0.1527 117.00 100.00 202.00 155.00 24 105
2011_001217 -0.1510 25.00 61.00 230.00 194.00 335 95
2011_001221 0.1504 94.00 128.00 461.00 366.00 3 97
2011_001251 -0.1508 184.00 124.00 390.00 257.00 353 108
2011_001261 0.1545 77.00 29.00 444.00 266.00 349 83
2011_001263 10.1487 47.00 276.69 96.00 303.00 0 99
2011_001276 10.1707 25.00 260.40 280.00 433.08 0 94
2011_001276 10.0595 46.29 348.14 298.00 488.00 339 102
2011_001288 -0.1733 58.00 101.00 336.00 280.00 358 107
2011_001304 10.1685 168.25 124.23 290.44 210.03 6 103
2011_001304 10.1536 297.00 135.61 494.64 235.82 14 81
2011_001304 10.1470 295.55 133.31 509.02 333.56 34 98
2011_001313 10.1420 264.00 320.66 327.00 348.00 3 121
2011_001330 10.1596 76.74 132.23 234.77 287.00 42 95
2011_001330 10.1389 367.00 141.00 524.97 352.53 0 96
2011_001335 0.1542 257.00 131.00 462.00 264.00 0 78
2011_001341 0.1554 174.00 68.00 380.00 201.00 1 101
2011_001404 10.1397 223.35 148.48 483.99 339.74 337 112
2011_001440 10.1471 430.45 389.33 596.76 447.00 339 102
2011_001440 10.1466 523.55 363.77 703.01 464.10 0 100
2011_001440 10.1436 142.00 187.90 304.09 261.00 326 114
2011_001440 10.1364 542.75 439.61 694.39 528.22 0 85
2011_001447 10.1587 215.00 147.99 329.00 215.46 1 101
2011_001447 10.1571 213.00 90.72 366.70 197.44 0 103
2011_001501 -0.1809 129.00 100.00 334.00 232.00 17 94
2011_001501 -0.1721 101.00 173.00 377.00 351.00 0 95
2011_001501 -0.1658 44.00 128.00 115.00 174.00 37 121
2011_001501 -0.1566 9.00 137.00 54.00 166.00 0 103
2011_001518 10.1656 156.31 182.90 433.83 324.94 0 81
2011_001518 10.1656 234.80 177.05 396.01 238.06 0 81
2011_001518 10.1389 230.72 466.59 483.04 612.21 1 112
2011_001518 0.1656 130.00 140.00 407.00 319.00 0 81
2011_001524 0.1527 256.00 100.00 462.00 233.00 317 97
2011_001531 10.1543 121.96 171.77 227.54 245.02 0 85
2011_001665 10.1529 297.20 62.11 403.39 120.83 6 108
2011_001693 10.1478 389.00 90.52 474.00 136.25 26 109
2011_001719 0.1540 189.00 157.00 464.00 335.00 0 96
2011_001720 0.1557 42.00 123.00 320.00 303.00 3 120
2011_001747 0.1568 53.00 62.00 424.00 302.00 335 95
2011_001770 0.1549 46.00 28.00 414.00 266.00 0 87
2011_001770 0.1622 85.00 43.00 361.00 221.00 42 95
2011_001771 0.1589 105.00 173.00 309.00 305.00 0 106
2011_001794 10.1531 200.95 217.27 348.00 305.00 15 124
2011_001794 10.1018 224.21 229.60 367.63 324.78 351 86
2011_001856 10.1490 21.00 225.80 196.45 329.43 7 93
2011_001863 10.1382 10.33 381.24 90.00 427.00 9 103
2011_001945 10.1547 112.40 359.48 190.00 406.77 0 83
2011_001945 10.1530 17.46 192.00 64.00 216.32 0 112
2011_001984 10.1511 15.00 155.00 217.93 288.00 335 95
2011_001989 10.1297 80.25 452.44 143.00 484.00 9 103
2011_002003 -0.1511 366.00 185.00 480.00 259.00 4 91
2011_002044 -0.1532 21.00 252.00 106.00 307.00 326 114
2011_002064 0.1536 174.00 44.00 447.00 221.00 1 100
2011_002079 10.1676 13.00 180.19 98.00 219.66 0 90
2011_002088 -0.1554 174.00 100.00 380.00 233.00 42 95
2011_002093 0.1516 119.00 83.00 325.00 216.00 0 103
2011_002098 -0.1590 255.00 35.00 319.00 76.00 0 85
2011_002124 10.1879 130.74 214.27 269.24 351.86 0 93
2011_002124 10.1722 134.22 214.33 240.41 285.90 0 88
2011_002184 10.1519 276.32 89.33 463.54 202.83 323 112
2011_002184 10.1489 46.00 148.00 300.73 331.00 349 83
2011_002184 10.1460 100.50 12.00 341.00 168.82 0 101
2011_002184 10.0581 13.72 73.78 491.00 372.92 16 89
2011_002215 0.1533 281.00 131.00 486.00 264.00 0 82
2011_002260 10.1544 339.72 247.35 478.89 344.33 0 90
2011_002292 0.1531 82.00 26.00 456.00 268.00 16 89
2011_002327 0.1507 130.00 92.00 407.00 270.00 0 88
2011_002362 10.1179 36.22 46.10 301.00 191.00 356 89
2011_002395 10.1443 158.21 163.02 447.00 325.00 0 85
2011_002414 10.1465 103.37 129.43 418.00 282.00 4 91
2011_002494 0.1563 55.00 81.00 422.00 318.00 0 82
2011_002505 -0.1770 153.00 252.00 307.00 351.00 0 121
2011_002505 -0.1595 27.00 150.00 302.00 328.00 0 81
2011_002505 -0.1535 283.00 245.00 436.00 344.00 0 85
2011_002507 10.1604 22.76 92.15 207.24 226.49 335 95
2011_002507 10.1423 107.00 91.55 207.27 178.00 0 98
2011_002507 10.1316 72.93 140.91 233.48 229.01 0 96
2011_002612 10.1370 221.97 237.40 313.00 311.30 40 102
2011_002675 0.1533 66.00 62.00 438.00 302.00 0 88
2011_002714 10.1643 85.13 157.98 152.01 263.98 42 95
2011_002751 -0.1761 318.00 58.00 432.00 132.00 9 103
2011_002751 -0.1654 153.00 189.00 306.00 288.00 9 103
2011_002751 -0.1645 295.00 172.00 499.00 305.00 9 103
2011_002751 -0.1540 16.00 128.00 63.00 159.00 0 95
2011_002796 0.1516 136.00 179.00 341.00 312.00 0 87
2011_002810 10.1687 294.00 261.04 408.00 305.17 3 92
2011_002841 -0.1630 310.00 234.00 424.00 307.00 0 96
2011_002841 -0.1625 325.00 292.00 410.00 347.00 0 78
2011_002871 0.1554 82.00 118.00 234.00 216.00 0 87
2011_002933 10.1495 107.19 75.20 272.96 257.63 4 91
2011_002951 0.1627 28.00 63.00 397.00 301.00 0 89
2011_002970 0.1563 102.00 157.00 377.00 335.00 3 92
2011_002985 10.1425 101.00 217.27 235.00 306.76 7 93
2011_003039 10.1861 107.00 168.52 310.00 292.41 9 103
2011_003039 10.1542 276.83 170.46 405.45 297.87 0 118
2011_003039 10.1377 110.79 147.20 391.31 288.05 356 89
2011_003103 10.1565 138.36 220.28 259.96 317.01 335 95
2011_003149 10.1518 24.74 69.88 81.00 97.51 0 90
2011_003163 -0.1634 120.00 144.00 167.00 175.00 16 89
2011_003163 -0.1600 327.00 19.00 390.00 59.00 0 81
2011_003182 -0.1502 202.00 222.00 355.00 321.00 0 106
2011_003185 10.1609 58.82 203.00 190.00 297.34 0 121
2011_003185 10.1565 272.01 295.97 572.92 451.06 7 93
2011_003212 10.1563 143.00 218.65 363.82 346.62 3 92
2011_003212 10.1253 69.81 129.11 382.27 292.00 0 81
2011_003212 0.1504 84.00 102.00 454.00 341.00 9 103
2011_003228 0.1502 45.00 71.00 415.00 311.00 0 106
2011_003228 0.1541 75.00 85.00 352.00 264.00 0 94
2011_003260 -0.1688 13.00 268.00 98.00 323.00 1 101
2011_003260 -0.1641 181.00 124.00 266.00 179.00 0 109
2011_003260 -0.1609 52.00 75.00 329.00 254.00 2 109
2011_003260 -0.1521 6.00 143.00 56.00 176.00 0 103
