2008_000149 0.307074 126.000000 132.000000 407.000000 252.000000 145 35
2008_000270 0.249824 1.000000 89.000000 500.000000 334.000000 249 113
2008_000321 0.176201 269.000000 112.000000 476.000000 269.000000 16 96
2008_000419 0.613613 1.000000 22.000000 458.000000 375.000000 188 157
2008_000465 0.157460 61.000000 155.000000 143.000000 220.000000 98 154
2008_000465 0.225957 217.000000 130.000000 355.000000 215.000000 93 121
2008_000465 0.488387 148.000000 220.000000 435.000000 333.000000 297 58
2008_000465 0.636026 353.000000 161.000000 485.000000 242.000000 275 133
2008_000541 0.339505 1.000000 169.000000 416.000000 375.000000 90 132
2008_000589 0.010140 118.000000 123.000000 252.000000 210.000000 109 23
2008_000589 0.382148 251.000000 122.000000 443.000000 207.000000 333 164
2008_000589 0.127674 265.000000 171.000000 475.000000 322.000000 253 121
2008_000589 0.891836 1.000000 111.000000 153.000000 192.000000 72 163
2008_000690 0.602701 1.000000 49.000000 374.000000 305.000000 136 45
2008_000857 0.819733 309.000000 131.000000 498.000000 257.000000 225 4
2008_001092 0.118625 1.000000 99.000000 471.000000 338.000000 186 164
2008_001333 0.094805 86.000000 1.000000 375.000000 201.000000 341 167
2008_001366 0.846254 138.000000 1.000000 500.000000 375.000000 149 58
2008_001589 0.683850 7.000000 81.000000 301.000000 414.000000 341 131
2008_001660 0.732147 1.000000 61.000000 500.000000 371.000000 231 57
2008_001838 0.091910 1.000000 165.000000 500.000000 375.000000 57 137
2008_001869 0.894952 343.000000 202.000000 485.000000 329.000000 348 110
2008_002026 0.241315 314.000000 269.000000 500.000000 375.000000 70 178
2008_002082 0.780906 1.000000 213.000000 416.000000 335.000000 80 72
2008_002092 0.402401 1.000000 109.000000 480.000000 326.000000 302 74
2008_002508 0.865741 193.000000 139.000000 270.000000 199.000000 278 45
2008_002508 0.185524 26.000000 134.000000 102.000000 204.000000 246 176
2008_002801 0.752012 1.000000 114.000000 471.000000 375.000000 78 56
2008_002920 0.383435 147.000000 97.000000 475.000000 301.000000 132 109
2008_002929 0.665435 96.000000 182.000000 429.000000 333.000000 198 69
2008_003271 0.349856 23.000000 48.000000 500.000000 375.000000 5 146
2008_003472 0.507417 1.000000 214.000000 315.000000 375.000000 258 173
2008_003607 0.849499 6.000000 186.000000 481.000000 375.000000 240 77
2008_003709 0.368516 156.000000 146.000000 316.000000 243.000000 236 91
2008_003709 0.047647 292.000000 188.000000 499.000000 333.000000 247 18
2008_004054 0.610459 428.000000 194.000000 500.000000 267.000000 313 117
2008_004054 0.164141 1.000000 227.000000 128.000000 375.000000 152 91
2008_004054 0.142671 219.000000 224.000000 412.000000 331.000000 34 123
2008_004271 0.425058 181.000000 207.000000 317.000000 333.000000 190 1
2008_004497 0.503102 1.000000 97.000000 500.000000 340.000000 81 119
2008_004632 0.137401 115.000000 194.000000 361.000000 336.000000 216 36
2008_004670 0.695501 71.000000 149.000000 311.000000 312.000000 9 169
2008_004774 0.042632 50.000000 233.000000 352.000000 457.000000 200 53
2008_004778 0.018527 1.000000 94.000000 98.000000 310.000000 307 107
2008_004881 0.640956 1.000000 157.000000 164.000000 347.000000 336 2
2008_004887 0.291248 270.000000 124.000000 500.000000 228.000000 284 95
2008_004887 0.546370 365.000000 212.000000 500.000000 354.000000 226 77
2008_004887 0.212856 249.000000 115.000000 321.000000 177.000000 69 134
2008_005323 0.822337 427.000000 275.000000 480.000000 360.000000 36 161
2008_005323 0.700188 218.000000 192.000000 450.000000 343.000000 318 16
2008_005323 0.728057 1.000000 177.000000 139.000000 265.000000 61 150
2008_005444 0.057099 9.000000 81.000000 393.000000 235.000000 279 137
2008_005627 0.516131 1.000000 1.000000 271.000000 204.000000 220 162
2008_005788 0.971603 279.000000 56.000000 500.000000 269.000000 182 46
2008_006038 0.041438 1.000000 136.000000 500.000000 375.000000 209 174
2008_006117 0.640854 1.000000 90.000000 475.000000 375.000000 68 94
2008_006117 0.355438 164.000000 1.000000 392.000000 84.000000 123 117
2008_006117 0.673080 388.000000 1.000000 458.000000 47.000000 306 98
2008_006616 0.040606 26.000000 104.000000 500.000000 303.000000 92 22
2008_006660 0.802079 22.000000 248.000000 115.000000 375.000000 320 136
2008_006665 0.154230 6.000000 168.000000 330.000000 333.000000 159 14
2008_006773 0.853160 37.000000 235.000000 275.000000 375.000000 89 14
2008_006773 0.528450 304.000000 276.000000 500.000000 375.000000 57 111
2008_006784 0.614998 170.000000 149.000000 334.000000 245.000000 69 137
2008_006841 0.682098 1.000000 169.000000 153.000000 373.000000 55 82
2008_006948 0.941730 21.000000 136.000000 229.000000 313.000000 101 112
2008_006952 0.978586 1.000000 43.000000 188.000000 279.000000 204 125
2008_006979 0.982921 1.000000 66.000000 281.000000 343.000000 324 117
2008_007010 0.627348 435.000000 188.000000 500.000000 333.000000 59 92
2008_007021 0.054834 1.000000 66.000000 480.000000 336.000000 288 75
2008_007050 0.366974 134.000000 65.000000 422.000000 226.000000 187 24
2008_007050 0.785850 1.000000 68.000000 113.000000 268.000000 251 23
2008_007050 0.866939 256.000000 35.000000 384.000000 86.000000 18 147
2008_007166 0.996680 1.000000 200.000000 107.000000 325.000000 71 109
2008_007182 0.222954 1.000000 134.000000 500.000000 375.000000 15 25
2008_007282 0.723196 237.000000 248.000000 407.000000 338.000000 210 121
2008_007282 0.036369 421.000000 276.000000 500.000000 374.000000 182 116
2008_007285 0.308178 77.000000 110.000000 500.000000 333.000000 70 135
2008_007452 0.099355 246.000000 12.000000 353.000000 94.000000 270 153
2008_007733 0.568714 66.000000 143.000000 500.000000 372.000000 215 130
2008_008029 0.950620 16.000000 88.000000 500.000000 375.000000 85 164
2008_008103 0.798795 206.000000 174.000000 500.000000 375.000000 186 127
2008_008190 0.618575 65.000000 139.000000 355.000000 300.000000 72 19
2008_008271 0.115364 1.000000 95.000000 432.000000 288.000000 8 7
2008_008313 0.229156 104.000000 1.000000 500.000000 271.000000 295 68
2008_008433 0.774780 1.000000 117.000000 424.000000 374.000000 133 31
2008_008470 0.724587 1.000000 241.000000 375.000000 375.000000 119 57
2008_008470 0.359576 113.000000 199.000000 391.000000 321.000000 211 140
2008_008470 0.483095 420.000000 197.000000 500.000000 306.000000 67 103
2008_008524 0.972572 1.000000 155.000000 190.000000 332.000000 152 57
2008_008538 0.352067 55.000000 181.000000 277.000000 375.000000 93 102
2008_008554 0.668127 1.000000 160.000000 162.000000 375.000000 112 2
2008_008574 0.858580 1.000000 32.000000 500.000000 207.000000 319 76
2008_008588 0.203293 1.000000 133.000000 500.000000 375.000000 341 68
2008_008606 0.850312 186.000000 90.000000 491.000000 310.000000 65 55
2008_008621 0.106876 1.000000 122.000000 332.000000 361.000000 189 149
2008_008622 0.260936 193.000000 1.000000 500.000000 267.000000 222 102
2008_008628 0.821270 35.000000 229.000000 189.000000 310.000000 1 52
2008_008658 0.008438 4.000000 137.000000 313.000000 295.000000 322 179
2008_008772 0.633349 131.000000 161.000000 446.000000 297.000000 264 15
2009_000087 0.567221 215.000000 262.000000 450.000000 371.000000 290 149
2009_000096 0.169205 1.000000 145.000000 169.000000 319.000000 94 141
2009_000096 0.397561 255.000000 138.000000 448.000000 221.000000 99 1
2009_000142 0.204892 1.000000 1.000000 493.000000 375.000000 10 154
2009_000189 0.223512 1.000000 87.000000 334.000000 500.000000 310 10
2009_000242 0.698056 54.000000 218.000000 476.000000 375.000000 16 135
2009_000300 0.805524 94.000000 1.000000 500.000000 209.000000 331 164
2009_000316 0.322915 243.000000 133.000000 500.000000 352.000000 360 144
2009_000342 0.472787 1.000000 1.000000 339.000000 165.000000 9 132
2009_000418 0.057462 1.000000 209.000000 350.000000 429.000000 141 155
2009_000418 0.045681 451.000000 242.000000 500.000000 429.000000 138 26
2009_000422 0.383546 145.000000 220.000000 221.000000 283.000000 251 164
2009_000487 0.702018 14.000000 146.000000 207.000000 215.000000 88 163
2009_000563 0.936692 1.000000 77.000000 500.000000 305.000000 322 171
2009_000615 0.659936 1.000000 50.000000 375.000000 500.000000 359 71
2009_000674 0.700506 1.000000 102.000000 331.000000 500.000000 296 112
2009_000732 0.779713 45.000000 27.000000 325.000000 343.000000 176 92
2009_000779 0.732046 1.000000 1.000000 500.000000 375.000000 15 162
2009_000925 0.284467 1.000000 1.000000 500.000000 311.000000 222 136
2009_000939 0.928120 1.000000 229.000000 91.000000 333.000000 74 117
2009_000995 0.270188 36.000000 270.000000 333.000000 432.000000 290 63
2009_001021 0.856720 216.000000 275.000000 375.000000 500.000000 268 130
2009_001212 0.688152 1.000000 26.000000 500.000000 375.000000 331 48
2009_001243 0.188398 342.000000 1.000000 500.000000 192.000000 222 13
2009_001249 0.420204 209.000000 169.000000 305.000000 235.000000 121 56
2009_001313 0.667625 162.000000 151.000000 367.000000 246.000000 32 101
2009_001343 0.980796 319.000000 105.000000 435.000000 247.000000 42 57
2009_001343 0.863286 34.000000 171.000000 232.000000 312.000000 319 4
2009_001437 0.135376 230.000000 141.000000 500.000000 333.000000 88 78
2009_001440 0.087186 50.000000 72.000000 494.000000 329.000000 78 139
2009_001470 0.196524 1.000000 70.000000 500.000000 375.000000 144 106
2009_001577 0.464190 1.000000 1.000000 445.000000 332.000000 251 107
2009_001581 0.770494 1.000000 1.000000 404.000000 300.000000 87 74
2009_001631 0.079474 1.000000 152.000000 176.000000 269.000000 13 109
2009_001644 0.842648 112.000000 153.000000 288.000000 220.000000 150 177
2009_001644 0.114958 1.000000 158.000000 68.000000 255.000000 19 131
2009_001731 0.016704 190.000000 199.000000 347.000000 265.000000 175 156
2009_001743 0.193708 1.000000 12.000000 500.000000 375.000000 295 141
2009_001774 0.888394 1.000000 1.000000 500.000000 333.000000 329 123
2009_001775 0.833218 218.000000 193.000000 500.000000 372.000000 257 87
2009_001906 0.335728 1.000000 1.000000 500.000000 375.000000 33 5
2009_001980 0.554709 1.000000 1.000000 451.000000 318.000000 175 41
2009_002208 0.895873 128.000000 159.000000 500.000000 306.000000 245 150
2009_002325 0.440120 8.000000 185.000000 139.000000 337.000000 158 72
2009_002325 0.964390 128.000000 171.000000 333.000000 250.000000 111 80
2009_002346 0.021540 1.000000 1.000000 142.000000 65.000000 166 89
2009_002346 0.389292 141.000000 1.000000 490.000000 173.000000 69 162
2009_002370 0.178546 1.000000 1.000000 500.000000 333.000000 37 63
2009_002390 0.975754 1.000000 132.000000 281.000000 451.000000 90 115
2009_002571 0.903085 1.000000 46.000000 196.000000 191.000000 331 10
2009_002663 0.326500 402.000000 114.000000 500.000000 201.000000 68 179
2009_002673 0.810847 49.000000 133.000000 387.000000 321.000000 82 170
2009_002681 0.879257 376.000000 1.000000 500.000000 94.000000 333 129
2009_002683 0.136276 235.000000 250.000000 445.000000 400.000000 311 64
2009_002717 0.431387 1.000000 69.000000 500.000000 375.000000 290 123
2009_002732 0.032081 1.000000 1.000000 500.000000 333.000000 341 171
2009_002998 0.826949 1.000000 364.000000 375.000000 500.000000 99 12
2009_003123 0.343534 59.000000 188.000000 414.000000 375.000000 143 105
2009_003129 0.667641 2.000000 2.000000 478.000000 333.000000 350 109
2009_003373 0.073411 108.000000 182.000000 403.000000 375.000000 311 76
2009_003373 0.841425 1.000000 203.000000 104.000000 332.000000 314 125
2009_003394 0.895417 1.000000 56.000000 470.000000 337.000000 243 126
2009_003409 0.994851 1.000000 198.000000 476.000000 335.000000 211 59
2009_003440 0.833108 188.000000 179.000000 275.000000 220.000000 75 52
2009_003441 0.764766 53.000000 133.000000 500.000000 375.000000 277 36
2009_003564 0.503691 1.000000 196.000000 315.000000 375.000000 222 174
2009_003581 0.979592 1.000000 237.000000 311.000000 472.000000 172 105
2009_003607 0.589942 194.000000 149.000000 500.000000 375.000000 126 47
2009_003607 0.374956 1.000000 77.000000 285.000000 297.000000 268 15
2009_003642 0.453230 159.000000 241.000000 375.000000 356.000000 31 57
2009_003642 0.444865 1.000000 246.000000 137.000000 425.000000 58 11
2009_003656 0.509812 246.000000 58.000000 362.000000 109.000000 103 36
2009_003671 0.200386 8.000000 90.000000 281.000000 268.000000 7 149
2009_003671 0.526797 94.000000 85.000000 208.000000 149.000000 154 132
2009_003785 0.954412 1.000000 140.000000 377.000000 375.000000 97 138
2009_003795 0.422040 26.000000 146.000000 300.000000 296.000000 42 4
2009_003835 0.092418 178.000000 178.000000 347.000000 278.000000 23 23
2009_003895 0.609811 364.000000 36.000000 500.000000 149.000000 84 38
2009_003965 0.961298 1.000000 63.000000 500.000000 323.000000 142 131
2009_003995 0.867953 23.000000 166.000000 142.000000 225.000000 270 14
2009_004076 0.786387 1.000000 1.000000 500.000000 333.000000 131 143
2009_004099 0.828490 262.000000 1.000000 500.000000 333.000000 119 171
2009_004140 0.617005 398.000000 169.000000 500.000000 251.000000 226 53
2009_004161 0.239645 1.000000 1.000000 495.000000 375.000000 356 62
2009_004188 0.627540 1.000000 101.000000 500.000000 372.000000 0 164
2009_004193 0.616898 1.000000 2.000000 500.000000 333.000000 283 135
2009_004291 0.715993 1.000000 1.000000 500.000000 334.000000 66 152
2009_004298 0.873786 8.000000 181.000000 487.000000 373.000000 235 110
2009_004419 0.409154 311.000000 191.000000 500.000000 365.000000 285 130
2009_004456 0.353165 1.000000 1.000000 500.000000 336.000000 359 112
2009_004457 0.255607 22.000000 110.000000 500.000000 281.000000 66 58
2009_004588 0.988052 1.000000 126.000000 500.000000 337.000000 339 161
2009_004687 0.162244 1.000000 160.000000 195.000000 372.000000 343 157
2009_004718 0.790086 1.000000 10.000000 500.000000 375.000000 53 117
2009_004782 0.010707 1.000000 90.000000 500.000000 375.000000 26 44
2009_004823 0.912188 331.000000 270.000000 500.000000 375.000000 84 46
2009_004993 0.650832 113.000000 145.000000 407.000000 373.000000 132 7
2009_005299 0.011481 1.000000 1.000000 500.000000 375.000000 294 15
2010_000097 0.416021 395.000000 143.000000 500.000000 334.000000 132 74
2010_000097 0.548159 1.000000 90.000000 396.000000 344.000000 167 84
2010_000178 0.781091 114.000000 217.000000 247.000000 328.000000 192 91
2010_000256 0.574665 54.000000 44.000000 420.000000 239.000000 104 99
2010_000284 0.214116 247.000000 207.000000 498.000000 351.000000 73 100
2010_000284 0.860448 15.000000 172.000000 169.000000 321.000000 198 13
2010_000344 0.380585 139.000000 103.000000 347.000000 245.000000 75 43
2010_000821 0.318939 1.000000 203.000000 258.000000 371.000000 103 135
2010_000830 0.252058 67.000000 146.000000 396.000000 294.000000 39 145
2010_000968 0.624194 145.000000 74.000000 400.000000 211.000000 181 7
2010_001051 0.332050 191.000000 51.000000 499.000000 265.000000 139 55
2010_001051 0.000071 1.000000 61.000000 229.000000 320.000000 335 84
2010_001127 0.022924 367.000000 78.000000 500.000000 181.000000 261 72
2010_001127 0.591769 43.000000 168.000000 453.000000 375.000000 230 79
2010_001149 0.049085 255.000000 180.000000 500.000000 329.000000 222 82
2010_001189 0.404799 191.000000 184.000000 471.000000 339.000000 259 133
2010_001287 0.877387 172.000000 44.000000 500.000000 227.000000 19 171
2010_001287 0.884475 1.000000 49.000000 221.000000 332.000000 298 81
2010_001327 0.506783 32.000000 34.000000 500.000000 374.000000 307 117
2010_001586 0.231091 261.000000 283.000000 454.000000 384.000000 27 65
2010_001636 0.731457 1.000000 105.000000 500.000000 375.000000 310 114
2010_001763 0.400423 7.000000 40.000000 464.000000 310.000000 56 171
2010_001767 0.686370 1.000000 142.000000 423.000000 375.000000 220 144
2010_001962 0.985620 17.000000 82.000000 500.000000 334.000000 0 90
2010_002337 0.103423 177.000000 65.000000 393.000000 225.000000 3 7
2010_002461 0.421872 1.000000 124.000000 500.000000 332.000000 217 8
2010_002531 0.362978 1.000000 1.000000 500.000000 375.000000 128 126
2010_002710 0.583252 84.000000 191.000000 387.000000 337.000000 117 122
2010_002817 0.204735 2.000000 1.000000 500.000000 414.000000 87 67
2010_002860 0.427041 1.000000 141.000000 500.000000 373.000000 93 153
2010_003278 0.937019 70.000000 217.000000 462.000000 374.000000 237 96
2010_003278 0.746494 412.000000 239.000000 500.000000 375.000000 120 65
2010_003331 0.849524 1.000000 16.000000 500.000000 375.000000 311 4
2010_003401 0.433783 72.000000 198.000000 500.000000 333.000000 291 98
2010_003451 0.778107 1.000000 15.000000 500.000000 375.000000 217 60
2010_003520 0.761949 215.000000 332.000000 294.000000 404.000000 35 81
2010_003597 0.017172 1.000000 180.000000 442.000000 375.000000 225 0
2010_003597 0.371421 357.000000 171.000000 500.000000 375.000000 164 40
2010_003613 0.364042 1.000000 1.000000 500.000000 265.000000 159 11
2010_003861 0.918389 1.000000 119.000000 361.000000 316.000000 136 54
2010_004095 0.297038 306.000000 203.000000 500.000000 375.000000 172 32
2010_004125 0.663600 228.000000 189.000000 481.000000 310.000000 299 111
2010_004409 0.872499 6.000000 40.000000 495.000000 347.000000 222 47
2010_004447 0.591972 40.000000 231.000000 231.000000 361.000000 2 66
2010_004757 0.424208 1.000000 1.000000 500.000000 146.000000 333 82
2010_004783 0.379644 144.000000 142.000000 353.000000 309.000000 236 138
2010_005049 0.735155 1.000000 103.000000 276.000000 375.000000 163 116
2010_005180 0.034487 344.000000 220.000000 500.000000 375.000000 228 141
2010_005398 0.160518 1.000000 225.000000 323.000000 375.000000 36 8
2010_005532 0.172022 1.000000 137.000000 445.000000 360.000000 301 101
2010_005606 0.830258 121.000000 39.000000 500.000000 375.000000 338 98
2010_005610 0.701994 1.000000 156.000000 500.000000 446.000000 114 42
2010_005681 0.027673 1.000000 1.000000 500.000000 375.000000 187 52
2010_005692 0.518752 42.000000 151.000000 453.000000 374.000000 55 141
2010_005937 0.631428 1.000000 1.000000 500.000000 332.000000 150 20
2010_005980 0.184500 272.000000 268.000000 493.000000 375.000000 46 105
2010_006056 0.206849 275.000000 107.000000 500.000000 207.000000 178 60
2011_000037 0.873330 314.000000 200.000000 422.000000 346.000000 38 28
2011_000037 0.810415 103.000000 187.000000 195.000000 276.000000 261 1
2011_000070 0.839281 3.000000 34.000000 493.000000 354.000000 88 159
2011_000082 0.154186 1.000000 154.000000 161.000000 375.000000 128 57
2011_000142 0.821176 99.000000 125.000000 486.000000 325.000000 140 55
2011_000146 0.195285 2.000000 28.000000 499.000000 375.000000 101 153
2011_000165 0.585631 1.000000 1.000000 375.000000 500.000000 128 62
2011_000173 0.380016 1.000000 274.000000 210.000000 474.000000 164 7
2011_000304 0.213226 1.000000 186.000000 500.000000 375.000000 197 12
2011_000310 0.808721 59.000000 299.000000 237.000000 462.000000 278 113
2011_000364 0.398797 1.000000 101.000000 311.000000 270.000000 8 2
2011_000364 0.822722 1.000000 239.000000 488.000000 375.000000 75 106
2011_000386 0.524546 1.000000 320.000000 375.000000 500.000000 270 167
2011_000427 0.871261 2.000000 174.000000 53.000000 209.000000 194 120
2011_000477 0.188910 1.000000 17.000000 500.000000 333.000000 65 126
2011_000530 0.529896 1.000000 235.000000 279.000000 375.000000 72 139
2011_000608 0.877279 223.000000 239.000000 500.000000 375.000000 2 172
2011_000630 0.531102 1.000000 164.000000 225.000000 356.000000 314 89
2011_000765 0.758352 46.000000 21.000000 437.000000 335.000000 12 135
2011_001005 0.492000 43.000000 16.000000 465.000000 375.000000 210 67
2011_001167 0.142401 85.000000 186.000000 203.000000 255.000000 190 81
2011_001283 0.749763 55.000000 172.000000 484.000000 374.000000 235 121
2011_001304 0.299967 163.000000 104.000000 299.000000 207.000000 110 145
2011_001304 0.763491 310.000000 111.000000 486.000000 203.000000 99 49
2011_001330 0.675482 1.000000 153.000000 221.000000 372.000000 115 64
2011_001404 0.421550 146.000000 157.000000 463.000000 333.000000 12 27
2011_001404 0.643306 1.000000 103.000000 124.000000 319.000000 77 137
2011_001440 0.438348 183.000000 192.000000 338.000000 307.000000 302 37
2011_001440 0.444565 1.000000 254.000000 233.000000 375.000000 264 19
2011_001518 0.930808 2.000000 154.000000 414.000000 316.000000 177 125
2011_001531 0.608676 328.000000 191.000000 499.000000 374.000000 56 9
2011_001531 0.678501 104.000000 157.000000 375.000000 261.000000 87 100
2011_001567 0.808349 2.000000 140.000000 212.000000 261.000000 168 119
2011_001691 0.263334 2.000000 196.000000 167.000000 422.000000 308 128
2011_001691 0.599377 239.000000 219.000000 336.000000 348.000000 107 33
2011_001713 0.409976 253.000000 150.000000 500.000000 375.000000 280 17
2011_001751 0.515607 110.000000 183.000000 442.000000 345.000000 227 138
2011_001794 0.781269 226.000000 222.000000 373.000000 357.000000 17 79
2011_001820 0.059986 1.000000 92.000000 321.000000 385.000000 357 153
2011_001837 0.754683 125.000000 161.000000 229.000000 218.000000 276 130
2011_001845 0.597079 1.000000 133.000000 492.000000 373.000000 73 58
2011_001856 0.496305 274.000000 174.000000 407.000000 322.000000 352 81
2011_001856 0.979765 1.000000 227.000000 227.000000 375.000000 350 137
2011_001862 0.158148 1.000000 249.000000 257.000000 375.000000 73 6
2011_001914 0.644958 1.000000 12.000000 485.000000 375.000000 259 140
2011_001932 0.045656 167.000000 147.000000 320.000000 229.000000 122 118
2011_001941 0.946969 312.000000 237.000000 500.000000 304.000000 312 19
2011_001941 0.312880 79.000000 241.000000 258.000000 283.000000 137 24
2011_001980 0.193041 3.000000 197.000000 498.000000 444.000000 324 141
2011_002045 0.770765 193.000000 157.000000 392.000000 302.000000 63 161
2011_002109 0.193373 1.000000 1.000000 375.000000 500.000000 285 38
2011_002124 0.505913 384.000000 257.000000 499.000000 375.000000 233 20
2011_002184 0.373375 9.000000 63.000000 500.000000 364.000000 247 28
2011_002391 0.160690 250.000000 291.000000 500.000000 375.000000 291 164
2011_002395 0.187857 158.000000 127.000000 432.000000 295.000000 266 100
2011_002414 0.632268 1.000000 126.000000 500.000000 365.000000 248 54
2011_002507 0.758264 2.000000 73.000000 312.000000 245.000000 85 88
2011_002644 0.653208 85.000000 266.000000 470.000000 375.000000 223 45
2011_002644 0.656856 457.000000 240.000000 500.000000 375.000000 119 21
2011_002714 0.146388 3.000000 152.000000 188.000000 265.000000 341 151
2011_002784 0.510489 265.000000 167.000000 500.000000 242.000000 247 120
2011_002784 0.842294 182.000000 220.000000 500.000000 375.000000 156 69
2011_002810 0.560969 259.000000 225.000000 500.000000 342.000000 90 52
2011_002879 0.864425 1.000000 214.000000 56.000000 375.000000 226 81
2011_002971 0.720063 232.000000 96.000000 336.000000 293.000000 343 147
2011_003039 0.839123 101.000000 138.000000 390.000000 286.000000 44 15
2011_003097 0.577891 176.000000 111.000000 270.000000 259.000000 126 163
2011_003103 0.146685 1.000000 200.000000 82.000000 296.000000 18 39
2011_003182 0.092959 1.000000 22.000000 500.000000 375.000000 150 158
2011_003201 0.265358 278.000000 145.000000 495.000000 243.000000 335 168
2011_003212 0.584380 54.000000 238.000000 306.000000 375.000000 13 84
2011_003254 0.063682 1.000000 267.000000 66.000000 464.000000 262 60
2011_003256 0.372950 5.000000 75.000000 414.000000 307.000000 321 149
