2008_000090 0.431218 455.000000 88.000000 500.000000 142.000000 168 46
2008_000090 0.181840 342.000000 83.000000 392.000000 153.000000 253 72
2008_000133 0.373579 20.000000 30.000000 500.000000 332.000000 308 105
2008_000194 0.522232 192.000000 183.000000 310.000000 277.000000 80 39
2008_000466 0.070450 40.000000 90.000000 318.000000 257.000000 156 133
2008_000466 0.136652 62.000000 90.000000 400.000000 301.000000 305 122
2008_000562 0.607340 132.000000 176.000000 394.000000 350.000000 309 36
2008_000725 0.005653 110.000000 82.000000 193.000000 240.000000 195 29
2008_000803 0.421069 55.000000 79.000000 90.000000 181.000000 278 138
2008_000803 0.174155 164.000000 87.000000 264.000000 177.000000 20 105
2008_000803 0.253064 373.000000 115.000000 411.000000 224.000000 262 96
2008_000803 0.887031 277.000000 93.000000 332.000000 208.000000 330 136
2008_001225 0.737073 130.000000 175.000000 255.000000 289.000000 25 33
2008_001225 0.501903 237.000000 187.000000 335.000000 287.000000 251 140
2008_001225 0.855772 319.000000 191.000000 427.000000 288.000000 153 110
2008_001226 0.298815 191.000000 23.000000 500.000000 421.000000 241 94
2008_001231 0.567685 225.000000 110.000000 313.000000 250.000000 253 69
2008_001404 0.898799 91.000000 267.000000 245.000000 500.000000 320 152
2008_001531 0.001358 77.000000 135.000000 349.000000 300.000000 338 147
2008_001914 0.260727 154.000000 265.000000 474.000000 375.000000 1 16
2008_002179 0.341065 198.000000 24.000000 228.000000 62.000000 8 76
2008_002269 0.298499 22.000000 23.000000 416.000000 334.000000 195 167
2008_002269 0.340478 409.000000 64.000000 500.000000 292.000000 122 155
2008_002322 0.856656 120.000000 155.000000 295.000000 297.000000 50 91
2008_002384 0.627904 368.000000 224.000000 500.000000 366.000000 138 125
2008_002631 0.949706 89.000000 238.000000 246.000000 500.000000 162 85
2008_002701 0.447007 27.000000 10.000000 500.000000 331.000000 30 50
2008_002714 0.469101 1.000000 258.000000 332.000000 500.000000 212 158
2008_002715 0.467910 64.000000 390.000000 354.000000 500.000000 157 134
2008_002883 0.498104 8.000000 26.000000 496.000000 334.000000 310 84
2008_002932 0.085552 24.000000 281.000000 161.000000 375.000000 175 41
2008_003072 0.233168 178.000000 230.000000 199.000000 257.000000 24 160
2008_003072 0.872813 196.000000 186.000000 204.000000 204.000000 310 128
2008_003108 0.393900 1.000000 184.000000 83.000000 324.000000 338 25
2008_003205 0.896410 109.000000 151.000000 356.000000 314.000000 353 116
2008_003270 0.622880 1.000000 37.000000 492.000000 361.000000 174 3
2008_003351 0.724992 421.000000 105.000000 500.000000 205.000000 83 95
2008_003351 0.433435 307.000000 117.000000 361.000000 233.000000 219 106
2008_003395 0.010177 113.000000 372.000000 264.000000 497.000000 88 77
2008_003713 0.095447 14.000000 1.000000 444.000000 371.000000 219 172
2008_003768 0.246941 78.000000 135.000000 370.000000 343.000000 13 160
2008_003812 0.140499 111.000000 1.000000 375.000000 500.000000 3 147
2008_003940 0.352560 1.000000 1.000000 142.000000 375.000000 317 17
2008_003940 0.667682 10.000000 1.000000 313.000000 375.000000 214 105
2008_004040 0.139759 274.000000 196.000000 402.000000 296.000000 233 78
2008_004040 0.650459 206.000000 204.000000 253.000000 299.000000 271 44
2008_004101 0.972089 92.000000 240.000000 260.000000 375.000000 309 15
2008_004142 0.835713 113.000000 163.000000 196.000000 216.000000 11 150
2008_004142 0.943170 197.000000 164.000000 275.000000 214.000000 18 98
2008_004142 0.601399 309.000000 154.000000 393.000000 208.000000 116 145
2008_004363 0.049565 102.000000 178.000000 344.000000 336.000000 284 144
2008_004482 0.489655 51.000000 175.000000 118.000000 282.000000 102 118
2008_004592 0.567841 20.000000 14.000000 474.000000 284.000000 350 135
2008_004654 0.886564 43.000000 213.000000 172.000000 453.000000 108 46
2008_004656 0.098337 226.000000 91.000000 308.000000 202.000000 161 147
2008_004758 0.899156 8.000000 45.000000 372.000000 353.000000 309 5
2008_004784 0.120200 167.000000 137.000000 246.000000 299.000000 324 94
2008_004862 0.831360 330.000000 149.000000 369.000000 178.000000 64 127
2008_004862 0.957112 142.000000 174.000000 280.000000 325.000000 13 136
2008_004995 0.343006 27.000000 144.000000 216.000000 330.000000 123 115
2008_005147 0.723090 119.000000 75.000000 463.000000 281.000000 78 142
2008_005147 0.421006 397.000000 47.000000 463.000000 75.000000 100 105
2008_005175 0.491146 279.000000 301.000000 351.000000 348.000000 33 4
2008_005190 0.287350 196.000000 161.000000 376.000000 280.000000 100 61
2008_005190 0.697650 461.000000 201.000000 500.000000 303.000000 62 72
2008_005276 0.443066 8.000000 361.000000 77.000000 461.000000 73 120
2008_005356 0.193202 61.000000 18.000000 427.000000 365.000000 156 32
2008_005553 0.559678 154.000000 1.000000 375.000000 500.000000 222 48
2008_005599 0.679220 42.000000 152.000000 117.000000 299.000000 340 129
2008_005599 0.607727 186.000000 200.000000 500.000000 375.000000 345 140
2008_005599 0.268712 76.000000 181.000000 299.000000 351.000000 341 11
2008_005727 0.475354 57.000000 79.000000 464.000000 359.000000 355 139
2008_005738 0.380149 48.000000 253.000000 267.000000 408.000000 245 75
2008_005808 0.029668 233.000000 196.000000 429.000000 342.000000 77 69
2008_005808 0.975845 1.000000 171.000000 76.000000 298.000000 170 60
2008_005808 0.408063 1.000000 159.000000 76.000000 254.000000 200 152
2008_005846 0.991203 109.000000 94.000000 430.000000 375.000000 166 149
2008_005970 0.739022 1.000000 1.000000 330.000000 288.000000 189 167
2008_005978 0.824499 44.000000 248.000000 194.000000 500.000000 204 174
2008_006088 0.379573 81.000000 244.000000 282.000000 500.000000 345 116
2008_006088 0.014854 1.000000 278.000000 51.000000 385.000000 172 164
2008_006154 0.542992 76.000000 321.000000 164.000000 421.000000 56 85
2008_006154 0.889635 12.000000 324.000000 66.000000 402.000000 21 118
2008_006254 0.280230 134.000000 287.000000 237.000000 485.000000 39 79
2008_006254 0.253749 69.000000 12.000000 145.000000 166.000000 355 110
2008_006254 0.827804 170.000000 9.000000 245.000000 159.000000 48 98
2008_006424 0.203715 121.000000 143.000000 320.000000 332.000000 301 150
2008_006467 0.121000 45.000000 114.000000 359.000000 314.000000 196 157
2008_006519 0.217865 221.000000 201.000000 346.000000 306.000000 308 162
2008_006642 0.835027 162.000000 149.000000 254.000000 214.000000 28 85
2008_006813 0.502746 82.000000 296.000000 297.000000 500.000000 169 74
2008_006855 0.870475 122.000000 239.000000 198.000000 389.000000 45 24
2008_006855 0.864803 218.000000 248.000000 303.000000 372.000000 217 48
2008_007019 0.722210 159.000000 181.000000 455.000000 375.000000 21 82
2008_007067 0.526980 340.000000 240.000000 449.000000 328.000000 122 72
2008_007103 0.069368 256.000000 208.000000 399.000000 289.000000 322 140
2008_007222 0.864673 126.000000 179.000000 308.000000 418.000000 100 68
2008_007719 0.597655 1.000000 3.000000 500.000000 333.000000 151 43
2008_007719 0.934709 419.000000 33.000000 469.000000 64.000000 173 162
2008_007719 0.743221 432.000000 33.000000 482.000000 64.000000 294 128
2008_007766 0.335911 164.000000 192.000000 322.000000 442.000000 324 12
2008_007872 0.507435 304.000000 298.000000 384.000000 344.000000 2 149
2008_007915 0.534832 51.000000 41.000000 468.000000 332.000000 132 41
2008_007935 0.084971 158.000000 138.000000 354.000000 241.000000 104 12
2008_007935 0.123381 1.000000 136.000000 47.000000 208.000000 25 74
2008_007993 0.353639 77.000000 121.000000 452.000000 392.000000 159 162
2008_008069 0.875033 17.000000 370.000000 266.000000 500.000000 43 102
2008_008084 0.142340 40.000000 273.000000 247.000000 500.000000 125 8
2008_008131 0.456525 11.000000 41.000000 445.000000 375.000000 28 133
2008_008210 0.571357 171.000000 188.000000 246.000000 316.000000 241 126
2008_008307 0.662352 52.000000 119.000000 393.000000 333.000000 226 158
2008_008320 0.141336 258.000000 125.000000 480.000000 347.000000 315 84
2008_008320 0.307986 1.000000 187.000000 276.000000 375.000000 25 129
2008_008337 0.531049 154.000000 124.000000 442.000000 350.000000 242 117
2008_008357 0.487999 357.000000 196.000000 430.000000 317.000000 257 91
2008_008357 0.389282 285.000000 188.000000 352.000000 287.000000 179 168
2008_008357 0.684908 135.000000 163.000000 211.000000 281.000000 42 43
2008_008357 0.215170 297.000000 77.000000 327.000000 120.000000 302 175
2008_008357 0.402952 368.000000 176.000000 476.000000 264.000000 274 105
2008_008443 0.651368 1.000000 269.000000 334.000000 500.000000 184 89
2008_008564 0.089612 194.000000 99.000000 336.000000 268.000000 268 54
2008_008611 0.775305 105.000000 110.000000 374.000000 282.000000 297 70
2008_008619 0.905158 261.000000 199.000000 500.000000 333.000000 65 20
2008_008619 0.864255 121.000000 244.000000 254.000000 333.000000 315 180
2008_008627 0.997616 67.000000 1.000000 325.000000 267.000000 13 98
2008_008629 0.070221 33.000000 55.000000 209.000000 187.000000 184 157
2008_008629 0.564261 111.000000 90.000000 371.000000 313.000000 356 166
2008_008629 0.720723 161.000000 109.000000 469.000000 375.000000 155 61
2008_008652 0.922685 5.000000 104.000000 336.000000 287.000000 5 67
2008_008659 0.496537 280.000000 258.000000 352.000000 297.000000 197 85
2008_008695 0.981993 267.000000 100.000000 391.000000 210.000000 111 171
2008_008705 0.455844 223.000000 224.000000 241.000000 235.000000 185 179
2008_008708 0.193249 158.000000 210.000000 263.000000 430.000000 153 38
2008_008711 0.529746 14.000000 31.000000 486.000000 343.000000 300 131
2008_008718 0.551962 262.000000 270.000000 478.000000 433.000000 298 92
2008_008718 0.142763 10.000000 340.000000 109.000000 437.000000 77 106
2008_008724 0.608559 1.000000 79.000000 137.000000 375.000000 19 123
2008_008724 0.629908 62.000000 22.000000 441.000000 375.000000 79 73
2008_008724 0.169198 130.000000 1.000000 396.000000 285.000000 200 23
2008_008724 0.488486 314.000000 1.000000 500.000000 227.000000 0 75
2008_008724 0.017920 370.000000 1.000000 500.000000 119.000000 58 120
2008_008753 0.975854 80.000000 1.000000 489.000000 312.000000 43 171
2008_008755 0.862722 138.000000 283.000000 170.000000 347.000000 11 89
2008_008758 0.813591 216.000000 218.000000 284.000000 311.000000 87 150
2009_000055 0.379724 322.000000 148.000000 457.000000 355.000000 226 0
2009_000149 0.378823 16.000000 158.000000 259.000000 460.000000 326 122
2009_000286 0.571413 1.000000 1.000000 375.000000 500.000000 228 44
2009_000351 0.283444 40.000000 242.000000 371.000000 375.000000 353 153
2009_000354 0.986927 1.000000 1.000000 500.000000 375.000000 246 64
2009_000430 0.811347 207.000000 19.000000 297.000000 224.000000 30 45
2009_000457 0.800623 4.000000 144.000000 267.000000 321.000000 30 96
2009_000461 0.437894 16.000000 204.000000 444.000000 481.000000 266 25
2009_000573 0.587403 56.000000 89.000000 450.000000 336.000000 126 86
2009_000634 0.640194 65.000000 74.000000 468.000000 318.000000 52 163
2009_000724 0.931616 122.000000 171.000000 353.000000 375.000000 59 102
2009_000756 0.466219 12.000000 27.000000 489.000000 313.000000 282 123
2009_000820 0.248771 157.000000 158.000000 372.000000 299.000000 94 102
2009_000896 0.885220 298.000000 121.000000 313.000000 160.000000 115 164
2009_000896 0.178840 117.000000 166.000000 175.000000 286.000000 286 167
2009_000896 0.913182 173.000000 182.000000 325.000000 375.000000 186 113
2009_000985 0.740008 37.000000 15.000000 469.000000 272.000000 239 70
2009_001181 0.084997 415.000000 225.000000 500.000000 328.000000 294 108
2009_001194 0.527025 43.000000 32.000000 500.000000 334.000000 332 10
2009_001255 0.812833 122.000000 50.000000 487.000000 297.000000 43 68
2009_001255 0.712647 55.000000 23.000000 427.000000 242.000000 88 159
2009_001384 0.252854 39.000000 122.000000 352.000000 500.000000 136 45
2009_001456 0.685289 39.000000 39.000000 483.000000 323.000000 276 9
2009_001646 0.977256 425.000000 1.000000 500.000000 48.000000 223 134
2009_001663 0.877470 109.000000 205.000000 223.000000 330.000000 138 47
2009_001718 0.090962 40.000000 310.000000 264.000000 500.000000 290 83
2009_001758 0.531690 153.000000 103.000000 286.000000 249.000000 203 34
2009_001758 0.726741 53.000000 140.000000 254.000000 381.000000 128 57
2009_001758 0.204493 76.000000 142.000000 286.000000 476.000000 186 142
2009_001780 0.801172 28.000000 17.000000 437.000000 342.000000 244 9
2009_001830 0.091558 239.000000 118.000000 369.000000 385.000000 244 170
2009_001830 0.614904 197.000000 153.000000 243.000000 299.000000 327 92
2009_001915 0.850614 1.000000 1.000000 500.000000 375.000000 114 14
2009_002058 0.622391 81.000000 390.000000 375.000000 500.000000 52 67
2009_002087 0.990511 19.000000 6.000000 484.000000 305.000000 359 93
2009_002194 0.696569 17.000000 1.000000 490.000000 452.000000 82 72
2009_002295 0.420400 27.000000 281.000000 349.000000 476.000000 23 135
2009_002350 0.319068 59.000000 321.000000 185.000000 500.000000 292 68
2009_002350 0.413183 1.000000 332.000000 136.000000 441.000000 355 129
2009_002400 0.637306 52.000000 29.000000 282.000000 316.000000 36 132
2009_002401 0.981596 43.000000 7.000000 500.000000 375.000000 27 22
2009_002488 0.053832 1.000000 1.000000 500.000000 375.000000 179 4
2009_002668 0.465820 120.000000 226.000000 222.000000 332.000000 51 161
2009_002777 0.067785 126.000000 235.000000 405.000000 375.000000 202 89
2009_002779 0.269047 18.000000 38.000000 480.000000 318.000000 323 52
2009_002785 0.368311 352.000000 8.000000 463.000000 104.000000 214 86
2009_002785 0.620425 1.000000 32.000000 182.000000 144.000000 236 169
2009_002785 0.439134 1.000000 9.000000 112.000000 123.000000 102 37
2009_002833 0.610092 25.000000 21.000000 480.000000 307.000000 10 158
2009_002833 0.053824 382.000000 31.000000 500.000000 272.000000 73 94
2009_002833 0.548009 289.000000 28.000000 386.000000 270.000000 310 80
2009_002833 0.371379 160.000000 49.000000 276.000000 264.000000 204 122
2009_002833 0.047844 1.000000 28.000000 142.000000 278.000000 28 82
2009_002928 0.954244 45.000000 85.000000 441.000000 350.000000 266 7
2009_002985 0.513364 1.000000 33.000000 500.000000 375.000000 267 169
2009_003065 0.758974 178.000000 197.000000 288.000000 349.000000 87 47
2009_003193 0.752858 69.000000 60.000000 435.000000 285.000000 358 64
2009_003224 0.430595 33.000000 27.000000 404.000000 365.000000 40 107
2009_003251 0.094808 328.000000 36.000000 353.000000 85.000000 263 47
2009_003251 0.132039 313.000000 38.000000 329.000000 84.000000 162 115
2009_003343 0.826998 20.000000 185.000000 299.000000 500.000000 163 117
2009_003469 0.884231 33.000000 10.000000 459.000000 311.000000 111 72
2009_003802 0.759832 87.000000 7.000000 193.000000 87.000000 252 44
2009_003832 0.006108 71.000000 1.000000 417.000000 333.000000 105 50
2009_003836 0.304298 79.000000 77.000000 275.000000 436.000000 135 79
2009_003905 0.936684 32.000000 37.000000 333.000000 439.000000 105 44
2009_003908 0.479419 1.000000 1.000000 414.000000 375.000000 310 72
2009_003971 0.269812 56.000000 52.000000 364.000000 500.000000 203 88
2009_004242 0.861657 1.000000 14.000000 204.000000 334.000000 356 33
2009_004258 0.748747 11.000000 189.000000 37.000000 213.000000 12 60
2009_004258 0.952205 46.000000 188.000000 69.000000 210.000000 232 30
2009_004303 0.578572 167.000000 168.000000 465.000000 366.000000 196 45
2009_004364 0.482507 4.000000 1.000000 499.000000 374.000000 330 161
2009_004496 0.055314 1.000000 35.000000 467.000000 375.000000 159 56
2009_004518 0.355922 341.000000 107.000000 350.000000 119.000000 271 24
2009_004551 0.021240 53.000000 93.000000 463.000000 364.000000 143 159
2009_004629 0.250343 100.000000 1.000000 462.000000 375.000000 304 52
2009_004664 0.202616 121.000000 162.000000 370.000000 357.000000 176 131
2009_004758 0.593236 8.000000 192.000000 164.000000 288.000000 78 176
2009_004758 0.895970 306.000000 162.000000 400.000000 238.000000 110 174
2009_004781 0.711764 190.000000 85.000000 354.000000 343.000000 68 0
2009_004822 0.039023 95.000000 141.000000 448.000000 358.000000 312 21
2009_004848 0.516432 164.000000 166.000000 341.000000 366.000000 215 109
2009_004876 0.946020 1.000000 1.000000 375.000000 481.000000 3 124
2009_004882 0.354569 11.000000 220.000000 374.000000 469.000000 314 20
2009_004882 0.612727 149.000000 298.000000 268.000000 385.000000 87 101
2009_004933 0.795642 175.000000 169.000000 282.000000 284.000000 108 144
2009_004934 0.054297 54.000000 11.000000 383.000000 373.000000 281 63
2009_005064 0.162476 42.000000 51.000000 468.000000 308.000000 255 179
2009_005082 0.481657 308.000000 292.000000 500.000000 375.000000 41 164
2009_005082 0.186760 12.000000 304.000000 221.000000 375.000000 307 146
2009_005087 0.608961 63.000000 143.000000 245.000000 278.000000 89 10
2009_005098 0.027750 118.000000 1.000000 454.000000 188.000000 280 92
2009_005103 0.331997 65.000000 45.000000 413.000000 375.000000 357 90
2009_005156 0.575135 43.000000 29.000000 422.000000 248.000000 63 113
2009_005172 0.356787 112.000000 54.000000 500.000000 375.000000 270 28
2009_005178 0.337870 39.000000 33.000000 457.000000 396.000000 52 153
2009_005203 0.801912 233.000000 116.000000 334.000000 259.000000 99 1
2009_005300 0.870913 70.000000 140.000000 220.000000 252.000000 179 97
2009_005300 0.178828 263.000000 149.000000 375.000000 255.000000 260 120
2010_000065 0.596022 185.000000 194.000000 285.000000 403.000000 198 173
2010_000083 0.885924 43.000000 212.000000 127.000000 310.000000 291 177
2010_000113 0.451124 107.000000 7.000000 466.000000 317.000000 77 6
2010_000254 0.951197 130.000000 136.000000 339.000000 290.000000 5 85
2010_000342 0.431433 55.000000 37.000000 354.000000 360.000000 90 70
2010_000401 0.452999 116.000000 115.000000 424.000000 315.000000 299 148
2010_000444 0.740844 73.000000 163.000000 279.000000 306.000000 137 167
2010_000462 0.510100 158.000000 228.000000 257.000000 385.000000 266 170
2010_000590 0.849199 1.000000 183.000000 38.000000 270.000000 285 81
2010_000624 0.976439 1.000000 1.000000 500.000000 368.000000 141 133
2010_000829 0.207158 32.000000 14.000000 496.000000 357.000000 188 77
2010_000893 0.375210 111.000000 22.000000 344.000000 254.000000 116 20
2010_000898 0.817119 12.000000 41.000000 495.000000 324.000000 119 62
2010_001049 0.774310 226.000000 159.000000 409.000000 270.000000 191 94
2010_001049 0.346649 45.000000 149.000000 218.000000 264.000000 43 113
2010_001119 0.863938 1.000000 258.000000 423.000000 375.000000 120 103
2010_001119 0.901831 6.000000 99.000000 79.000000 141.000000 71 121
2010_001206 0.496520 49.000000 159.000000 67.000000 188.000000 72 54
2010_001246 0.276995 1.000000 125.000000 45.000000 236.000000 320 90
2010_001246 0.412804 29.000000 128.000000 71.000000 230.000000 192 103
2010_001367 0.506747 142.000000 89.000000 433.000000 389.000000 5 126
2010_001439 0.358580 209.000000 273.000000 238.000000 315.000000 137 12
2010_001540 0.813780 1.000000 1.000000 375.000000 500.000000 84 37
2010_001606 0.375052 72.000000 291.000000 266.000000 497.000000 142 10
2010_001921 0.912219 293.000000 152.000000 401.000000 260.000000 279 30
2010_001921 0.204236 1.000000 150.000000 55.000000 231.000000 115 59
2010_002030 0.950034 56.000000 5.000000 484.000000 322.000000 276 13
2010_002211 0.687129 1.000000 180.000000 351.000000 500.000000 57 52
2010_002326 0.721327 105.000000 16.000000 420.000000 375.000000 51 92
2010_002536 0.749848 92.000000 57.000000 454.000000 297.000000 334 132
2010_002536 0.520850 1.000000 110.000000 123.000000 347.000000 147 43
2010_002660 0.662933 77.000000 171.000000 333.000000 500.000000 79 152
2010_002693 0.469105 1.000000 244.000000 233.000000 412.000000 294 143
2010_002693 0.986852 2.000000 245.000000 103.000000 380.000000 111 124
2010_002767 0.706085 1.000000 351.000000 331.000000 500.000000 277 149
2010_002792 0.496722 29.000000 65.000000 244.000000 235.000000 214 136
2010_002814 0.968546 30.000000 14.000000 494.000000 314.000000 311 12
2010_002927 0.402970 1.000000 217.000000 390.000000 375.000000 36 98
2010_003123 0.613682 1.000000 107.000000 35.000000 139.000000 39 130
2010_003251 0.811319 19.000000 52.000000 478.000000 344.000000 282 102
2010_003293 0.871452 432.000000 186.000000 469.000000 236.000000 208 170
2010_003293 0.473031 403.000000 180.000000 432.000000 232.000000 183 142
2010_003293 0.976147 395.000000 179.000000 424.000000 230.000000 298 58
2010_003314 0.751224 18.000000 256.000000 158.000000 372.000000 100 13
2010_003379 0.327024 1.000000 37.000000 500.000000 367.000000 299 166
2010_003446 0.463295 160.000000 164.000000 345.000000 261.000000 289 97
2010_003503 0.076273 1.000000 64.000000 499.000000 375.000000 295 171
2010_003585 0.398896 340.000000 229.000000 500.000000 301.000000 255 42
2010_003603 0.995374 38.000000 344.000000 227.000000 500.000000 97 150
2010_003701 0.932303 262.000000 191.000000 373.000000 314.000000 234 127
2010_003729 0.380848 3.000000 121.000000 156.000000 240.000000 248 102
2010_003811 0.407619 40.000000 33.000000 431.000000 283.000000 228 65
2010_003828 0.503414 47.000000 138.000000 347.000000 330.000000 133 84
2010_003912 0.338604 70.000000 39.000000 312.000000 416.000000 328 37
2010_004182 0.262219 14.000000 54.000000 483.000000 340.000000 207 88
2010_004439 0.060950 378.000000 300.000000 457.000000 342.000000 209 158
2010_004439 0.563238 469.000000 234.000000 500.000000 276.000000 159 15
2010_004439 0.233090 411.000000 272.000000 467.000000 315.000000 194 138
2010_004439 0.860982 467.000000 303.000000 500.000000 328.000000 211 83
2010_004439 0.347186 446.000000 272.000000 500.000000 299.000000 238 64
2010_004537 0.298201 27.000000 73.000000 488.000000 341.000000 91 171
2010_004809 0.741629 222.000000 208.000000 348.000000 285.000000 57 65
2010_004894 0.006226 103.000000 45.000000 401.000000 339.000000 254 126
2010_004921 0.318345 195.000000 180.000000 264.000000 235.000000 135 162
2010_004921 0.125014 456.000000 166.000000 500.000000 212.000000 215 54
2010_005000 0.981176 1.000000 18.000000 295.000000 500.000000 140 147
2010_005116 0.337712 32.000000 84.000000 498.000000 375.000000 310 15
2010_005226 0.984448 376.000000 188.000000 435.000000 300.000000 85 57
2010_005374 0.841852 21.000000 1.000000 500.000000 375.000000 197 135
2010_005542 0.105124 1.000000 154.000000 94.000000 291.000000 60 163
2010_005542 0.717470 95.000000 146.000000 183.000000 284.000000 268 131
2010_005542 0.508787 462.000000 168.000000 500.000000 285.000000 48 80
2010_005556 0.677725 70.000000 1.000000 443.000000 375.000000 191 155
2010_005658 0.955896 1.000000 19.000000 360.000000 295.000000 290 96
2010_005658 0.281660 404.000000 103.000000 500.000000 265.000000 24 97
2010_005664 0.208258 93.000000 67.000000 425.000000 294.000000 173 123
2010_005848 0.880847 230.000000 215.000000 474.000000 345.000000 219 59
2010_005860 0.959117 419.000000 118.000000 498.000000 212.000000 48 18
2010_006031 0.155553 140.000000 10.000000 377.000000 258.000000 55 27
2010_006070 0.668896 1.000000 14.000000 497.000000 323.000000 32 82
2011_000087 0.712711 226.000000 188.000000 266.000000 211.000000 299 142
2011_000098 0.958059 333.000000 109.000000 390.000000 270.000000 170 128
2011_000098 0.789811 374.000000 118.000000 442.000000 277.000000 182 55
2011_000319 0.464699 1.000000 210.000000 17.000000 261.000000 85 42
2011_000319 0.122624 217.000000 173.000000 304.000000 233.000000 223 111
2011_000412 0.735733 14.000000 5.000000 469.000000 375.000000 45 51
2011_000474 0.935114 1.000000 1.000000 395.000000 334.000000 148 149
2011_000585 0.571186 74.000000 106.000000 302.000000 311.000000 144 9
2011_000600 0.492934 472.000000 63.000000 500.000000 143.000000 269 58
2011_000690 0.482305 5.000000 1.000000 99.000000 494.000000 80 169
2011_000690 0.095945 72.000000 1.000000 372.000000 499.000000 194 40
2011_000933 0.771478 57.000000 113.000000 317.000000 375.000000 22 148
2011_000950 0.684300 42.000000 68.000000 468.000000 320.000000 70 161
2011_001025 0.033692 202.000000 346.000000 240.000000 384.000000 236 178
2011_001138 0.583504 27.000000 41.000000 497.000000 322.000000 153 88
2011_001213 0.052305 68.000000 73.000000 310.000000 218.000000 30 119
2011_001271 0.487911 139.000000 186.000000 328.000000 323.000000 200 128
2011_001441 0.645659 1.000000 18.000000 500.000000 256.000000 222 38
2011_001501 0.377512 264.000000 197.000000 440.000000 298.000000 137 19
2011_001524 0.622924 132.000000 52.000000 262.000000 188.000000 95 43
2011_001524 0.217792 140.000000 54.000000 261.000000 172.000000 188 74
2011_001529 0.283939 181.000000 166.000000 245.000000 261.000000 309 155
2011_001535 0.954847 42.000000 177.000000 219.000000 375.000000 222 140
2011_001535 0.162643 184.000000 187.000000 306.000000 375.000000 331 69
2011_001612 0.158824 181.000000 145.000000 299.000000 375.000000 287 20
2011_001806 0.582781 54.000000 353.000000 254.000000 494.000000 128 153
2011_001914 0.575078 258.000000 1.000000 500.000000 209.000000 211 167
2011_001945 0.608808 10.000000 227.000000 340.000000 429.000000 4 146
2011_001945 0.258096 125.000000 287.000000 375.000000 500.000000 173 48
2011_001966 0.048602 83.000000 207.000000 296.000000 451.000000 173 41
2011_001988 0.197910 191.000000 193.000000 302.000000 425.000000 61 47
2011_002002 0.810615 302.000000 179.000000 428.000000 375.000000 218 148
2011_002003 0.859378 335.000000 1.000000 500.000000 267.000000 289 127
2011_002064 0.993343 77.000000 74.000000 357.000000 350.000000 281 37
2011_002064 0.215177 62.000000 78.000000 318.000000 314.000000 34 117
2011_002150 0.197862 259.000000 291.000000 377.000000 372.000000 88 61
2011_002150 0.394607 289.000000 194.000000 304.000000 224.000000 182 171
2011_002192 0.714643 302.000000 165.000000 354.000000 268.000000 210 109
2011_002192 0.920485 139.000000 181.000000 198.000000 290.000000 145 155
2011_002223 0.796816 78.000000 139.000000 361.000000 258.000000 270 51
2011_002223 0.610688 153.000000 108.000000 347.000000 197.000000 51 91
2011_002244 0.728683 363.000000 184.000000 377.000000 205.000000 253 69
2011_002325 0.138216 123.000000 424.000000 281.000000 495.000000 319 10
2011_002406 0.411314 1.000000 42.000000 500.000000 338.000000 311 76
2011_002713 0.980997 37.000000 34.000000 473.000000 338.000000 345 135
2011_002742 0.384582 115.000000 99.000000 407.000000 342.000000 84 17
2011_003003 0.976632 39.000000 116.000000 421.000000 353.000000 180 103
2011_003167 0.994990 235.000000 293.000000 337.000000 362.000000 177 72
2011_003167 0.964257 274.000000 287.000000 371.000000 363.000000 94 120
2011_003167 0.531127 40.000000 265.000000 298.000000 424.000000 242 54
2011_003168 0.404384 277.000000 230.000000 499.000000 375.000000 1 159
2011_003168 0.460648 29.000000 236.000000 160.000000 375.000000 108 171
2011_003169 0.582181 28.000000 24.000000 451.000000 333.000000 104 15
2011_003261 0.580565 132.000000 245.000000 186.000000 332.000000 55 13
