2008_000003 0.518272 46.000000 11.000000 500.000000 333.000000 276 79
2008_000190 0.128305 1.000000 138.000000 251.000000 167.000000 202 44
2008_000373 0.234931 1.000000 1.000000 500.000000 303.000000 220 110
2008_000657 0.882515 58.000000 99.000000 341.000000 333.000000 309 21
2008_000916 0.752914 75.000000 84.000000 408.000000 351.000000 140 54
2008_001114 0.229235 148.000000 24.000000 442.000000 331.000000 95 95
2008_001236 0.115814 259.000000 88.000000 310.000000 111.000000 20 149
2008_001625 0.000376 1.000000 1.000000 499.000000 300.000000 195 112
2008_001850 0.753001 1.000000 28.000000 500.000000 334.000000 59 2
2008_001905 0.670412 1.000000 108.000000 255.000000 373.000000 253 64
2008_002158 0.423220 90.000000 29.000000 356.000000 292.000000 33 148
2008_002193 0.106357 109.000000 1.000000 500.000000 239.000000 37 18
2008_002222 0.423198 160.000000 88.000000 346.000000 275.000000 223 36
2008_002452 0.273350 136.000000 4.000000 251.000000 106.000000 291 59
2008_002452 0.654567 285.000000 36.000000 500.000000 72.000000 295 37
2008_002900 0.314677 156.000000 1.000000 331.000000 439.000000 207 101
2008_002965 0.842667 86.000000 161.000000 472.000000 257.000000 52 23
2008_003105 0.781042 76.000000 94.000000 456.000000 311.000000 171 42
2008_003263 0.141194 113.000000 96.000000 406.000000 272.000000 246 29
2008_003263 0.643806 1.000000 72.000000 173.000000 254.000000 241 119
2008_003737 0.613746 44.000000 151.000000 110.000000 192.000000 67 148
2008_003826 0.249203 67.000000 166.000000 209.000000 271.000000 336 119
2008_003826 0.718269 213.000000 134.000000 406.000000 268.000000 17 7
2008_004212 0.043955 165.000000 149.000000 446.000000 275.000000 88 26
2008_004214 0.229517 133.000000 1.000000 500.000000 375.000000 291 151
2008_004357 0.338252 188.000000 148.000000 290.000000 231.000000 269 51
2008_004367 0.077153 1.000000 89.000000 500.000000 289.000000 119 12
2008_004367 0.416587 136.000000 85.000000 351.000000 291.000000 178 68
2008_004610 0.635509 61.000000 50.000000 411.000000 298.000000 223 119
2008_004852 0.695506 1.000000 195.000000 322.000000 230.000000 122 134
2008_004852 0.957209 358.000000 208.000000 426.000000 230.000000 211 159
2008_004852 0.663588 1.000000 215.000000 318.000000 267.000000 310 58
2008_005085 0.999125 1.000000 36.000000 500.000000 314.000000 326 123
2008_005185 0.693410 66.000000 181.000000 375.000000 500.000000 180 49
2008_005282 0.415731 304.000000 1.000000 500.000000 375.000000 358 38
2008_005282 0.393708 1.000000 59.000000 257.000000 273.000000 58 45
2008_005446 0.452724 78.000000 91.000000 389.000000 284.000000 122 167
2008_005544 0.810326 337.000000 47.000000 500.000000 324.000000 190 90
2008_005763 0.618350 40.000000 83.000000 399.000000 245.000000 290 21
2008_005801 0.269120 1.000000 40.000000 500.000000 325.000000 278 51
2008_005825 0.479241 1.000000 1.000000 460.000000 375.000000 168 67
2008_006010 0.141138 83.000000 223.000000 188.000000 415.000000 158 46
2008_006010 0.252522 105.000000 152.000000 133.000000 188.000000 96 63
2008_006055 0.904582 29.000000 50.000000 434.000000 246.000000 6 81
2008_006368 0.258497 1.000000 1.000000 317.000000 333.000000 237 26
2008_006523 0.823119 70.000000 1.000000 500.000000 375.000000 285 131
2008_006553 0.526944 76.000000 50.000000 345.000000 297.000000 337 34
2008_006752 0.239853 1.000000 137.000000 300.000000 313.000000 101 74
2008_006849 0.002530 1.000000 1.000000 103.000000 375.000000 129 30
2008_006900 0.177276 1.000000 1.000000 486.000000 340.000000 146 50
2008_007084 0.721261 1.000000 88.000000 333.000000 500.000000 211 130
2008_007105 0.454838 1.000000 45.000000 472.000000 295.000000 183 59
2008_007189 0.924728 257.000000 144.000000 364.000000 194.000000 107 123
2008_007231 0.391544 1.000000 259.000000 365.000000 500.000000 105 86
2008_007247 0.877593 25.000000 42.000000 339.000000 464.000000 115 72
2008_007521 0.601428 136.000000 149.000000 227.000000 238.000000 343 1
2008_007749 0.117015 1.000000 157.000000 333.000000 500.000000 283 115
2008_007760 0.584766 1.000000 7.000000 500.000000 324.000000 256 18
2008_007787 0.195988 1.000000 1.000000 500.000000 331.000000 305 42
2008_007887 0.028262 20.000000 3.000000 445.000000 331.000000 14 149
2008_008001 0.504073 1.000000 1.000000 327.000000 209.000000 132 31
2008_008055 0.571140 283.000000 187.000000 427.000000 266.000000 179 156
2008_008055 0.663638 1.000000 182.000000 106.000000 213.000000 62 164
2008_008123 0.287697 1.000000 106.000000 500.000000 283.000000 181 148
2008_008192 0.092594 181.000000 1.000000 500.000000 166.000000 317 96
2008_008203 0.543081 95.000000 1.000000 500.000000 375.000000 174 58
2008_008221 0.026461 1.000000 51.000000 461.000000 269.000000 344 66
2008_008297 0.665287 93.000000 48.000000 362.000000 270.000000 266 58
2008_008302 0.748632 1.000000 1.000000 500.000000 252.000000 179 154
2008_008336 0.583756 133.000000 98.000000 403.000000 287.000000 143 93
2008_008336 0.728590 1.000000 127.000000 185.000000 186.000000 183 132
2008_008379 0.518616 39.000000 1.000000 436.000000 472.000000 70 82
2008_008527 0.165433 298.000000 84.000000 477.000000 255.000000 54 141
2008_008527 0.621759 23.000000 154.000000 110.000000 212.000000 178 47
2008_008615 0.534401 1.000000 1.000000 500.000000 410.000000 165 46
2008_008632 0.852200 241.000000 422.000000 352.000000 482.000000 33 101
2008_008662 0.671617 1.000000 64.000000 466.000000 264.000000 262 97
2008_008662 0.910683 1.000000 94.000000 216.000000 283.000000 310 99
2008_008676 0.452763 1.000000 160.000000 309.000000 329.000000 200 155
2008_008690 0.611743 22.000000 16.000000 401.000000 340.000000 58 43
2008_008726 0.236656 55.000000 150.000000 492.000000 258.000000 156 109
2008_008732 0.675635 108.000000 104.000000 399.000000 315.000000 336 127
2008_008739 0.449255 1.000000 45.000000 210.000000 273.000000 142 117
2008_008739 0.468374 264.000000 255.000000 294.000000 281.000000 356 17
2008_008751 0.631512 1.000000 226.000000 411.000000 316.000000 250 170
2008_008767 0.151533 1.000000 29.000000 150.000000 182.000000 222 116
2009_000011 0.241308 139.000000 167.000000 428.000000 291.000000 88 99
2009_000011 0.663515 444.000000 209.000000 469.000000 241.000000 181 144
2009_000022 0.403123 62.000000 142.000000 367.000000 208.000000 13 37
2009_000051 0.218300 92.000000 89.000000 390.000000 217.000000 331 109
2009_000051 0.385386 436.000000 155.000000 477.000000 183.000000 126 48
2009_000051 0.324908 403.000000 153.000000 435.000000 185.000000 316 100
2009_000090 0.088963 93.000000 115.000000 261.000000 235.000000 233 110
2009_000244 0.922814 54.000000 113.000000 414.000000 219.000000 132 169
2009_000283 0.780331 115.000000 80.000000 340.000000 351.000000 94 48
2009_000501 0.452187 101.000000 101.000000 347.000000 234.000000 145 160
2009_000597 0.381710 294.000000 140.000000 451.000000 275.000000 179 67
2009_000597 0.729951 146.000000 196.000000 188.000000 259.000000 165 129
2009_000628 0.377706 92.000000 142.000000 420.000000 315.000000 121 84
2009_000658 0.596293 24.000000 72.000000 439.000000 312.000000 23 177
2009_000689 0.688654 1.000000 152.000000 411.000000 237.000000 162 175
2009_000689 0.431488 390.000000 172.000000 500.000000 193.000000 176 64
2009_000712 0.957502 1.000000 95.000000 333.000000 302.000000 74 98
2009_000824 0.837381 19.000000 178.000000 414.000000 311.000000 67 139
2009_000845 0.593594 192.000000 160.000000 427.000000 250.000000 327 114
2009_000890 0.008238 1.000000 1.000000 267.000000 333.000000 278 49
2009_001007 0.225141 124.000000 218.000000 344.000000 330.000000 97 96
2009_001118 0.266342 1.000000 80.000000 69.000000 327.000000 328 20
2009_001118 0.835947 22.000000 52.000000 500.000000 353.000000 173 119
2009_001164 0.572420 79.000000 55.000000 425.000000 316.000000 228 145
2009_001245 0.441051 79.000000 143.000000 407.000000 274.000000 177 144
2009_001259 0.749249 1.000000 71.000000 472.000000 292.000000 18 178
2009_001300 0.593352 185.000000 146.000000 390.000000 286.000000 208 60
2009_001322 0.868416 107.000000 195.000000 145.000000 251.000000 325 152
2009_001333 0.405961 29.000000 111.000000 467.000000 315.000000 37 142
2009_001350 0.710456 60.000000 65.000000 403.000000 409.000000 111 5
2009_001468 0.245631 48.000000 151.000000 247.000000 334.000000 304 9
2009_001519 0.957975 1.000000 90.000000 345.000000 262.000000 342 20
2009_001534 0.276030 16.000000 157.000000 497.000000 241.000000 124 158
2009_001648 0.107254 237.000000 100.000000 404.000000 221.000000 257 9
2009_001648 0.562526 473.000000 134.000000 500.000000 194.000000 309 76
2009_001648 0.059135 2.000000 44.000000 189.000000 269.000000 264 173
2009_001823 0.802721 116.000000 16.000000 369.000000 309.000000 43 24
2009_001853 0.708592 242.000000 127.000000 408.000000 232.000000 58 95
2009_001977 0.291582 67.000000 242.000000 129.000000 310.000000 357 110
2009_001977 0.900516 130.000000 243.000000 190.000000 315.000000 198 97
2009_001977 0.905694 187.000000 244.000000 277.000000 311.000000 26 177
2009_001977 0.726554 343.000000 246.000000 405.000000 305.000000 338 121
2009_002009 0.810643 216.000000 142.000000 396.000000 251.000000 34 24
2009_002144 0.755897 74.000000 92.000000 467.000000 300.000000 304 19
2009_002175 0.839600 14.000000 159.000000 382.000000 333.000000 116 43
2009_002202 0.035779 1.000000 99.000000 436.000000 221.000000 152 119
2009_002219 0.384147 285.000000 77.000000 500.000000 298.000000 267 180
2009_002219 0.162201 1.000000 17.000000 334.000000 334.000000 191 141
2009_002265 0.679309 31.000000 36.000000 366.000000 288.000000 325 56
2009_002291 0.682898 1.000000 103.000000 500.000000 284.000000 165 120
2009_002441 0.164230 119.000000 108.000000 396.000000 295.000000 87 98
2009_002568 0.845281 65.000000 64.000000 475.000000 304.000000 326 103
2009_002638 0.554124 40.000000 76.000000 494.000000 321.000000 351 143
2009_002669 0.941065 1.000000 94.000000 248.000000 182.000000 314 48
2009_002669 0.037202 198.000000 98.000000 311.000000 187.000000 356 165
2009_002669 0.045529 287.000000 106.000000 500.000000 149.000000 211 76
2009_002712 0.060399 1.000000 111.000000 445.000000 309.000000 333 135
2009_002774 0.964474 298.000000 157.000000 499.000000 268.000000 260 52
2009_002774 0.465169 1.000000 169.000000 315.000000 249.000000 54 107
2009_002838 0.224888 79.000000 51.000000 477.000000 335.000000 148 158
2009_002887 0.653341 218.000000 3.000000 498.000000 182.000000 195 171
2009_002938 0.873919 106.000000 204.000000 318.000000 344.000000 12 70
2009_002982 0.741106 84.000000 102.000000 418.000000 309.000000 140 134
2009_003022 0.172041 62.000000 46.000000 443.000000 333.000000 83 166
2009_003105 0.770337 1.000000 75.000000 402.000000 282.000000 299 74
2009_003185 0.855426 1.000000 58.000000 500.000000 324.000000 122 160
2009_003230 0.149580 130.000000 1.000000 500.000000 281.000000 47 123
2009_003230 0.551803 1.000000 111.000000 99.000000 179.000000 148 99
2009_003299 0.907675 84.000000 52.000000 409.000000 262.000000 278 133
2009_003311 0.943901 343.000000 122.000000 500.000000 264.000000 167 72
2009_003311 0.317395 1.000000 117.000000 417.000000 267.000000 34 101
2009_003348 0.464386 1.000000 149.000000 323.000000 220.000000 340 111
2009_003433 0.589215 1.000000 114.000000 500.000000 242.000000 316 132
2009_003453 0.084297 133.000000 119.000000 500.000000 309.000000 36 4
2009_003543 0.075126 12.000000 125.000000 480.000000 247.000000 164 34
2009_003638 0.337171 26.000000 92.000000 455.000000 237.000000 118 41
2009_003650 0.227230 49.000000 147.000000 500.000000 304.000000 199 174
2009_003758 0.462019 68.000000 179.000000 221.000000 293.000000 144 178
2009_003758 0.988004 419.000000 210.000000 459.000000 253.000000 354 90
2009_003776 0.339203 2.000000 2.000000 98.000000 39.000000 194 24
2009_003821 0.924721 1.000000 193.000000 211.000000 375.000000 262 75
2009_003863 0.565159 1.000000 142.000000 470.000000 210.000000 25 68
2009_003892 0.381245 1.000000 1.000000 375.000000 498.000000 272 132
2009_003938 0.890348 79.000000 71.000000 500.000000 230.000000 326 35
2009_003951 0.003279 106.000000 89.000000 426.000000 247.000000 93 74
2009_004019 0.645588 35.000000 131.000000 462.000000 261.000000 197 62
2009_004163 0.260603 1.000000 22.000000 352.000000 476.000000 336 106
2009_004163 0.227921 305.000000 243.000000 356.000000 306.000000 324 3
2009_004170 0.717018 66.000000 101.000000 460.000000 262.000000 258 18
2009_004255 0.289440 53.000000 96.000000 349.000000 439.000000 86 74
2009_004329 0.633439 13.000000 140.000000 456.000000 275.000000 55 56
2009_004453 0.200189 1.000000 1.000000 220.000000 375.000000 8 112
2009_004468 0.798358 56.000000 89.000000 433.000000 284.000000 143 84
2009_004559 0.906787 161.000000 89.000000 492.000000 314.000000 80 69
2009_004624 0.689604 43.000000 102.000000 220.000000 227.000000 45 8
2009_004624 0.183932 113.000000 57.000000 500.000000 349.000000 107 179
2009_004669 0.499037 1.000000 137.000000 465.000000 279.000000 200 106
2009_004677 0.258559 1.000000 92.000000 472.000000 336.000000 167 27
2009_004730 0.555310 16.000000 119.000000 467.000000 181.000000 260 179
2009_004799 0.952810 1.000000 117.000000 319.000000 333.000000 232 123
2009_004956 0.128540 20.000000 117.000000 500.000000 291.000000 132 84
2009_004988 0.672307 40.000000 26.000000 446.000000 375.000000 29 98
2009_005061 0.062401 26.000000 164.000000 343.000000 456.000000 304 108
2009_005148 0.085107 1.000000 72.000000 320.000000 191.000000 266 28
2009_005149 0.213290 1.000000 108.000000 500.000000 219.000000 18 14
2009_005149 0.149711 1.000000 1.000000 500.000000 57.000000 140 52
2009_005220 0.734481 37.000000 48.000000 454.000000 285.000000 228 20
2009_005292 0.408086 44.000000 113.000000 369.000000 284.000000 320 80
2010_000085 0.527216 1.000000 77.000000 500.000000 237.000000 149 158
2010_000199 0.168248 35.000000 128.000000 465.000000 276.000000 46 38
2010_000313 0.551677 28.000000 1.000000 499.000000 374.000000 128 66
2010_000321 0.354988 58.000000 177.000000 104.000000 231.000000 47 128
2010_000321 0.757335 111.000000 134.000000 365.000000 244.000000 233 77
2010_000406 0.152736 1.000000 123.000000 432.000000 328.000000 87 34
2010_000406 0.922101 430.000000 202.000000 500.000000 288.000000 357 175
2010_000537 0.375567 136.000000 206.000000 299.000000 255.000000 162 36
2010_000633 0.860453 1.000000 45.000000 396.000000 172.000000 268 162
2010_000743 0.123158 147.000000 136.000000 393.000000 263.000000 350 27
2010_000764 0.728177 1.000000 90.000000 500.000000 334.000000 70 46
2010_000786 0.174089 1.000000 180.000000 500.000000 274.000000 80 107
2010_000865 0.882938 62.000000 92.000000 500.000000 257.000000 207 83
2010_000955 0.162737 101.000000 189.000000 500.000000 287.000000 2 66
2010_000959 0.427892 200.000000 1.000000 500.000000 331.000000 27 162
2010_001052 0.588896 1.000000 170.000000 324.000000 214.000000 197 16
2010_001104 0.040347 6.000000 254.000000 226.000000 339.000000 147 110
2010_001151 0.819527 1.000000 157.000000 412.000000 226.000000 17 82
2010_001272 0.200926 125.000000 10.000000 500.000000 303.000000 252 99
2010_001405 0.720746 240.000000 97.000000 500.000000 346.000000 230 8
2010_001502 0.911281 1.000000 1.000000 500.000000 148.000000 153 93
2010_001539 0.757375 1.000000 28.000000 500.000000 309.000000 270 173
2010_001586 0.511583 2.000000 80.000000 499.000000 311.000000 158 82
2010_001625 0.144218 27.000000 120.000000 483.000000 207.000000 84 79
2010_001734 0.054964 188.000000 161.000000 336.000000 322.000000 188 73
2010_001788 0.609969 207.000000 96.000000 401.000000 265.000000 131 18
2010_001951 0.330510 80.000000 111.000000 397.000000 258.000000 80 105
2010_002073 0.119135 3.000000 1.000000 500.000000 375.000000 269 141
2010_002182 0.099509 1.000000 1.000000 355.000000 375.000000 155 26
2010_002213 0.725277 162.000000 170.000000 198.000000 216.000000 185 33
2010_002223 0.848634 29.000000 87.000000 273.000000 402.000000 14 32
2010_002261 0.487528 65.000000 254.000000 241.000000 333.000000 299 37
2010_002261 0.914187 1.000000 259.000000 206.000000 332.000000 193 35
2010_002261 0.683168 7.000000 255.000000 147.000000 308.000000 102 171
2010_002420 0.777954 76.000000 15.000000 482.000000 335.000000 222 99
2010_002667 0.353428 92.000000 73.000000 388.000000 269.000000 84 21
2010_002682 0.977993 46.000000 82.000000 500.000000 244.000000 36 69
2010_002840 0.449713 1.000000 228.000000 257.000000 398.000000 221 104
2010_002930 0.898586 98.000000 186.000000 166.000000 222.000000 160 73
2010_003129 0.035956 9.000000 157.000000 486.000000 265.000000 150 122
2010_003160 0.125196 1.000000 105.000000 500.000000 306.000000 64 17
2010_003335 0.171773 404.000000 110.000000 500.000000 262.000000 68 84
2010_003335 0.868890 66.000000 99.000000 459.000000 289.000000 188 122
2010_003470 0.219840 272.000000 79.000000 500.000000 235.000000 272 177
2010_003482 0.898937 174.000000 118.000000 383.000000 245.000000 62 166
2010_003514 0.142254 1.000000 7.000000 336.000000 245.000000 136 25
2010_003609 0.824806 32.000000 91.000000 403.000000 303.000000 2 145
2010_003628 0.456638 57.000000 64.000000 438.000000 236.000000 329 63
2010_003630 0.975907 1.000000 1.000000 328.000000 284.000000 232 121
2010_003708 0.928172 304.000000 130.000000 352.000000 163.000000 221 167
2010_003708 0.946144 323.000000 135.000000 356.000000 171.000000 359 48
2010_003708 0.109511 237.000000 136.000000 274.000000 168.000000 40 157
2010_003847 0.600994 1.000000 73.000000 500.000000 238.000000 323 114
2010_003944 0.544773 1.000000 1.000000 436.000000 375.000000 169 93
2010_003956 0.203873 221.000000 124.000000 405.000000 290.000000 248 101
2010_004149 0.515162 311.000000 1.000000 500.000000 327.000000 135 114
2010_004193 0.839441 44.000000 165.000000 476.000000 321.000000 46 149
2010_004313 0.857178 7.000000 79.000000 500.000000 321.000000 116 29
2010_004350 0.860606 2.000000 15.000000 465.000000 72.000000 114 49
2010_004350 0.898853 150.000000 176.000000 426.000000 349.000000 288 47
2010_004469 0.824722 117.000000 1.000000 500.000000 322.000000 45 154
2010_004475 0.082199 2.000000 1.000000 500.000000 333.000000 163 23
2010_004536 0.486973 272.000000 130.000000 500.000000 220.000000 63 131
2010_004677 0.215467 1.000000 160.000000 194.000000 242.000000 182 166
2010_004779 0.222084 33.000000 87.000000 408.000000 327.000000 49 80
2010_004980 0.138119 208.000000 91.000000 420.000000 271.000000 85 50
2010_005130 0.986729 34.000000 83.000000 383.000000 232.000000 63 67
2010_005463 0.589775 274.000000 244.000000 424.000000 297.000000 309 132
2010_005515 0.018924 1.000000 133.000000 500.000000 241.000000 86 44
2010_005706 0.774855 110.000000 155.000000 486.000000 235.000000 294 128
2010_005727 0.508615 1.000000 150.000000 410.000000 297.000000 106 144
2010_005768 0.205440 1.000000 58.000000 500.000000 375.000000 42 158
2010_005871 0.875444 1.000000 1.000000 500.000000 122.000000 105 52
2010_005934 0.805566 1.000000 85.000000 474.000000 251.000000 58 130
2010_006054 0.697821 202.000000 141.000000 443.000000 291.000000 267 143
2011_000195 0.909672 1.000000 190.000000 361.000000 450.000000 280 66
2011_000210 0.957511 265.000000 113.000000 500.000000 238.000000 199 154
2011_000283 0.602931 142.000000 93.000000 295.000000 269.000000 290 75
2011_000283 0.175605 277.000000 86.000000 500.000000 332.000000 188 109
2011_000291 0.846213 150.000000 154.000000 344.000000 240.000000 186 89
2011_000346 0.129696 4.000000 55.000000 483.000000 283.000000 206 32
2011_000498 0.445418 232.000000 1.000000 499.000000 375.000000 237 38
2011_000521 0.299396 1.000000 91.000000 428.000000 231.000000 268 120
2011_000627 0.090120 46.000000 143.000000 486.000000 256.000000 278 64
2011_000688 0.081067 12.000000 59.000000 497.000000 374.000000 262 129
2011_000909 0.891691 39.000000 71.000000 284.000000 286.000000 265 15
2011_001019 0.847043 326.000000 100.000000 461.000000 262.000000 320 102
2011_001060 0.049470 1.000000 1.000000 195.000000 279.000000 46 37
2011_001082 0.747850 128.000000 229.000000 179.000000 286.000000 249 53
2011_001086 0.921022 140.000000 86.000000 280.000000 238.000000 193 59
2011_001086 0.122679 266.000000 64.000000 500.000000 262.000000 298 94
2011_001126 0.710431 2.000000 173.000000 500.000000 375.000000 33 121
2011_001152 0.402068 33.000000 5.000000 500.000000 327.000000 353 173
2011_001217 0.885119 14.000000 105.000000 264.000000 278.000000 67 70
2011_001217 0.960662 261.000000 112.000000 497.000000 280.000000 214 113
2011_001281 0.286204 187.000000 144.000000 500.000000 346.000000 86 57
2011_001337 0.977465 2.000000 25.000000 204.000000 334.000000 330 146
2011_001337 0.364400 263.000000 203.000000 297.000000 222.000000 62 145
2011_001337 0.718680 324.000000 171.000000 482.000000 254.000000 202 52
2011_001375 0.833545 218.000000 116.000000 344.000000 248.000000 118 122
2011_001525 0.132197 25.000000 103.000000 435.000000 216.000000 15 174
2011_001614 0.330120 25.000000 84.000000 500.000000 296.000000 49 117
2011_001655 0.915637 15.000000 71.000000 388.000000 271.000000 352 119
2011_001741 0.939679 105.000000 106.000000 413.000000 352.000000 52 19
2011_001827 0.108073 40.000000 142.000000 315.000000 292.000000 264 4
2011_001927 0.862780 163.000000 170.000000 324.000000 202.000000 39 51
2011_001951 0.921953 107.000000 4.000000 387.000000 332.000000 40 103
2011_001951 0.050672 334.000000 156.000000 500.000000 313.000000 352 163
2011_001951 0.423227 1.000000 143.000000 176.000000 317.000000 148 56
2011_002105 0.574951 85.000000 131.000000 413.000000 248.000000 329 51
2011_002105 0.901144 1.000000 136.000000 500.000000 236.000000 290 129
2011_002173 0.007755 1.000000 137.000000 457.000000 375.000000 20 155
2011_002247 0.175537 1.000000 1.000000 499.000000 282.000000 258 128
2011_002280 0.911964 301.000000 242.000000 500.000000 295.000000 313 28
2011_002294 0.639899 8.000000 194.000000 293.000000 301.000000 84 123
2011_002294 0.198522 287.000000 204.000000 370.000000 300.000000 57 52
2011_002294 0.952564 378.000000 236.000000 500.000000 283.000000 335 97
2011_002379 0.786224 142.000000 108.000000 293.000000 261.000000 78 116
2011_002396 0.163050 17.000000 57.000000 500.000000 298.000000 144 151
2011_002516 0.249130 56.000000 257.000000 326.000000 500.000000 73 62
2011_002535 0.623951 212.000000 107.000000 362.000000 222.000000 124 178
2011_002738 0.403034 125.000000 103.000000 418.000000 256.000000 215 104
2011_003028 0.470403 76.000000 140.000000 384.000000 360.000000 196 140
2011_003028 0.043598 330.000000 142.000000 500.000000 354.000000 32 168
2011_003059 0.093224 89.000000 18.000000 346.000000 341.000000 234 132
2011_003146 0.564250 28.000000 44.000000 461.000000 361.000000 283 166
2011_003149 0.283779 75.000000 102.000000 442.000000 245.000000 164 143
2011_003197 0.536180 10.000000 9.000000 387.000000 489.000000 357 177
2011_003228 0.478506 1.000000 1.000000 500.000000 345.000000 322 42
2011_003260 0.435754 1.000000 140.000000 349.000000 314.000000 327 119
2011_003260 0.468605 1.000000 165.000000 67.000000 208.000000 307 71
