2008_000082 0.609035 128.000000 239.000000 346.000000 361.000000 325 35
2008_000203 0.353196 354.000000 156.000000 411.000000 261.000000 188 127
2008_000328 0.765774 151.000000 185.000000 274.000000 439.000000 273 91
2008_000378 0.901099 15.000000 182.000000 228.000000 333.000000 131 167
2008_000516 0.179025 205.000000 82.000000 440.000000 347.000000 199 94
2008_000547 0.875942 124.000000 168.000000 200.000000 238.000000 219 131
2008_000782 0.181048 5.000000 124.000000 254.000000 500.000000 170 135
2008_000803 0.860052 432.000000 11.000000 461.000000 64.000000 8 23
2008_000806 0.171215 247.000000 185.000000 446.000000 375.000000 287 34
2008_000811 0.935527 30.000000 136.000000 268.000000 331.000000 243 72
2008_000811 0.190023 312.000000 101.000000 475.000000 360.000000 171 72
2008_000858 0.137984 12.000000 51.000000 382.000000 328.000000 121 79
2008_000858 0.803842 284.000000 16.000000 453.000000 211.000000 353 79
2008_001007 0.641258 95.000000 208.000000 327.000000 375.000000 294 42
2008_001150 0.407058 109.000000 270.000000 208.000000 343.000000 93 22
2008_001168 0.529556 1.000000 25.000000 490.000000 296.000000 24 20
2008_001177 0.994120 214.000000 165.000000 351.000000 270.000000 76 5
2008_001406 0.951382 1.000000 4.000000 181.000000 191.000000 268 177
2008_001406 0.852921 83.000000 1.000000 385.000000 173.000000 170 178
2008_001406 0.113649 78.000000 38.000000 466.000000 260.000000 111 171
2008_001586 0.303156 36.000000 270.000000 88.000000 315.000000 42 0
2008_001727 0.711912 303.000000 192.000000 360.000000 244.000000 133 22
2008_001727 0.788984 212.000000 180.000000 267.000000 228.000000 345 58
2008_002047 0.723963 88.000000 204.000000 128.000000 232.000000 242 20
2008_002115 0.101944 231.000000 1.000000 500.000000 319.000000 318 0
2008_002179 0.998989 262.000000 9.000000 315.000000 49.000000 133 165
2008_002179 0.103070 283.000000 2.000000 332.000000 38.000000 61 31
2008_002191 0.255783 1.000000 305.000000 82.000000 468.000000 218 74
2008_002191 0.883772 21.000000 217.000000 107.000000 360.000000 73 34
2008_002191 0.658269 216.000000 219.000000 264.000000 295.000000 227 112
2008_002209 0.876456 291.000000 205.000000 451.000000 320.000000 64 113
2008_002240 0.884122 24.000000 12.000000 141.000000 333.000000 64 116
2008_002240 0.486873 139.000000 9.000000 244.000000 333.000000 90 106
2008_002240 0.739473 226.000000 1.000000 350.000000 331.000000 302 9
2008_002240 0.779723 329.000000 1.000000 462.000000 333.000000 200 77
2008_002240 0.659472 438.000000 121.000000 500.000000 257.000000 143 64
2008_002374 0.054295 187.000000 130.000000 450.000000 232.000000 142 32
2008_002383 0.982443 81.000000 16.000000 249.000000 417.000000 89 162
2008_002401 0.511667 455.000000 219.000000 500.000000 258.000000 174 26
2008_002696 0.966024 90.000000 1.000000 500.000000 375.000000 358 137
2008_002752 0.097522 1.000000 274.000000 286.000000 375.000000 335 43
2008_002752 0.754567 199.000000 147.000000 402.000000 263.000000 148 24
2008_002926 0.199335 41.000000 25.000000 468.000000 300.000000 125 81
2008_003053 0.768160 7.000000 1.000000 483.000000 375.000000 265 37
2008_003152 0.345772 23.000000 92.000000 368.000000 349.000000 87 110
2008_003249 0.180788 90.000000 168.000000 353.000000 309.000000 260 21
2008_003320 0.404394 80.000000 147.000000 393.000000 347.000000 70 65
2008_003333 0.957213 115.000000 141.000000 310.000000 271.000000 81 120
2008_003334 0.798189 84.000000 131.000000 234.000000 251.000000 155 145
2008_003451 0.329019 152.000000 195.000000 390.000000 386.000000 358 38
2008_003479 0.961277 55.000000 139.000000 305.000000 469.000000 274 136
2008_003618 0.365092 333.000000 188.000000 500.000000 375.000000 205 110
2008_003618 0.525629 159.000000 151.000000 334.000000 260.000000 124 108
2008_003820 0.038252 1.000000 86.000000 424.000000 360.000000 175 118
2008_003827 0.582980 20.000000 61.000000 473.000000 299.000000 68 167
2008_003844 0.045260 269.000000 108.000000 345.000000 197.000000 6 53
2008_004345 0.536361 100.000000 18.000000 406.000000 374.000000 286 128
2008_004371 0.413915 250.000000 17.000000 395.000000 263.000000 211 38
2008_004399 0.659911 260.000000 154.000000 328.000000 266.000000 186 151
2008_004549 0.481528 32.000000 99.000000 437.000000 356.000000 173 153
2008_004554 0.969469 288.000000 105.000000 360.000000 175.000000 98 132
2008_004599 0.242705 85.000000 77.000000 402.000000 314.000000 135 43
2008_004615 0.802620 12.000000 1.000000 485.000000 375.000000 7 177
2008_004615 0.652528 1.000000 1.000000 352.000000 290.000000 203 70
2008_004615 0.102367 1.000000 1.000000 303.000000 182.000000 358 128
2008_004729 0.332956 380.000000 172.000000 482.000000 255.000000 161 125
2008_004729 0.932185 297.000000 135.000000 376.000000 246.000000 332 114
2008_004832 0.889029 79.000000 91.000000 245.000000 403.000000 153 54
2008_004832 0.959162 237.000000 108.000000 324.000000 213.000000 6 27
2008_004832 0.828096 5.000000 143.000000 125.000000 237.000000 257 55
2008_004940 0.642813 42.000000 71.000000 500.000000 333.000000 291 164
2008_004940 0.918972 1.000000 57.000000 331.000000 333.000000 226 21
2008_005032 0.951304 290.000000 178.000000 386.000000 375.000000 225 46
2008_005049 0.088050 101.000000 146.000000 337.000000 331.000000 17 4
2008_005139 0.402179 49.000000 272.000000 101.000000 366.000000 186 158
2008_005139 0.075051 235.000000 176.000000 288.000000 255.000000 202 108
2008_005139 0.244789 120.000000 82.000000 151.000000 125.000000 141 64
2008_005139 0.267205 94.000000 65.000000 123.000000 94.000000 39 20
2008_005139 0.186177 123.000000 174.000000 182.000000 242.000000 96 168
2008_005243 0.920700 237.000000 149.000000 327.000000 241.000000 183 27
2008_005245 0.871569 31.000000 179.000000 301.000000 372.000000 335 25
2008_005245 0.878585 38.000000 152.000000 185.000000 237.000000 4 130
2008_005245 0.111724 280.000000 170.000000 343.000000 238.000000 139 44
2008_005374 0.779662 36.000000 91.000000 464.000000 343.000000 305 119
2008_005422 0.010180 71.000000 70.000000 448.000000 317.000000 129 33
2008_005423 0.300830 187.000000 163.000000 447.000000 299.000000 31 59
2008_005427 0.937296 48.000000 83.000000 356.000000 333.000000 182 70
2008_005637 0.177462 6.000000 103.000000 484.000000 307.000000 57 140
2008_005790 0.470075 125.000000 117.000000 217.000000 253.000000 290 101
2008_005915 0.382873 1.000000 80.000000 500.000000 375.000000 129 67
2008_005915 0.660565 1.000000 1.000000 307.000000 60.000000 92 175
2008_006017 0.104384 62.000000 45.000000 392.000000 374.000000 182 36
2008_006042 0.453714 1.000000 212.000000 361.000000 500.000000 320 65
2008_006205 0.279433 95.000000 93.000000 265.000000 325.000000 23 153
2008_006441 0.615966 8.000000 21.000000 407.000000 319.000000 328 11
2008_006458 0.335443 21.000000 139.000000 236.000000 439.000000 203 120
2008_006517 0.931249 1.000000 1.000000 418.000000 375.000000 14 51
2008_006526 0.737420 1.000000 176.000000 85.000000 298.000000 288 60
2008_006526 0.425515 14.000000 163.000000 106.000000 252.000000 204 3
2008_006600 0.980815 450.000000 178.000000 472.000000 202.000000 11 141
2008_006600 0.597979 400.000000 181.000000 422.000000 198.000000 248 140
2008_006600 0.693874 391.000000 178.000000 409.000000 198.000000 102 134
2008_006686 0.150771 20.000000 35.000000 476.000000 282.000000 159 75
2008_006708 0.749183 207.000000 37.000000 382.000000 163.000000 195 35
2008_006776 0.736287 61.000000 102.000000 450.000000 333.000000 258 127
2008_006874 0.491080 125.000000 210.000000 307.000000 500.000000 236 160
2008_006944 0.124944 107.000000 138.000000 406.000000 309.000000 123 173
2008_006987 0.807605 158.000000 107.000000 344.000000 246.000000 75 28
2008_006989 0.598418 257.000000 162.000000 406.000000 260.000000 24 88
2008_007181 0.856907 116.000000 193.000000 383.000000 375.000000 131 124
2008_007181 0.900047 50.000000 251.000000 110.000000 302.000000 324 171
2008_007184 0.870892 40.000000 181.000000 114.000000 242.000000 2 8
2008_007184 0.330599 203.000000 118.000000 279.000000 193.000000 160 80
2008_007190 0.938907 96.000000 196.000000 262.000000 456.000000 338 128
2008_007190 0.820391 1.000000 252.000000 36.000000 371.000000 191 4
2008_007190 0.860211 287.000000 161.000000 301.000000 184.000000 103 156
2008_007241 0.850024 101.000000 23.000000 376.000000 362.000000 198 82
2008_007264 0.050938 47.000000 47.000000 454.000000 346.000000 125 43
2008_007336 0.904369 4.000000 202.000000 316.000000 500.000000 49 104
2008_007344 0.422411 333.000000 132.000000 466.000000 355.000000 278 127
2008_007348 0.366003 264.000000 228.000000 352.000000 297.000000 345 136
2008_007409 0.255945 97.000000 192.000000 151.000000 223.000000 198 40
2008_007459 0.422405 1.000000 84.000000 487.000000 457.000000 265 57
2008_007488 0.446459 143.000000 228.000000 226.000000 300.000000 269 64
2008_007558 0.621376 80.000000 11.000000 413.000000 369.000000 12 131
2008_007716 0.308377 65.000000 121.000000 290.000000 368.000000 45 39
2008_007739 0.067430 82.000000 10.000000 429.000000 361.000000 11 36
2008_007935 0.802754 34.000000 88.000000 132.000000 180.000000 0 115
2008_007942 0.283828 318.000000 125.000000 395.000000 268.000000 142 47
2008_007955 0.580080 33.000000 94.000000 219.000000 322.000000 257 35
2008_007955 0.564557 159.000000 169.000000 259.000000 289.000000 89 168
2008_007955 0.946253 228.000000 70.000000 423.000000 313.000000 317 179
2008_008127 0.064156 246.000000 160.000000 389.000000 325.000000 172 22
2008_008141 0.922429 438.000000 189.000000 479.000000 221.000000 139 100
2008_008177 0.183582 291.000000 122.000000 418.000000 329.000000 336 148
2008_008177 0.534170 1.000000 116.000000 50.000000 248.000000 142 164
2008_008177 0.622774 134.000000 120.000000 304.000000 299.000000 163 51
2008_008177 0.713974 466.000000 159.000000 500.000000 244.000000 65 167
2008_008246 0.963217 137.000000 213.000000 342.000000 375.000000 300 89
2008_008246 0.936179 1.000000 295.000000 61.000000 375.000000 304 21
2008_008450 0.860655 441.000000 161.000000 500.000000 290.000000 248 55
2008_008450 0.563195 339.000000 130.000000 475.000000 342.000000 341 123
2008_008450 0.815024 155.000000 116.000000 302.000000 343.000000 54 178
2008_008450 0.303031 1.000000 138.000000 194.000000 319.000000 328 123
2008_008466 0.615239 217.000000 186.000000 275.000000 270.000000 263 50
2008_008466 0.738924 28.000000 189.000000 54.000000 210.000000 106 93
2008_008552 0.160928 67.000000 108.000000 448.000000 337.000000 268 73
2009_000074 0.931999 73.000000 21.000000 397.000000 320.000000 8 19
2009_000184 0.006687 29.000000 33.000000 483.000000 328.000000 222 114
2009_000276 0.161465 1.000000 1.000000 500.000000 375.000000 77 15
2009_000402 0.071796 46.000000 22.000000 468.000000 323.000000 33 24
2009_000611 0.744080 19.000000 1.000000 468.000000 342.000000 97 7
2009_000637 0.600565 34.000000 114.000000 290.000000 326.000000 340 40
2009_000637 0.194894 208.000000 126.000000 393.000000 294.000000 157 31
2009_000676 0.490544 1.000000 1.000000 461.000000 288.000000 68 167
2009_000676 0.227785 13.000000 1.000000 345.000000 128.000000 287 33
2009_000719 0.985739 101.000000 140.000000 432.000000 318.000000 306 89
2009_000719 0.382335 31.000000 133.000000 154.000000 286.000000 62 171
2009_000726 0.144467 382.000000 169.000000 435.000000 231.000000 161 65
2009_000730 0.832973 72.000000 75.000000 362.000000 227.000000 294 33
2009_000825 0.533254 232.000000 207.000000 473.000000 333.000000 146 76
2009_000825 0.664659 27.000000 219.000000 281.000000 333.000000 155 0
2009_000858 0.357850 94.000000 115.000000 484.000000 375.000000 92 107
2009_000858 0.558880 54.000000 74.000000 320.000000 283.000000 197 141
2009_000858 0.920918 1.000000 81.000000 57.000000 177.000000 109 83
2009_000858 0.970343 315.000000 8.000000 344.000000 44.000000 319 158
2009_000858 0.992342 274.000000 4.000000 314.000000 38.000000 271 3
2009_000858 0.088893 12.000000 23.000000 51.000000 68.000000 164 94
2009_000897 0.545402 152.000000 105.000000 336.000000 420.000000 283 129
2009_001061 0.611294 1.000000 1.000000 500.000000 375.000000 268 124
2009_001121 0.404970 245.000000 146.000000 345.000000 200.000000 30 68
2009_001320 0.554467 1.000000 1.000000 482.000000 375.000000 247 73
2009_001370 0.844879 129.000000 226.000000 161.000000 272.000000 223 75
2009_001427 0.315395 282.000000 89.000000 489.000000 315.000000 199 146
2009_001645 0.115356 7.000000 28.000000 269.000000 497.000000 309 39
2009_001645 0.802180 1.000000 45.000000 95.000000 258.000000 31 28
2009_001646 0.778050 57.000000 35.000000 488.000000 296.000000 347 35
2009_001646 0.186623 1.000000 2.000000 211.000000 125.000000 10 20
2009_001759 0.031173 25.000000 134.000000 212.000000 375.000000 333 99
2009_001759 0.482801 371.000000 117.000000 500.000000 273.000000 316 171
2009_001759 0.230256 263.000000 129.000000 370.000000 229.000000 156 112
2009_001759 0.163515 206.000000 119.000000 282.000000 201.000000 252 177
2009_001764 0.636527 129.000000 164.000000 265.000000 385.000000 227 116
2009_001764 0.261725 173.000000 58.000000 200.000000 135.000000 355 70
2009_001805 0.358105 1.000000 188.000000 412.000000 336.000000 165 21
2009_001973 0.730674 15.000000 11.000000 474.000000 446.000000 283 55
2009_001984 0.520610 21.000000 17.000000 485.000000 311.000000 232 151
2009_002131 0.604760 176.000000 104.000000 461.000000 282.000000 137 111
2009_002239 0.376313 159.000000 51.000000 453.000000 500.000000 193 131
2009_002317 0.810780 82.000000 71.000000 351.000000 264.000000 44 66
2009_002335 0.015903 26.000000 179.000000 308.000000 466.000000 323 62
2009_002382 0.939559 7.000000 170.000000 313.000000 478.000000 10 153
2009_002382 0.492718 327.000000 269.000000 375.000000 343.000000 275 174
2009_002382 0.973129 1.000000 199.000000 53.000000 269.000000 200 117
2009_002399 0.574323 1.000000 1.000000 240.000000 212.000000 325 5
2009_002399 0.049482 29.000000 1.000000 500.000000 375.000000 263 27
2009_002569 0.499980 213.000000 153.000000 376.000000 315.000000 193 7
2009_002569 0.654049 130.000000 20.000000 253.000000 143.000000 76 86
2009_002651 0.039508 176.000000 123.000000 403.000000 297.000000 18 154
2009_002665 0.577116 9.000000 1.000000 500.000000 375.000000 231 91
2009_002806 0.201457 16.000000 187.000000 209.000000 341.000000 316 33
2009_002806 0.735343 179.000000 187.000000 500.000000 341.000000 48 148
2009_002894 0.422292 1.000000 98.000000 252.000000 500.000000 322 29
2009_002902 0.295739 63.000000 57.000000 448.000000 357.000000 226 107
2009_003020 0.984771 337.000000 196.000000 405.000000 241.000000 282 69
2009_003196 0.845020 197.000000 199.000000 420.000000 323.000000 74 140
2009_003238 0.797155 114.000000 137.000000 355.000000 263.000000 166 122
2009_003346 0.920062 1.000000 206.000000 161.000000 459.000000 85 135
2009_003346 0.503402 180.000000 199.000000 334.000000 464.000000 358 159
2009_003351 0.095937 70.000000 270.000000 165.000000 330.000000 2 3
2009_003411 0.719519 64.000000 118.000000 324.000000 482.000000 283 100
2009_003560 0.120224 271.000000 172.000000 290.000000 202.000000 82 2
2009_003560 0.940266 273.000000 159.000000 291.000000 183.000000 228 3
2009_003560 0.895206 213.000000 258.000000 244.000000 294.000000 360 68
2009_003560 0.482346 200.000000 238.000000 227.000000 266.000000 212 150
2009_003576 0.318711 134.000000 108.000000 231.000000 299.000000 21 83
2009_003598 0.651168 34.000000 44.000000 474.000000 300.000000 328 162
2009_003747 0.548435 1.000000 1.000000 500.000000 375.000000 89 42
2009_003802 0.392573 83.000000 17.000000 334.000000 357.000000 141 136
2009_003944 0.934263 1.000000 1.000000 500.000000 375.000000 96 62
2009_004043 0.238215 92.000000 91.000000 470.000000 282.000000 135 87
2009_004093 0.295207 15.000000 102.000000 494.000000 339.000000 191 38
2009_004175 0.499121 346.000000 216.000000 376.000000 264.000000 192 91
2009_004175 0.899712 325.000000 170.000000 344.000000 203.000000 328 131
2009_004175 0.235006 78.000000 157.000000 95.000000 170.000000 290 81
2009_004175 0.431738 128.000000 162.000000 149.000000 177.000000 24 51
2009_004207 0.926906 1.000000 1.000000 500.000000 361.000000 164 176
2009_004207 0.113072 166.000000 1.000000 278.000000 58.000000 215 105
2009_004207 0.214325 270.000000 1.000000 337.000000 55.000000 144 170
2009_004207 0.620189 321.000000 1.000000 360.000000 41.000000 61 62
2009_004241 0.285196 270.000000 1.000000 500.000000 207.000000 157 75
2009_004241 0.104263 106.000000 1.000000 475.000000 375.000000 326 123
2009_004455 0.918762 97.000000 68.000000 292.000000 306.000000 30 2
2009_004455 0.575710 279.000000 67.000000 388.000000 217.000000 132 76
2009_004502 0.658001 51.000000 106.000000 415.000000 292.000000 67 4
2009_004738 0.196520 210.000000 64.000000 493.000000 231.000000 165 36
2009_004801 0.543334 277.000000 145.000000 361.000000 220.000000 250 135
2009_004845 0.556972 21.000000 24.000000 440.000000 375.000000 189 73
2009_004849 0.784555 168.000000 45.000000 433.000000 180.000000 263 53
2009_004857 0.399156 1.000000 45.000000 108.000000 314.000000 27 85
2009_004857 0.945084 45.000000 30.000000 408.000000 500.000000 328 77
2009_004868 0.872619 298.000000 101.000000 421.000000 324.000000 146 44
2009_004868 0.552366 89.000000 101.000000 250.000000 297.000000 178 76
2009_004987 0.209735 107.000000 152.000000 369.000000 301.000000 89 46
2009_005078 0.852660 121.000000 125.000000 368.000000 264.000000 209 150
2009_005086 0.978982 241.000000 179.000000 466.000000 333.000000 232 177
2010_000027 0.348798 3.000000 68.000000 351.000000 474.000000 246 141
2010_000027 0.352833 1.000000 109.000000 76.000000 265.000000 281 8
2010_000035 0.982246 14.000000 6.000000 486.000000 317.000000 129 23
2010_000087 0.782691 1.000000 58.000000 465.000000 323.000000 150 73
2010_000262 0.650468 26.000000 84.000000 100.000000 191.000000 156 104
2010_000262 0.958944 1.000000 98.000000 19.000000 199.000000 12 73
2010_000433 0.937041 31.000000 32.000000 257.000000 324.000000 214 168
2010_000510 0.824291 61.000000 180.000000 294.000000 393.000000 272 97
2010_000583 0.103035 44.000000 14.000000 427.000000 363.000000 4 134
2010_000695 0.472840 162.000000 128.000000 345.000000 232.000000 17 33
2010_000744 0.473490 24.000000 41.000000 469.000000 318.000000 3 154
2010_000829 0.056791 4.000000 83.000000 80.000000 130.000000 54 44
2010_000927 0.460975 17.000000 9.000000 477.000000 340.000000 74 84
2010_000929 0.329407 95.000000 279.000000 156.000000 327.000000 126 79
2010_001234 0.717851 1.000000 1.000000 422.000000 269.000000 206 179
2010_001251 0.380335 1.000000 15.000000 428.000000 374.000000 130 103
2010_001313 0.743127 18.000000 158.000000 146.000000 330.000000 134 76
2010_001553 0.852870 1.000000 34.000000 294.000000 500.000000 130 113
2010_001614 0.950628 70.000000 98.000000 271.000000 463.000000 43 31
2010_001828 0.284620 25.000000 119.000000 500.000000 339.000000 352 45
2010_001986 0.369961 237.000000 161.000000 280.000000 211.000000 302 144
2010_002128 0.259469 108.000000 173.000000 397.000000 361.000000 131 49
2010_002172 0.676333 2.000000 9.000000 500.000000 322.000000 358 8
2010_002251 0.461315 1.000000 166.000000 359.000000 374.000000 181 20
2010_002271 0.528900 34.000000 10.000000 439.000000 368.000000 259 173
2010_002396 0.465716 129.000000 115.000000 319.000000 332.000000 337 178
2010_002408 0.844204 44.000000 98.000000 295.000000 436.000000 131 16
2010_002629 0.554033 137.000000 127.000000 352.000000 270.000000 149 136
2010_002991 0.135277 193.000000 303.000000 415.000000 492.000000 171 48
2010_003200 0.337043 25.000000 65.000000 459.000000 304.000000 28 152
2010_003207 0.587366 24.000000 96.000000 226.000000 359.000000 243 19
2010_003303 0.414173 209.000000 107.000000 494.000000 302.000000 41 45
2010_003303 0.815428 48.000000 119.000000 272.000000 354.000000 258 157
2010_003314 0.960612 104.000000 221.000000 287.000000 356.000000 84 62
2010_003314 0.744436 226.000000 213.000000 365.000000 348.000000 108 28
2010_003316 0.001332 1.000000 1.000000 500.000000 333.000000 102 59
2010_003605 0.161363 49.000000 5.000000 457.000000 333.000000 203 80
2010_003695 0.254620 34.000000 91.000000 480.000000 281.000000 253 98
2010_003745 0.582689 69.000000 57.000000 472.000000 325.000000 142 44
2010_003745 0.039971 71.000000 10.000000 315.000000 199.000000 19 108
2010_003947 0.112233 11.000000 48.000000 490.000000 301.000000 310 62
2010_004042 0.781380 72.000000 27.000000 295.000000 230.000000 214 113
2010_004143 0.648711 5.000000 3.000000 469.000000 375.000000 265 142
2010_004219 0.736446 43.000000 42.000000 454.000000 360.000000 328 109
2010_004219 0.919870 1.000000 27.000000 242.000000 227.000000 257 124
2010_004219 0.094816 300.000000 1.000000 376.000000 41.000000 349 59
2010_004337 0.173247 347.000000 219.000000 389.000000 287.000000 290 123
2010_004355 0.138072 130.000000 1.000000 441.000000 344.000000 173 169
2010_004422 0.626484 53.000000 7.000000 456.000000 292.000000 237 35
2010_004624 0.658947 78.000000 1.000000 283.000000 443.000000 223 79
2010_004624 0.707325 1.000000 105.000000 62.000000 273.000000 161 153
2010_004697 0.641192 129.000000 156.000000 500.000000 338.000000 154 112
2010_004854 0.728354 173.000000 65.000000 315.000000 135.000000 320 179
2010_004894 0.108219 202.000000 13.000000 500.000000 281.000000 182 9
2010_004941 0.671660 22.000000 115.000000 310.000000 474.000000 309 165
2010_005136 0.079917 1.000000 104.000000 140.000000 333.000000 166 173
2010_005136 0.591907 20.000000 1.000000 499.000000 333.000000 139 3
2010_005136 0.589805 332.000000 1.000000 496.000000 165.000000 205 2
2010_005160 0.978580 98.000000 147.000000 306.000000 334.000000 130 5
2010_005160 0.863438 322.000000 141.000000 496.000000 343.000000 48 99
2010_005160 0.440198 45.000000 111.000000 115.000000 273.000000 246 6
2010_005252 0.999839 1.000000 145.000000 258.000000 277.000000 158 138
2010_005272 0.049722 40.000000 1.000000 499.000000 331.000000 93 159
2010_005346 0.498702 46.000000 58.000000 383.000000 296.000000 119 131
2010_005366 0.122981 44.000000 108.000000 493.000000 343.000000 197 40
2010_005433 0.641425 84.000000 48.000000 370.000000 375.000000 175 157
2010_005501 0.141159 107.000000 117.000000 353.000000 289.000000 161 25
2010_005501 0.428893 185.000000 79.000000 361.000000 231.000000 354 175
2010_005572 0.756654 53.000000 13.000000 298.000000 477.000000 272 101
2010_005620 0.351003 384.000000 57.000000 411.000000 101.000000 351 8
2010_005731 0.355905 38.000000 33.000000 463.000000 316.000000 172 31
2010_005849 0.092747 16.000000 5.000000 287.000000 500.000000 320 12
2010_005997 0.273432 295.000000 116.000000 340.000000 166.000000 74 111
2010_005997 0.765444 201.000000 127.000000 283.000000 258.000000 269 55
2010_005997 0.131914 400.000000 144.000000 500.000000 375.000000 91 121
2010_006051 0.357995 73.000000 102.000000 443.000000 356.000000 339 80
2011_000034 0.452166 76.000000 13.000000 483.000000 333.000000 61 90
2011_000060 0.907784 104.000000 39.000000 363.000000 346.000000 24 160
2011_000214 0.796142 231.000000 181.000000 322.000000 299.000000 282 85
2011_000214 0.070383 179.000000 177.000000 230.000000 229.000000 315 121
2011_000314 0.782666 115.000000 120.000000 477.000000 417.000000 45 77
2011_000314 0.033788 68.000000 74.000000 388.000000 296.000000 212 85
2011_000314 0.590764 30.000000 96.000000 193.000000 277.000000 65 168
2011_000315 0.952051 2.000000 1.000000 375.000000 500.000000 182 39
2011_000332 0.830810 155.000000 99.000000 383.000000 313.000000 130 83
2011_000332 0.624034 321.000000 111.000000 480.000000 259.000000 285 79
2011_000455 0.266491 76.000000 186.000000 475.000000 333.000000 344 119
2011_000487 0.972981 1.000000 1.000000 330.000000 495.000000 260 101
2011_000512 0.283954 91.000000 6.000000 431.000000 368.000000 108 89
2011_000512 0.075307 1.000000 1.000000 86.000000 375.000000 27 20
2011_000618 0.788968 16.000000 112.000000 374.000000 375.000000 359 108
2011_000770 0.936924 59.000000 20.000000 308.000000 403.000000 310 149
2011_000770 0.725442 185.000000 333.000000 257.000000 383.000000 13 25
2011_000927 0.216188 22.000000 120.000000 261.000000 248.000000 314 67
2011_001040 0.043505 40.000000 1.000000 495.000000 272.000000 207 5
2011_001203 0.784921 203.000000 145.000000 429.000000 281.000000 336 72
2011_001203 0.893184 121.000000 128.000000 317.000000 255.000000 87 110
2011_001203 0.995805 39.000000 124.000000 137.000000 214.000000 227 166
2011_001203 0.911264 334.000000 118.000000 426.000000 190.000000 54 4
2011_001266 0.715694 22.000000 12.000000 476.000000 356.000000 53 16
2011_001290 0.478932 55.000000 46.000000 375.000000 311.000000 63 29
2011_001311 0.672333 296.000000 90.000000 347.000000 137.000000 342 133
2011_001311 0.936833 103.000000 84.000000 147.000000 139.000000 25 55
2011_001508 0.588587 46.000000 23.000000 500.000000 364.000000 308 160
2011_001524 0.747564 2.000000 14.000000 292.000000 346.000000 59 32
2011_001876 0.543832 151.000000 107.000000 499.000000 333.000000 340 118
2011_002093 0.819768 1.000000 105.000000 377.000000 500.000000 215 42
2011_002093 0.436260 1.000000 92.000000 377.000000 352.000000 284 106
2011_002093 0.995791 1.000000 52.000000 321.000000 187.000000 198 64
2011_002093 0.024741 1.000000 39.000000 289.000000 118.000000 131 174
2011_002093 0.630500 1.000000 1.000000 275.000000 93.000000 280 79
2011_002102 0.223325 1.000000 111.000000 326.000000 495.000000 113 166
2011_002102 0.037822 1.000000 1.000000 208.000000 124.000000 135 55
2011_002116 0.588252 190.000000 145.000000 378.000000 246.000000 218 150
2011_002322 0.116534 206.000000 151.000000 383.000000 357.000000 131 25
2011_002357 0.086510 1.000000 1.000000 303.000000 482.000000 353 98
2011_002479 0.314610 1.000000 1.000000 471.000000 339.000000 92 38
2011_002479 0.162236 401.000000 1.000000 500.000000 155.000000 325 94
2011_002495 0.854645 1.000000 195.000000 41.000000 324.000000 52 12
2011_002760 0.409520 14.000000 99.000000 486.000000 398.000000 351 167
2011_002786 0.469674 74.000000 1.000000 383.000000 319.000000 325 87
2011_002796 0.633161 31.000000 70.000000 500.000000 375.000000 60 15
2011_002796 0.211069 1.000000 110.000000 79.000000 334.000000 112 84
2011_002796 0.368047 259.000000 88.000000 328.000000 160.000000 1 144
2011_002796 0.218579 379.000000 86.000000 448.000000 204.000000 5 129
2011_002796 0.266085 229.000000 81.000000 272.000000 165.000000 248 44
2011_003013 0.754390 96.000000 101.000000 374.000000 284.000000 48 62
2011_003019 0.246475 189.000000 229.000000 386.000000 375.000000 320 128
2011_003019 0.615668 87.000000 342.000000 193.000000 375.000000 163 168
2011_003027 0.695532 1.000000 10.000000 500.000000 374.000000 93 114
