2008_000002 0.870819 34.000000 11.000000 448.000000 293.000000 162 58
2008_000016 0.953921 91.000000 15.000000 392.000000 353.000000 318 62
2008_000145 0.161898 91.000000 59.000000 449.000000 297.000000 112 168
2008_000244 0.507171 55.000000 1.000000 457.000000 375.000000 343 158
2008_000305 0.359457 308.000000 89.000000 429.000000 160.000000 7 140
2008_000383 0.605782 8.000000 66.000000 106.000000 146.000000 305 78
2008_000566 0.316173 225.000000 218.000000 347.000000 334.000000 136 130
2008_000566 0.775598 408.000000 117.000000 500.000000 206.000000 342 153
2008_000566 0.375083 390.000000 202.000000 500.000000 256.000000 108 157
2008_000566 0.999013 280.000000 247.000000 401.000000 360.000000 287 147
2008_000904 0.430906 281.000000 10.000000 415.000000 120.000000 16 43
2008_001401 0.122807 370.000000 127.000000 500.000000 240.000000 305 70
2008_001428 0.590777 39.000000 1.000000 463.000000 356.000000 329 33
2008_001481 0.985808 296.000000 138.000000 375.000000 259.000000 292 47
2008_001481 0.184719 1.000000 134.000000 97.000000 259.000000 159 41
2008_001688 0.768964 193.000000 111.000000 364.000000 222.000000 251 158
2008_001772 0.044184 416.000000 173.000000 451.000000 211.000000 94 177
2008_001815 0.056734 1.000000 5.000000 214.000000 206.000000 124 121
2008_001815 0.650946 1.000000 65.000000 49.000000 222.000000 20 102
2008_001920 0.530038 143.000000 58.000000 288.000000 189.000000 85 113
2008_001920 0.373691 297.000000 48.000000 480.000000 208.000000 185 126
2008_002082 0.092897 356.000000 88.000000 429.000000 143.000000 221 55
2008_002140 0.384545 1.000000 1.000000 304.000000 317.000000 239 5
2008_002328 0.213160 1.000000 255.000000 235.000000 375.000000 26 53
2008_002464 0.715120 154.000000 78.000000 494.000000 334.000000 260 127
2008_002481 0.357832 271.000000 234.000000 320.000000 278.000000 130 98
2008_002680 0.110819 37.000000 34.000000 290.000000 237.000000 339 80
2008_002817 0.223264 154.000000 1.000000 404.000000 216.000000 311 6
2008_002826 0.254192 340.000000 107.000000 500.000000 250.000000 50 54
2008_002831 0.975245 1.000000 1.000000 375.000000 237.000000 263 115
2008_003003 0.480426 111.000000 73.000000 247.000000 164.000000 119 76
2008_003026 0.424836 353.000000 163.000000 500.000000 375.000000 328 103
2008_003202 0.582946 455.000000 109.000000 498.000000 156.000000 164 171
2008_003280 0.986554 233.000000 180.000000 277.000000 262.000000 141 100
2008_003280 0.378498 275.000000 181.000000 310.000000 274.000000 282 16
2008_003280 0.353076 119.000000 174.000000 140.000000 208.000000 277 36
2008_003348 0.191625 201.000000 117.000000 293.000000 215.000000 78 1
2008_003432 0.468066 44.000000 100.000000 141.000000 189.000000 162 123
2008_003432 0.075973 146.000000 91.000000 234.000000 175.000000 46 145
2008_003432 0.685440 221.000000 84.000000 308.000000 171.000000 44 157
2008_003432 0.832547 306.000000 85.000000 391.000000 164.000000 184 111
2008_003432 0.383859 198.000000 38.000000 279.000000 93.000000 4 94
2008_003466 0.778116 128.000000 73.000000 357.000000 287.000000 21 129
2008_003609 0.323630 255.000000 15.000000 409.000000 139.000000 258 22
2008_003753 0.239316 322.000000 186.000000 376.000000 236.000000 312 122
2008_003825 0.748558 1.000000 345.000000 269.000000 417.000000 10 47
2008_003885 0.084484 129.000000 47.000000 444.000000 308.000000 155 171
2008_003948 0.213516 48.000000 149.000000 279.000000 310.000000 6 111
2008_003948 0.406530 269.000000 125.000000 465.000000 275.000000 271 128
2008_004006 0.792373 1.000000 1.000000 451.000000 145.000000 87 95
2008_004093 0.436001 73.000000 113.000000 349.000000 324.000000 278 67
2008_004279 0.735465 130.000000 10.000000 379.000000 183.000000 355 161
2008_004297 0.088590 273.000000 19.000000 445.000000 167.000000 79 12
2008_004330 0.364140 230.000000 52.000000 329.000000 143.000000 94 27
2008_004333 0.887078 310.000000 103.000000 500.000000 285.000000 245 18
2008_004501 0.081118 1.000000 119.000000 88.000000 276.000000 168 96
2008_004526 0.273420 1.000000 147.000000 325.000000 500.000000 50 6
2008_004541 0.015316 157.000000 141.000000 294.000000 255.000000 274 169
2008_004550 0.562792 60.000000 111.000000 140.000000 229.000000 23 120
2008_004606 0.461609 1.000000 1.000000 126.000000 137.000000 85 161
2008_004619 0.134871 199.000000 81.000000 261.000000 134.000000 218 57
2008_004665 0.989271 50.000000 170.000000 102.000000 211.000000 334 172
2008_004720 0.713168 246.000000 84.000000 327.000000 169.000000 80 66
2008_004720 0.347655 171.000000 86.000000 251.000000 186.000000 11 107
2008_004754 0.176703 127.000000 1.000000 354.000000 192.000000 160 26
2008_004881 0.302615 368.000000 50.000000 500.000000 229.000000 210 75
2008_004898 0.892284 61.000000 9.000000 176.000000 100.000000 164 73
2008_004910 0.267468 237.000000 158.000000 350.000000 256.000000 151 133
2008_004930 0.607166 24.000000 4.000000 476.000000 373.000000 88 30
2008_005008 0.958222 219.000000 106.000000 389.000000 250.000000 221 167
2008_005008 0.888404 1.000000 96.000000 29.000000 232.000000 289 110
2008_005037 0.246202 347.000000 29.000000 429.000000 132.000000 187 83
2008_005089 0.004873 155.000000 149.000000 299.000000 276.000000 273 107
2008_005183 0.498737 270.000000 183.000000 384.000000 294.000000 235 172
2008_005191 0.062977 203.000000 186.000000 275.000000 232.000000 218 128
2008_005254 0.785639 106.000000 37.000000 452.000000 286.000000 66 158
2008_005255 0.857207 157.000000 63.000000 490.000000 294.000000 338 54
2008_005257 0.435451 243.000000 125.000000 306.000000 172.000000 294 149
2008_005393 0.597723 168.000000 131.000000 335.000000 261.000000 195 164
2008_005439 0.137467 17.000000 114.000000 289.000000 483.000000 2 49
2008_005445 0.436744 58.000000 149.000000 147.000000 248.000000 255 7
2008_005660 0.177940 4.000000 95.000000 263.000000 329.000000 245 99
2008_005660 0.368764 259.000000 105.000000 472.000000 294.000000 31 34
2008_005732 0.166343 1.000000 114.000000 54.000000 172.000000 335 125
2008_005732 0.708613 455.000000 98.000000 500.000000 138.000000 278 74
2008_005877 0.996468 8.000000 80.000000 262.000000 285.000000 120 99
2008_005918 0.358258 160.000000 117.000000 356.000000 279.000000 240 160
2008_005957 0.994529 342.000000 97.000000 500.000000 253.000000 156 132
2008_005962 0.605345 80.000000 43.000000 390.000000 283.000000 172 60
2008_006031 0.203863 128.000000 93.000000 354.000000 273.000000 278 69
2008_006047 0.432319 262.000000 60.000000 368.000000 128.000000 139 12
2008_006052 0.716917 289.000000 218.000000 389.000000 261.000000 248 91
2008_006147 0.915207 242.000000 6.000000 471.000000 372.000000 108 127
2008_006147 0.665466 2.000000 6.000000 245.000000 382.000000 254 24
2008_006159 0.399009 303.000000 172.000000 444.000000 313.000000 135 90
2008_006233 0.561219 64.000000 1.000000 226.000000 144.000000 346 21
2008_006267 0.525198 19.000000 291.000000 204.000000 375.000000 168 29
2008_006267 0.062934 1.000000 164.000000 57.000000 261.000000 115 141
2008_006267 0.081105 45.000000 148.000000 142.000000 225.000000 224 115
2008_006288 0.758724 43.000000 16.000000 201.000000 226.000000 305 155
2008_006366 0.996027 263.000000 310.000000 349.000000 386.000000 338 117
2008_006409 0.009345 58.000000 70.000000 329.000000 282.000000 265 10
2008_006591 0.268972 190.000000 1.000000 393.000000 71.000000 299 60
2008_006591 0.383805 388.000000 1.000000 500.000000 85.000000 39 33
2008_006605 0.987245 253.000000 123.000000 331.000000 227.000000 301 137
2008_006605 0.537592 361.000000 150.000000 445.000000 234.000000 256 62
2008_006617 0.128400 107.000000 82.000000 379.000000 298.000000 268 167
2008_006662 0.338135 51.000000 90.000000 180.000000 221.000000 80 59
2008_006662 0.016983 1.000000 110.000000 54.000000 220.000000 312 122
2008_006710 0.396039 1.000000 299.000000 99.000000 375.000000 186 92
2008_006710 0.554696 1.000000 243.000000 76.000000 326.000000 331 179
2008_006710 0.798207 201.000000 201.000000 281.000000 294.000000 205 42
2008_006773 0.619432 241.000000 198.000000 316.000000 245.000000 86 103
2008_006887 0.565870 1.000000 132.000000 48.000000 187.000000 163 136
2008_006887 0.965407 162.000000 128.000000 239.000000 154.000000 280 132
2008_006948 0.599695 352.000000 109.000000 417.000000 161.000000 275 102
2008_007010 0.441617 248.000000 135.000000 363.000000 214.000000 213 173
2008_007114 0.770613 45.000000 210.000000 301.000000 484.000000 249 42
2008_007114 0.310656 210.000000 194.000000 350.000000 385.000000 58 14
2008_007196 0.246012 1.000000 185.000000 180.000000 447.000000 117 32
2008_007196 0.483004 203.000000 1.000000 375.000000 179.000000 357 110
2008_007196 0.715416 176.000000 133.000000 355.000000 288.000000 88 175
2008_007282 0.470388 64.000000 232.000000 121.000000 280.000000 251 31
2008_007324 0.795011 128.000000 2.000000 310.000000 188.000000 290 20
2008_007332 0.065845 1.000000 51.000000 158.000000 303.000000 312 18
2008_007446 0.879422 175.000000 91.000000 344.000000 280.000000 22 82
2008_007446 0.131200 1.000000 118.000000 187.000000 375.000000 125 79
2008_007476 0.729113 1.000000 177.000000 119.000000 319.000000 235 97
2008_007527 0.457947 177.000000 123.000000 293.000000 226.000000 48 161
2008_007536 0.868277 31.000000 35.000000 345.000000 329.000000 36 72
2008_007536 0.944959 100.000000 19.000000 296.000000 35.000000 345 4
2008_007536 0.490169 208.000000 1.000000 233.000000 18.000000 332 110
2008_007561 0.151912 274.000000 35.000000 381.000000 152.000000 160 71
2008_007567 0.859897 223.000000 16.000000 388.000000 152.000000 313 87
2008_007685 0.630758 1.000000 141.000000 112.000000 375.000000 262 98
2008_007685 0.866305 154.000000 272.000000 244.000000 363.000000 97 107
2008_007798 0.066704 96.000000 41.000000 288.000000 218.000000 333 171
2008_007828 0.068027 185.000000 192.000000 233.000000 248.000000 341 89
2008_007828 0.168749 434.000000 187.000000 500.000000 296.000000 55 53
2008_007933 0.851423 17.000000 1.000000 266.000000 225.000000 265 158
2008_007933 0.100480 268.000000 1.000000 408.000000 229.000000 242 144
2008_007933 0.813646 17.000000 238.000000 267.000000 308.000000 188 11
2008_007933 0.724963 271.000000 247.000000 408.000000 308.000000 124 149
2008_008269 0.339840 138.000000 54.000000 365.000000 263.000000 121 38
2008_008429 0.401206 53.000000 78.000000 295.000000 258.000000 165 95
2008_008439 0.374649 379.000000 157.000000 489.000000 253.000000 271 5
2008_008524 0.330848 429.000000 124.000000 500.000000 246.000000 67 67
2009_000041 0.672338 192.000000 28.000000 452.000000 235.000000 7 123
2009_000041 0.635741 25.000000 95.000000 214.000000 326.000000 300 79
2009_000136 0.318535 1.000000 109.000000 88.000000 240.000000 239 64
2009_000157 0.939921 60.000000 256.000000 129.000000 323.000000 248 5
2009_000157 0.938513 286.000000 258.000000 333.000000 337.000000 226 24
2009_000214 0.973247 179.000000 109.000000 228.000000 173.000000 168 168
2009_000216 0.012575 8.000000 12.000000 280.000000 265.000000 102 97
2009_000391 0.773127 80.000000 18.000000 249.000000 202.000000 57 63
2009_000398 0.380122 89.000000 338.000000 275.000000 500.000000 115 100
2009_000398 0.447117 182.000000 307.000000 225.000000 325.000000 270 177
2009_000398 0.336226 142.000000 324.000000 231.000000 349.000000 27 18
2009_000488 0.504762 21.000000 1.000000 193.000000 95.000000 105 165
2009_000549 0.266767 392.000000 85.000000 482.000000 215.000000 209 9
2009_000552 0.939762 1.000000 1.000000 72.000000 109.000000 282 97
2009_000704 0.964089 1.000000 162.000000 60.000000 227.000000 194 74
2009_000704 0.761007 308.000000 162.000000 358.000000 212.000000 216 169
2009_000791 0.212597 82.000000 1.000000 322.000000 198.000000 40 51
2009_000939 0.841204 201.000000 158.000000 254.000000 198.000000 149 90
2009_001000 0.518982 84.000000 39.000000 124.000000 69.000000 281 105
2009_001069 0.627909 142.000000 25.000000 403.000000 265.000000 108 124
2009_001106 0.026446 206.000000 228.000000 282.000000 328.000000 280 156
2009_001106 0.864764 158.000000 230.000000 204.000000 330.000000 222 36
2009_001155 0.038806 1.000000 74.000000 163.000000 333.000000 334 153
2009_001343 0.070128 229.000000 70.000000 275.000000 112.000000 190 65
2009_001363 0.231343 180.000000 6.000000 342.000000 97.000000 89 11
2009_001393 0.038068 86.000000 1.000000 467.000000 375.000000 337 145
2009_001526 0.045923 122.000000 2.000000 478.000000 203.000000 349 167
2009_001644 0.031458 288.000000 131.000000 386.000000 193.000000 119 129
2009_001682 0.833999 165.000000 126.000000 352.000000 250.000000 87 55
2009_001839 0.139302 90.000000 105.000000 245.000000 231.000000 188 21
2009_001839 0.944453 368.000000 102.000000 461.000000 222.000000 146 29
2009_001839 0.026746 482.000000 102.000000 500.000000 215.000000 47 41
2009_001852 0.204048 12.000000 58.000000 450.000000 350.000000 321 130
2009_001864 0.612485 89.000000 122.000000 211.000000 213.000000 123 107
2009_002094 0.173450 259.000000 1.000000 439.000000 112.000000 24 32
2009_002094 0.201831 51.000000 1.000000 161.000000 67.000000 308 104
2009_002110 0.004112 1.000000 1.000000 258.000000 375.000000 243 18
2009_002110 0.431978 227.000000 94.000000 289.000000 190.000000 202 64
2009_002110 0.262960 281.000000 78.000000 311.000000 144.000000 99 91
2009_002139 0.494493 145.000000 147.000000 267.000000 241.000000 2 167
2009_002232 0.120335 23.000000 10.000000 461.000000 375.000000 80 159
2009_002366 0.965588 196.000000 1.000000 408.000000 191.000000 192 31
2009_002537 0.167259 406.000000 211.000000 500.000000 375.000000 340 88
2009_002562 0.479871 1.000000 115.000000 375.000000 415.000000 256 136
2009_002573 0.570325 160.000000 194.000000 272.000000 294.000000 301 151
2009_002663 0.777664 236.000000 1.000000 310.000000 86.000000 282 86
2009_002733 0.131302 8.000000 27.000000 237.000000 294.000000 323 172
2009_002733 0.190879 226.000000 12.000000 395.000000 225.000000 226 135
2009_002755 0.436021 327.000000 3.000000 479.000000 83.000000 160 53
2009_002967 0.872142 96.000000 5.000000 372.000000 329.000000 245 46
2009_002995 0.465915 44.000000 1.000000 358.000000 280.000000 193 164
2009_003140 0.756916 99.000000 32.000000 261.000000 206.000000 134 125
2009_003191 0.783457 29.000000 194.000000 101.000000 264.000000 327 11
2009_003204 0.129460 86.000000 19.000000 230.000000 154.000000 60 150
2009_003214 0.578569 217.000000 84.000000 383.000000 225.000000 177 151
2009_003214 0.534342 36.000000 74.000000 219.000000 228.000000 99 65
2009_003373 0.639808 196.000000 110.000000 225.000000 179.000000 338 51
2009_003387 0.187403 114.000000 54.000000 164.000000 91.000000 14 136
2009_003387 0.239064 37.000000 57.000000 90.000000 91.000000 183 107
2009_003523 0.362533 111.000000 108.000000 448.000000 350.000000 175 166
2009_003537 0.174103 47.000000 111.000000 195.000000 244.000000 23 109
2009_003551 0.691072 187.000000 155.000000 481.000000 439.000000 227 64
2009_003551 0.612816 1.000000 1.000000 166.000000 500.000000 20 59
2009_003554 0.253328 134.000000 122.000000 216.000000 202.000000 354 82
2009_003857 0.045709 136.000000 82.000000 282.000000 187.000000 13 102
2009_003895 0.869659 8.000000 111.000000 163.000000 255.000000 338 82
2009_003895 0.357243 157.000000 115.000000 336.000000 289.000000 334 123
2009_003895 0.680264 151.000000 1.000000 264.000000 38.000000 289 104
2009_004062 0.898367 1.000000 74.000000 59.000000 153.000000 210 164
2009_004062 0.327846 45.000000 74.000000 117.000000 146.000000 164 33
2009_004062 0.803532 112.000000 82.000000 184.000000 151.000000 9 1
2009_004062 0.799000 181.000000 71.000000 254.000000 145.000000 87 143
2009_004062 0.850047 253.000000 85.000000 316.000000 147.000000 74 89
2009_004062 0.972774 319.000000 67.000000 401.000000 142.000000 225 39
2009_004062 0.815554 399.000000 62.000000 478.000000 135.000000 193 150
2009_004062 0.292306 483.000000 65.000000 500.000000 145.000000 200 77
2009_004062 0.508386 1.000000 138.000000 52.000000 198.000000 289 178
2009_004062 0.248695 46.000000 143.000000 118.000000 213.000000 69 97
2009_004062 0.785773 116.000000 149.000000 182.000000 202.000000 141 37
2009_004062 0.718192 181.000000 139.000000 254.000000 203.000000 170 85
2009_004062 0.734840 252.000000 147.000000 315.000000 213.000000 46 171
2009_004062 0.227763 311.000000 139.000000 387.000000 212.000000 223 101
2009_004062 0.418641 387.000000 134.000000 459.000000 201.000000 319 93
2009_004062 0.990275 472.000000 143.000000 500.000000 215.000000 279 125
2009_004062 0.130790 1.000000 190.000000 36.000000 258.000000 213 28
2009_004062 0.375279 34.000000 195.000000 106.000000 264.000000 61 12
2009_004062 0.036016 108.000000 200.000000 174.000000 272.000000 261 70
2009_004062 0.752658 170.000000 194.000000 245.000000 265.000000 2 118
2009_004062 0.497392 244.000000 200.000000 318.000000 266.000000 24 61
2009_004062 0.808391 319.000000 198.000000 398.000000 272.000000 112 121
2009_004062 0.638918 396.000000 189.000000 464.000000 264.000000 244 168
2009_004062 0.054552 478.000000 199.000000 500.000000 277.000000 206 178
2009_004062 0.405432 1.000000 260.000000 55.000000 333.000000 31 173
2009_004062 0.994992 47.000000 260.000000 138.000000 325.000000 247 73
2009_004062 0.416477 152.000000 242.000000 237.000000 325.000000 302 44
2009_004062 0.032109 236.000000 255.000000 305.000000 326.000000 133 143
2009_004062 0.018465 313.000000 262.000000 384.000000 331.000000 287 6
2009_004062 0.795998 382.000000 262.000000 464.000000 317.000000 161 151
2009_004062 0.862681 465.000000 270.000000 500.000000 330.000000 337 36
2009_004062 0.968680 1.000000 329.000000 42.000000 351.000000 92 11
2009_004062 0.033078 42.000000 318.000000 128.000000 358.000000 24 41
2009_004062 0.028296 134.000000 321.000000 219.000000 362.000000 46 122
2009_004062 0.421990 226.000000 324.000000 311.000000 375.000000 307 51
2009_004062 0.292350 310.000000 337.000000 403.000000 375.000000 235 166
2009_004062 0.086315 322.000000 323.000000 387.000000 367.000000 348 140
2009_004062 0.099180 403.000000 339.000000 464.000000 375.000000 64 34
2009_004062 0.910024 468.000000 328.000000 500.000000 343.000000 328 9
2009_004128 0.231771 60.000000 209.000000 186.000000 346.000000 44 64
2009_004138 0.302769 50.000000 137.000000 164.000000 210.000000 202 103
2009_004243 0.267161 218.000000 120.000000 267.000000 160.000000 278 2
2009_004243 0.022883 153.000000 141.000000 192.000000 167.000000 336 151
2009_004359 0.515229 309.000000 14.000000 500.000000 253.000000 348 72
2009_004478 0.983242 18.000000 4.000000 340.000000 370.000000 263 100
2009_004763 0.336625 188.000000 87.000000 352.000000 280.000000 192 115
2009_004902 0.106710 88.000000 1.000000 423.000000 166.000000 354 159
2009_004922 0.588828 278.000000 99.000000 339.000000 184.000000 223 157
2009_004993 0.126251 1.000000 152.000000 122.000000 353.000000 276 135
2009_005062 0.333756 83.000000 46.000000 183.000000 137.000000 229 163
2009_005221 0.764011 89.000000 47.000000 273.000000 248.000000 177 41
2009_005288 0.612395 361.000000 140.000000 419.000000 231.000000 146 173
2009_005310 0.076715 124.000000 214.000000 192.000000 279.000000 127 38
2010_000053 0.583717 61.000000 57.000000 498.000000 320.000000 211 47
2010_000178 0.175271 389.000000 220.000000 423.000000 248.000000 13 161
2010_000291 0.476791 227.000000 1.000000 500.000000 277.000000 260 21
2010_000291 0.635104 1.000000 1.000000 229.000000 308.000000 267 96
2010_000318 0.628839 336.000000 64.000000 500.000000 249.000000 345 44
2010_000318 0.670857 1.000000 99.000000 142.000000 245.000000 269 153
2010_000375 0.079964 324.000000 164.000000 402.000000 236.000000 349 1
2010_000379 0.607000 232.000000 37.000000 411.000000 305.000000 204 61
2010_000435 0.868004 259.000000 95.000000 323.000000 153.000000 45 105
2010_000442 0.089057 31.000000 165.000000 354.000000 375.000000 47 65
2010_000449 0.926602 57.000000 139.000000 120.000000 221.000000 66 110
2010_000669 0.453466 200.000000 124.000000 271.000000 176.000000 266 1
2010_000705 0.025072 115.000000 190.000000 202.000000 250.000000 199 65
2010_000738 0.378475 367.000000 119.000000 434.000000 189.000000 242 122
2010_000738 0.051928 307.000000 120.000000 368.000000 170.000000 156 96
2010_000893 0.142783 235.000000 60.000000 285.000000 110.000000 83 77
2010_000931 0.928071 237.000000 70.000000 340.000000 176.000000 356 153
2010_000931 0.377015 128.000000 63.000000 239.000000 170.000000 314 71
2010_000944 0.352195 218.000000 105.000000 351.000000 221.000000 9 139
2010_001099 0.212043 7.000000 60.000000 500.000000 336.000000 71 124
2010_001127 0.855164 1.000000 52.000000 42.000000 142.000000 40 170
2010_001270 0.229491 241.000000 47.000000 351.000000 171.000000 311 23
2010_001367 0.276474 1.000000 50.000000 144.000000 283.000000 304 145
2010_001690 0.418477 1.000000 1.000000 489.000000 418.000000 112 69
2010_001752 0.790257 128.000000 25.000000 371.000000 191.000000 24 170
2010_001862 0.130745 1.000000 112.000000 88.000000 235.000000 235 176
2010_001918 0.131869 45.000000 46.000000 244.000000 235.000000 186 96
2010_002002 0.691721 280.000000 76.000000 363.000000 152.000000 232 73
2010_002094 0.832079 9.000000 8.000000 499.000000 316.000000 250 54
2010_002167 0.612175 57.000000 96.000000 363.000000 424.000000 277 178
2010_002245 0.975700 178.000000 117.000000 331.000000 249.000000 132 27
2010_002247 0.177362 106.000000 31.000000 286.000000 221.000000 254 138
2010_002247 0.733798 401.000000 31.000000 500.000000 145.000000 87 163
2010_002402 0.851825 343.000000 161.000000 409.000000 223.000000 315 48
2010_002427 0.053751 70.000000 1.000000 500.000000 332.000000 298 158
2010_002526 0.952942 63.000000 190.000000 118.000000 238.000000 90 154
2010_002526 0.051909 288.000000 169.000000 329.000000 228.000000 47 54
2010_002561 0.196771 219.000000 64.000000 367.000000 225.000000 197 79
2010_002586 0.004521 153.000000 34.000000 260.000000 116.000000 74 16
2010_002652 0.595724 68.000000 134.000000 183.000000 248.000000 67 117
2010_002770 0.449175 1.000000 1.000000 500.000000 375.000000 339 115
2010_002791 0.216686 38.000000 160.000000 336.000000 460.000000 136 2
2010_002921 0.140141 258.000000 175.000000 354.000000 272.000000 160 61
2010_002921 0.797665 126.000000 169.000000 250.000000 276.000000 32 1
2010_002921 0.443497 48.000000 184.000000 129.000000 271.000000 106 128
2010_003103 0.275242 332.000000 168.000000 437.000000 253.000000 107 47
2010_003236 0.300425 66.000000 14.000000 351.000000 279.000000 27 143
2010_003287 0.862364 363.000000 163.000000 500.000000 300.000000 18 60
2010_003461 0.530871 226.000000 117.000000 401.000000 299.000000 55 56
2010_003688 0.060768 125.000000 4.000000 399.000000 202.000000 194 143
2010_003728 0.759259 197.000000 95.000000 288.000000 179.000000 303 168
2010_003857 0.300002 40.000000 21.000000 470.000000 360.000000 43 23
2010_003942 0.846684 165.000000 37.000000 457.000000 237.000000 136 118
2010_003942 0.478729 1.000000 44.000000 160.000000 229.000000 280 126
2010_004050 0.595028 67.000000 105.000000 151.000000 182.000000 141 99
2010_004095 0.482581 74.000000 153.000000 136.000000 219.000000 21 165
2010_004102 0.540716 1.000000 145.000000 28.000000 204.000000 26 62
2010_004102 0.661482 1.000000 226.000000 27.000000 285.000000 218 140
2010_004102 0.287446 181.000000 188.000000 291.000000 289.000000 236 104
2010_004102 0.470604 69.000000 188.000000 180.000000 293.000000 280 94
2010_004125 0.155352 271.000000 139.000000 324.000000 179.000000 44 152
2010_004137 0.763590 190.000000 34.000000 350.000000 123.000000 276 9
2010_004254 0.048536 337.000000 151.000000 500.000000 346.000000 126 83
2010_004460 0.926029 108.000000 170.000000 314.000000 349.000000 106 134
2010_004479 0.346983 1.000000 9.000000 139.000000 278.000000 271 26
2010_004503 0.851188 17.000000 40.000000 324.000000 263.000000 322 26
2010_004545 0.541409 120.000000 61.000000 309.000000 252.000000 172 167
2010_004586 0.179646 356.000000 79.000000 441.000000 161.000000 190 152
2010_004836 0.784109 111.000000 70.000000 372.000000 267.000000 99 28
2010_004857 0.731303 142.000000 61.000000 265.000000 180.000000 221 114
2010_004857 0.124467 5.000000 85.000000 85.000000 228.000000 43 175
2010_004982 0.874109 38.000000 37.000000 136.000000 142.000000 325 14
2010_005049 0.715178 431.000000 48.000000 500.000000 144.000000 218 153
2010_005158 0.075144 59.000000 103.000000 420.000000 333.000000 346 35
2010_005180 0.965241 157.000000 168.000000 221.000000 218.000000 30 173
2010_005239 0.138293 100.000000 324.000000 297.000000 456.000000 336 124
2010_005239 0.703503 121.000000 192.000000 309.000000 330.000000 233 73
2010_005243 0.101385 397.000000 91.000000 456.000000 140.000000 81 179
2010_005305 0.395170 1.000000 1.000000 199.000000 76.000000 295 123
2010_005345 0.445986 86.000000 40.000000 358.000000 297.000000 321 69
2010_005372 0.207788 157.000000 236.000000 242.000000 318.000000 314 159
2010_005410 0.620176 375.000000 133.000000 437.000000 182.000000 287 124
2010_005676 0.046498 241.000000 170.000000 362.000000 289.000000 146 26
2010_005764 0.260139 1.000000 1.000000 99.000000 34.000000 88 31
2010_005827 0.608559 1.000000 1.000000 500.000000 286.000000 344 110
2010_005884 0.011285 414.000000 1.000000 474.000000 29.000000 90 141
2011_000009 0.901492 95.000000 37.000000 215.000000 182.000000 44 116
2011_000036 0.888130 130.000000 90.000000 285.000000 230.000000 139 138
2011_000037 0.963996 226.000000 166.000000 288.000000 217.000000 27 63
2011_000037 0.851781 12.000000 187.000000 40.000000 251.000000 202 153
2011_000038 0.696686 204.000000 25.000000 337.000000 127.000000 261 170
2011_000061 0.197185 321.000000 2.000000 447.000000 109.000000 24 52
2011_000061 0.257478 31.000000 29.000000 125.000000 113.000000 57 53
2011_000061 0.320890 279.000000 169.000000 428.000000 298.000000 78 95
2011_000071 0.885090 224.000000 130.000000 345.000000 243.000000 102 14
2011_000077 0.001270 75.000000 4.000000 315.000000 244.000000 50 120
2011_000253 0.937377 391.000000 188.000000 456.000000 245.000000 320 90
2011_000253 0.778320 203.000000 161.000000 221.000000 182.000000 6 126
2011_000288 0.517398 209.000000 88.000000 345.000000 227.000000 235 99
2011_000364 0.273652 394.000000 92.000000 494.000000 185.000000 146 97
2011_000607 0.187970 367.000000 162.000000 425.000000 226.000000 56 159
2011_000608 0.881024 347.000000 142.000000 450.000000 226.000000 157 65
2011_000685 0.589547 49.000000 26.000000 437.000000 359.000000 288 1
2011_000965 0.432383 271.000000 136.000000 369.000000 237.000000 146 6
2011_001058 0.226750 186.000000 35.000000 214.000000 59.000000 149 159
2011_001058 0.821521 96.000000 75.000000 112.000000 92.000000 351 92
2011_001058 0.889821 18.000000 87.000000 38.000000 103.000000 73 35
2011_001149 0.403901 400.000000 46.000000 500.000000 171.000000 264 135
2011_001223 0.986591 116.000000 184.000000 164.000000 226.000000 260 75
2011_001223 0.070978 179.000000 186.000000 234.000000 232.000000 194 76
2011_001304 0.367304 3.000000 104.000000 64.000000 171.000000 304 118
2011_001370 0.144950 48.000000 111.000000 139.000000 183.000000 252 49
2011_001387 0.983206 36.000000 117.000000 291.000000 368.000000 110 20
2011_001404 0.380410 214.000000 53.000000 293.000000 124.000000 292 84
2011_001404 0.028393 306.000000 37.000000 352.000000 81.000000 249 19
2011_001507 0.987383 1.000000 94.000000 233.000000 258.000000 72 47
2011_001507 0.086143 265.000000 96.000000 499.000000 263.000000 74 10
2011_001573 0.029031 264.000000 103.000000 335.000000 174.000000 129 150
2011_001573 0.950512 320.000000 135.000000 374.000000 203.000000 48 34
2011_001678 0.959412 22.000000 62.000000 53.000000 100.000000 359 171
2011_001705 0.383672 148.000000 82.000000 297.000000 228.000000 82 47
2011_001726 0.630670 155.000000 132.000000 233.000000 199.000000 315 173
2011_001837 0.202281 75.000000 82.000000 141.000000 138.000000 100 17
2011_001856 0.529430 89.000000 143.000000 154.000000 199.000000 268 123
2011_001910 0.322374 235.000000 173.000000 326.000000 316.000000 301 84
2011_001946 0.017487 103.000000 196.000000 148.000000 238.000000 211 115
2011_002154 0.063984 301.000000 161.000000 436.000000 298.000000 13 10
2011_002158 0.083156 2.000000 96.000000 41.000000 318.000000 26 174
2011_002292 0.508636 33.000000 26.000000 214.000000 218.000000 164 172
2011_002507 0.969911 188.000000 42.000000 236.000000 83.000000 76 180
2011_002509 0.211693 359.000000 139.000000 416.000000 170.000000 242 14
2011_002532 0.950160 251.000000 41.000000 426.000000 176.000000 16 91
2011_002532 0.602004 17.000000 41.000000 193.000000 181.000000 208 79
2011_002610 0.323858 39.000000 96.000000 105.000000 149.000000 77 121
2011_002644 0.152582 154.000000 150.000000 223.000000 221.000000 228 64
2011_002750 0.837413 262.000000 128.000000 320.000000 184.000000 30 133
2011_002802 0.073328 1.000000 76.000000 136.000000 197.000000 132 23
2011_002810 0.767200 28.000000 201.000000 91.000000 259.000000 321 42
2011_002879 0.308605 171.000000 125.000000 330.000000 239.000000 175 143
2011_002970 0.750313 63.000000 15.000000 376.000000 347.000000 183 145
2011_003079 0.795643 220.000000 182.000000 298.000000 260.000000 310 100
2011_003254 0.061983 147.000000 199.000000 281.000000 309.000000 342 134
