2008_000027 0.433183 9.000000 32.000000 500.000000 375.000000 236 165
2008_000042 0.295422 445.000000 254.000000 500.000000 335.000000 104 114
2008_000050 0.994610 292.000000 197.000000 328.000000 228.000000 224 9
2008_000052 0.347630 159.000000 71.000000 276.000000 140.000000 74 109
2008_000133 0.066842 1.000000 1.000000 500.000000 217.000000 258 5
2008_000163 0.332399 1.000000 38.000000 500.000000 333.000000 334 16
2008_000174 0.542899 438.000000 265.000000 500.000000 348.000000 189 44
2008_000174 0.931950 180.000000 271.000000 246.000000 295.000000 281 94
2008_000174 0.280293 88.000000 263.000000 162.000000 294.000000 53 75
2008_000174 0.063687 63.000000 269.000000 123.000000 306.000000 215 7
2008_000174 0.170045 1.000000 256.000000 68.000000 309.000000 116 18
2008_000174 0.709241 1.000000 275.000000 40.000000 316.000000 134 7
2008_000203 0.062152 81.000000 108.000000 246.000000 258.000000 231 31
2008_000251 0.202674 1.000000 244.000000 94.000000 310.000000 146 83
2008_000253 0.023014 255.000000 348.000000 320.000000 383.000000 313 108
2008_000281 0.058026 106.000000 377.000000 186.000000 419.000000 324 82
2008_000281 0.866327 194.000000 396.000000 283.000000 444.000000 38 180
2008_000304 0.322523 59.000000 88.000000 462.000000 251.000000 221 5
2008_000304 0.570988 458.000000 152.000000 500.000000 221.000000 167 18
2008_000304 0.577844 1.000000 158.000000 25.000000 186.000000 117 81
2008_000304 0.300956 1.000000 159.000000 42.000000 183.000000 27 10
2008_000304 0.241555 14.000000 156.000000 63.000000 180.000000 188 101
2008_000457 0.444546 1.000000 265.000000 47.000000 303.000000 329 149
2008_000457 0.234423 44.000000 271.000000 87.000000 297.000000 354 104
2008_000501 0.249969 172.000000 313.000000 467.000000 375.000000 292 81
2008_000562 0.512563 282.000000 134.000000 435.000000 204.000000 344 26
2008_000599 0.614671 263.000000 50.000000 339.000000 81.000000 350 117
2008_000599 0.911313 27.000000 78.000000 121.000000 114.000000 169 104
2008_000599 0.423525 77.000000 65.000000 149.000000 99.000000 135 41
2008_000599 0.627515 199.000000 59.000000 240.000000 90.000000 98 80
2008_000659 0.873450 245.000000 264.000000 270.000000 282.000000 192 69
2008_000659 0.517724 285.000000 260.000000 305.000000 277.000000 108 72
2008_000828 0.118486 1.000000 1.000000 500.000000 375.000000 22 42
2008_000868 0.033389 1.000000 312.000000 41.000000 348.000000 36 160
2008_000880 0.113716 1.000000 106.000000 157.000000 171.000000 302 91
2008_000880 0.090216 353.000000 108.000000 394.000000 124.000000 177 108
2008_000884 0.461132 171.000000 170.000000 419.000000 251.000000 352 118
2008_000884 0.823963 1.000000 169.000000 138.000000 263.000000 311 47
2008_000904 0.244108 427.000000 40.000000 500.000000 72.000000 118 169
2008_000939 0.564580 1.000000 37.000000 500.000000 263.000000 345 92
2008_000952 0.313802 1.000000 130.000000 96.000000 220.000000 358 139
2008_000952 0.812944 1.000000 206.000000 87.000000 375.000000 21 8
2008_000952 0.523127 355.000000 266.000000 500.000000 375.000000 148 69
2008_000952 0.604389 382.000000 126.000000 500.000000 207.000000 321 73
2008_000952 0.144842 261.000000 137.000000 361.000000 212.000000 34 60
2008_000952 0.270320 93.000000 140.000000 206.000000 224.000000 88 68
2008_000982 0.799716 410.000000 168.000000 490.000000 271.000000 78 114
2008_001007 0.745709 433.000000 161.000000 488.000000 230.000000 75 161
2008_001062 0.564883 100.000000 63.000000 140.000000 94.000000 193 175
2008_001062 0.861999 329.000000 55.000000 374.000000 91.000000 78 154
2008_001062 0.840013 404.000000 64.000000 438.000000 84.000000 113 59
2008_001062 0.778018 440.000000 69.000000 485.000000 83.000000 177 9
2008_001142 0.333508 199.000000 265.000000 222.000000 279.000000 154 50
2008_001142 0.038691 12.000000 255.000000 113.000000 316.000000 132 143
2008_001262 0.285815 37.000000 98.000000 478.000000 362.000000 262 157
2008_001262 0.621954 104.000000 33.000000 292.000000 147.000000 236 42
2008_001334 0.609970 212.000000 306.000000 331.000000 348.000000 27 174
2008_001432 0.857566 314.000000 146.000000 387.000000 199.000000 138 6
2008_001445 0.504616 65.000000 56.000000 435.000000 320.000000 217 153
2008_001445 0.410705 316.000000 54.000000 457.000000 137.000000 3 165
2008_001445 0.815233 156.000000 36.000000 250.000000 68.000000 264 27
2008_001445 0.757123 85.000000 35.000000 135.000000 66.000000 327 140
2008_001445 0.565461 39.000000 30.000000 82.000000 69.000000 146 126
2008_001543 0.704233 169.000000 216.000000 258.000000 266.000000 211 62
2008_001586 0.562001 1.000000 254.000000 20.000000 312.000000 58 0
2008_001586 0.694537 30.000000 255.000000 76.000000 289.000000 197 99
2008_001586 0.903263 88.000000 251.000000 133.000000 291.000000 334 170
2008_001681 0.116946 217.000000 251.000000 236.000000 263.000000 217 167
2008_001681 0.538370 145.000000 249.000000 166.000000 262.000000 123 7
2008_001681 0.426247 51.000000 231.000000 95.000000 296.000000 265 33
2008_001717 0.780123 112.000000 257.000000 202.000000 325.000000 35 55
2008_001717 0.638944 65.000000 267.000000 122.000000 295.000000 193 138
2008_001830 0.175772 288.000000 156.000000 500.000000 334.000000 322 11
2008_001830 0.892955 130.000000 150.000000 299.000000 226.000000 150 133
2008_001830 0.424087 1.000000 156.000000 51.000000 194.000000 9 25
2008_001867 0.754481 120.000000 234.000000 500.000000 374.000000 275 94
2008_001908 0.618653 190.000000 321.000000 232.000000 335.000000 61 121
2008_001908 0.991735 244.000000 312.000000 293.000000 328.000000 2 133
2008_001961 0.191073 150.000000 187.000000 253.000000 241.000000 46 65
2008_001961 0.986849 393.000000 174.000000 500.000000 243.000000 257 32
2008_001961 0.804331 175.000000 163.000000 470.000000 252.000000 6 7
2008_002138 0.754113 410.000000 139.000000 450.000000 170.000000 310 102
2008_002198 0.190733 1.000000 126.000000 500.000000 320.000000 187 105
2008_002199 0.056096 1.000000 154.000000 268.000000 306.000000 181 9
2008_002199 0.891978 342.000000 183.000000 500.000000 370.000000 121 114
2008_002212 0.695745 1.000000 153.000000 497.000000 339.000000 242 123
2008_002223 0.519937 354.000000 195.000000 415.000000 224.000000 288 119
2008_002322 0.246477 185.000000 95.000000 500.000000 237.000000 119 168
2008_002322 0.254169 1.000000 168.000000 162.000000 271.000000 184 133
2008_002366 0.910136 1.000000 55.000000 331.000000 500.000000 304 97
2008_002401 0.927719 340.000000 208.000000 390.000000 247.000000 126 168
2008_002401 0.366876 241.000000 218.000000 282.000000 255.000000 212 18
2008_002444 0.226539 218.000000 381.000000 375.000000 500.000000 99 48
2008_002444 0.453498 1.000000 362.000000 29.000000 413.000000 0 161
2008_002483 0.994017 280.000000 154.000000 500.000000 272.000000 208 57
2008_002483 0.666265 49.000000 154.000000 403.000000 303.000000 354 174
2008_002483 0.522773 1.000000 165.000000 123.000000 312.000000 261 60
2008_002516 0.778018 40.000000 164.000000 64.000000 185.000000 98 129
2008_002640 0.203959 20.000000 172.000000 89.000000 200.000000 29 40
2008_002643 0.834364 1.000000 101.000000 56.000000 143.000000 225 131
2008_002643 0.469093 185.000000 136.000000 298.000000 185.000000 7 36
2008_002705 0.063851 1.000000 75.000000 500.000000 344.000000 136 61
2008_002746 0.674290 269.000000 146.000000 472.000000 311.000000 274 72
2008_002746 0.307496 1.000000 129.000000 227.000000 291.000000 198 9
2008_002746 0.378027 208.000000 147.000000 309.000000 210.000000 348 168
2008_002875 0.830561 20.000000 53.000000 471.000000 355.000000 222 101
2008_002875 0.888024 1.000000 30.000000 255.000000 236.000000 345 14
2008_002875 0.221453 446.000000 20.000000 500.000000 184.000000 202 35
2008_002875 0.586296 284.000000 23.000000 453.000000 87.000000 254 107
2008_002875 0.099800 171.000000 20.000000 296.000000 59.000000 349 105
2008_002956 0.146247 139.000000 154.000000 167.000000 174.000000 60 18
2008_002958 0.372435 345.000000 182.000000 375.000000 209.000000 242 115
2008_002958 0.799977 1.000000 61.000000 310.000000 500.000000 59 70
2008_003005 0.295210 23.000000 1.000000 500.000000 279.000000 144 136
2008_003022 0.209643 438.000000 110.000000 500.000000 146.000000 230 159
2008_003022 0.132370 425.000000 117.000000 465.000000 139.000000 173 20
2008_003022 0.626954 406.000000 115.000000 466.000000 141.000000 23 14
2008_003022 0.856557 215.000000 116.000000 359.000000 140.000000 148 115
2008_003022 0.781537 32.000000 70.000000 475.000000 302.000000 275 176
2008_003030 0.253620 146.000000 206.000000 464.000000 357.000000 337 133
2008_003082 0.773319 378.000000 239.000000 439.000000 295.000000 259 125
2008_003132 0.510431 225.000000 91.000000 431.000000 260.000000 269 57
2008_003141 0.953850 1.000000 193.000000 148.000000 331.000000 278 103
2008_003202 0.752219 219.000000 133.000000 425.000000 245.000000 62 163
2008_003205 0.462828 127.000000 53.000000 161.000000 81.000000 103 113
2008_003255 0.969509 106.000000 70.000000 372.000000 320.000000 47 99
2008_003255 0.110970 1.000000 161.000000 28.000000 191.000000 159 106
2008_003300 0.036877 1.000000 1.000000 500.000000 456.000000 72 29
2008_003333 0.358545 290.000000 79.000000 400.000000 174.000000 98 41
2008_003350 0.513521 160.000000 133.000000 200.000000 163.000000 48 180
2008_003350 0.364752 62.000000 138.000000 88.000000 153.000000 140 45
2008_003350 0.495473 144.000000 137.000000 158.000000 147.000000 144 167
2008_003405 0.587729 143.000000 103.000000 189.000000 118.000000 219 1
2008_003405 0.528315 196.000000 102.000000 244.000000 116.000000 280 118
2008_003405 0.313736 260.000000 102.000000 306.000000 117.000000 297 173
2008_003405 0.014895 306.000000 102.000000 340.000000 115.000000 287 51
2008_003405 0.305566 325.000000 103.000000 450.000000 147.000000 34 59
2008_003479 0.443989 229.000000 109.000000 375.000000 293.000000 6 29
2008_003479 0.714537 1.000000 70.000000 132.000000 243.000000 276 123
2008_003577 0.988943 1.000000 7.000000 500.000000 375.000000 166 165
2008_003577 0.904922 1.000000 59.000000 209.000000 230.000000 336 83
2008_003647 0.560319 1.000000 1.000000 500.000000 375.000000 139 109
2008_003673 0.663318 20.000000 274.000000 114.000000 325.000000 305 51
2008_003673 0.309934 244.000000 214.000000 272.000000 241.000000 217 118
2008_003680 0.100683 69.000000 212.000000 260.000000 267.000000 119 34
2008_003680 0.535762 205.000000 181.000000 282.000000 223.000000 103 64
2008_003680 0.709532 177.000000 185.000000 256.000000 215.000000 357 5
2008_003680 0.119169 97.000000 232.000000 293.000000 288.000000 326 156
2008_003680 0.875760 157.000000 217.000000 260.000000 252.000000 344 79
2008_003680 0.631146 115.000000 189.000000 240.000000 226.000000 311 64
2008_003680 0.076820 186.000000 192.000000 257.000000 224.000000 311 4
2008_003680 0.034097 362.000000 179.000000 387.000000 205.000000 136 27
2008_003680 0.817476 381.000000 176.000000 442.000000 207.000000 282 59
2008_003680 0.875600 445.000000 181.000000 500.000000 212.000000 63 122
2008_003680 0.358944 468.000000 191.000000 500.000000 222.000000 273 41
2008_003680 0.337303 195.000000 164.000000 228.000000 181.000000 131 48
2008_003680 0.454664 409.000000 183.000000 447.000000 214.000000 31 81
2008_003680 0.059459 82.000000 252.000000 288.000000 322.000000 10 115
2008_003755 0.554567 39.000000 121.000000 294.000000 367.000000 61 123
2008_003775 0.376612 113.000000 171.000000 164.000000 211.000000 2 52
2008_003794 0.460743 177.000000 169.000000 228.000000 214.000000 53 13
2008_003794 0.537536 131.000000 185.000000 162.000000 209.000000 133 148
2008_003794 0.014034 237.000000 183.000000 304.000000 208.000000 294 83
2008_003794 0.365939 25.000000 184.000000 100.000000 209.000000 2 30
2008_003794 0.278771 126.000000 179.000000 151.000000 200.000000 259 29
2008_003794 0.321931 57.000000 180.000000 111.000000 203.000000 232 52
2008_003829 0.895733 1.000000 108.000000 54.000000 143.000000 56 70
2008_003829 0.675458 489.000000 106.000000 500.000000 142.000000 320 71
2008_003835 0.624682 227.000000 408.000000 295.000000 442.000000 91 171
2008_003835 0.565850 311.000000 410.000000 373.000000 432.000000 75 20
2008_003835 0.158449 43.000000 409.000000 59.000000 429.000000 99 13
2008_003835 0.781756 59.000000 415.000000 72.000000 423.000000 18 123
2008_003844 0.895899 437.000000 102.000000 500.000000 196.000000 291 48
2008_003844 0.344029 114.000000 107.000000 288.000000 190.000000 219 3
2008_003844 0.446737 13.000000 120.000000 173.000000 189.000000 192 113
2008_003844 0.974829 331.000000 119.000000 385.000000 155.000000 292 26
2008_003844 0.616239 1.000000 134.000000 43.000000 154.000000 300 61
2008_003846 0.521526 17.000000 86.000000 477.000000 292.000000 109 16
2008_003860 0.947639 73.000000 144.000000 157.000000 206.000000 297 138
2008_003860 0.150413 1.000000 134.000000 107.000000 201.000000 120 70
2008_003868 0.550294 301.000000 139.000000 500.000000 287.000000 120 100
2008_003868 0.398550 138.000000 124.000000 395.000000 241.000000 58 21
2008_003924 0.500786 458.000000 179.000000 484.000000 195.000000 299 33
2008_003941 0.766646 17.000000 331.000000 48.000000 355.000000 45 156
2008_003943 0.490138 69.000000 110.000000 402.000000 223.000000 203 70
2008_003943 0.498389 415.000000 1.000000 500.000000 16.000000 319 163
2008_003943 0.578598 312.000000 1.000000 398.000000 12.000000 191 164
2008_004020 0.469657 9.000000 1.000000 500.000000 343.000000 279 119
2008_004046 0.184259 254.000000 86.000000 384.000000 140.000000 79 108
2008_004046 0.125649 417.000000 55.000000 479.000000 91.000000 71 155
2008_004056 0.612605 1.000000 98.000000 48.000000 136.000000 232 79
2008_004069 0.042968 85.000000 56.000000 452.000000 305.000000 265 55
2008_004127 0.661339 22.000000 12.000000 472.000000 358.000000 301 66
2008_004127 0.997898 272.000000 27.000000 500.000000 241.000000 322 49
2008_004127 0.656613 313.000000 8.000000 397.000000 39.000000 300 142
2008_004142 0.822232 131.000000 142.000000 318.000000 206.000000 196 70
2008_004182 0.987675 437.000000 89.000000 488.000000 121.000000 214 141
2008_004312 0.485613 33.000000 65.000000 489.000000 310.000000 284 154
2008_004326 0.205317 110.000000 134.000000 271.000000 195.000000 315 60
2008_004326 0.827574 80.000000 135.000000 190.000000 188.000000 178 6
2008_004326 0.793864 38.000000 141.000000 136.000000 183.000000 95 122
2008_004326 0.237342 75.000000 126.000000 151.000000 147.000000 245 117
2008_004326 0.241104 475.000000 115.000000 500.000000 152.000000 172 169
2008_004326 0.775817 231.000000 99.000000 470.000000 213.000000 75 49
2008_004339 0.184015 1.000000 95.000000 228.000000 178.000000 119 109
2008_004414 0.230878 33.000000 87.000000 441.000000 344.000000 31 56
2008_004414 0.031879 397.000000 70.000000 426.000000 82.000000 327 169
2008_004414 0.424903 424.000000 67.000000 449.000000 80.000000 214 8
2008_004464 0.625030 336.000000 102.000000 378.000000 153.000000 188 151
2008_004464 0.767301 1.000000 1.000000 184.000000 411.000000 92 163
2008_004482 0.368079 1.000000 111.000000 134.000000 246.000000 203 161
2008_004482 0.086895 356.000000 150.000000 500.000000 254.000000 122 111
2008_004502 0.810527 148.000000 120.000000 189.000000 152.000000 135 34
2008_004549 0.913981 1.000000 121.000000 59.000000 257.000000 260 121
2008_004552 0.015542 1.000000 1.000000 375.000000 160.000000 296 99
2008_004605 0.952483 10.000000 161.000000 30.000000 176.000000 34 93
2008_004613 0.973413 477.000000 210.000000 500.000000 264.000000 304 168
2008_004614 0.783248 388.000000 272.000000 425.000000 289.000000 134 58
2008_004614 0.930233 337.000000 273.000000 377.000000 291.000000 76 173
2008_004614 0.692682 290.000000 276.000000 324.000000 293.000000 132 62
2008_004614 0.593670 280.000000 285.000000 467.000000 373.000000 258 144
2008_004614 0.043090 1.000000 283.000000 24.000000 310.000000 35 101
2008_004630 0.599459 482.000000 230.000000 500.000000 246.000000 273 119
2008_004630 0.724502 437.000000 230.000000 454.000000 246.000000 82 128
2008_004630 0.843616 129.000000 243.000000 158.000000 259.000000 124 6
2008_004630 0.706963 190.000000 238.000000 211.000000 251.000000 277 92
2008_004630 0.913675 208.000000 237.000000 230.000000 251.000000 285 60
2008_004684 0.266865 1.000000 5.000000 466.000000 500.000000 208 52
2008_004711 0.150015 1.000000 2.000000 274.000000 227.000000 320 66
2008_004729 0.982215 331.000000 133.000000 500.000000 247.000000 341 117
2008_004729 0.493802 1.000000 148.000000 73.000000 231.000000 70 149
2008_004729 0.564458 1.000000 135.000000 69.000000 182.000000 213 8
2008_004729 0.059624 57.000000 91.000000 344.000000 253.000000 228 90
2008_004832 0.843632 1.000000 43.000000 238.000000 138.000000 185 10
2008_004862 0.647227 1.000000 93.000000 113.000000 270.000000 214 124
2008_004862 0.176944 1.000000 138.000000 206.000000 245.000000 224 172
2008_004862 0.496963 142.000000 143.000000 248.000000 208.000000 171 152
2008_004862 0.691622 209.000000 142.000000 279.000000 196.000000 274 32
2008_004862 0.428096 246.000000 131.000000 340.000000 167.000000 329 29
2008_004862 0.666150 396.000000 127.000000 435.000000 147.000000 15 41
2008_004923 0.027252 5.000000 90.000000 48.000000 117.000000 314 62
2008_004955 0.910464 65.000000 142.000000 434.000000 259.000000 326 85
2008_004955 0.017448 456.000000 159.000000 500.000000 226.000000 118 124
2008_004974 0.336112 168.000000 133.000000 337.000000 247.000000 184 60
2008_005032 0.333924 1.000000 96.000000 157.000000 350.000000 343 135
2008_005032 0.576500 67.000000 131.000000 221.000000 276.000000 228 75
2008_005054 0.150578 324.000000 108.000000 442.000000 196.000000 345 111
2008_005054 0.108846 127.000000 114.000000 216.000000 203.000000 302 131
2008_005054 0.423582 35.000000 128.000000 111.000000 221.000000 58 53
2008_005054 0.827956 1.000000 124.000000 23.000000 242.000000 190 50
2008_005054 0.615694 232.000000 105.000000 342.000000 203.000000 285 49
2008_005054 0.347397 389.000000 82.000000 500.000000 184.000000 37 121
2008_005110 0.680428 154.000000 141.000000 398.000000 295.000000 241 53
2008_005139 0.206963 261.000000 84.000000 341.000000 162.000000 142 71
2008_005139 0.926472 113.000000 108.000000 214.000000 188.000000 261 147
2008_005139 0.602901 257.000000 62.000000 340.000000 120.000000 185 35
2008_005139 0.853075 143.000000 66.000000 236.000000 153.000000 71 74
2008_005139 0.373078 256.000000 39.000000 332.000000 84.000000 154 167
2008_005139 0.100866 270.000000 8.000000 327.000000 60.000000 251 106
2008_005139 0.055550 286.000000 1.000000 341.000000 49.000000 148 166
2008_005139 0.227809 23.000000 78.000000 123.000000 155.000000 138 43
2008_005139 0.502498 348.000000 274.000000 500.000000 375.000000 129 166
2008_005139 0.458683 373.000000 173.000000 500.000000 279.000000 289 63
2008_005139 0.070307 434.000000 132.000000 500.000000 177.000000 342 24
2008_005139 0.108901 412.000000 109.000000 500.000000 177.000000 254 168
2008_005139 0.693963 400.000000 71.000000 486.000000 151.000000 235 26
2008_005139 0.797924 394.000000 54.000000 470.000000 116.000000 225 8
2008_005139 0.344749 377.000000 1.000000 446.000000 76.000000 355 79
2008_005139 0.581013 476.000000 18.000000 500.000000 79.000000 18 41
2008_005139 0.654342 453.000000 1.000000 500.000000 46.000000 216 45
2008_005139 0.092531 1.000000 116.000000 43.000000 183.000000 22 169
2008_005166 0.503911 454.000000 88.000000 488.000000 101.000000 120 117
2008_005245 0.768907 243.000000 144.000000 337.000000 181.000000 191 68
2008_005245 0.922184 1.000000 142.000000 134.000000 190.000000 102 117
2008_005255 0.787636 68.000000 182.000000 157.000000 215.000000 119 146
2008_005277 0.414998 197.000000 373.000000 219.000000 395.000000 45 28
2008_005316 0.679977 244.000000 233.000000 312.000000 279.000000 247 118
2008_005316 0.763906 54.000000 213.000000 191.000000 273.000000 3 23
2008_005319 0.944523 1.000000 197.000000 205.000000 317.000000 303 134
2008_005356 0.509767 5.000000 1.000000 384.000000 83.000000 331 40
2008_005361 0.617392 417.000000 94.000000 459.000000 127.000000 284 94
2008_005378 0.063402 144.000000 143.000000 427.000000 270.000000 201 132
2008_005404 0.337391 91.000000 35.000000 483.000000 306.000000 177 41
2008_005446 0.412306 460.000000 211.000000 500.000000 236.000000 199 134
2008_005446 0.214836 444.000000 207.000000 481.000000 222.000000 183 23
2008_005472 0.240282 376.000000 141.000000 489.000000 180.000000 105 81
2008_005548 0.586140 148.000000 97.000000 411.000000 257.000000 95 160
2008_005612 0.250719 10.000000 180.000000 159.000000 244.000000 338 111
2008_005612 0.442646 141.000000 193.000000 217.000000 249.000000 37 98
2008_005638 0.399421 45.000000 135.000000 451.000000 298.000000 249 137
2008_005663 0.943529 44.000000 69.000000 425.000000 435.000000 204 37
2008_005686 0.229140 20.000000 26.000000 452.000000 280.000000 185 50
2008_005686 0.707873 1.000000 36.000000 49.000000 137.000000 343 124
2008_005720 0.580470 297.000000 359.000000 352.000000 374.000000 236 140
2008_005721 0.392949 47.000000 207.000000 93.000000 225.000000 181 158
2008_005721 0.904771 1.000000 209.000000 45.000000 226.000000 87 51
2008_005721 0.378684 437.000000 217.000000 458.000000 233.000000 253 154
2008_005768 0.920034 39.000000 256.000000 293.000000 394.000000 228 6
2008_005796 0.766312 216.000000 109.000000 328.000000 161.000000 169 94
2008_005865 0.326902 5.000000 194.000000 419.000000 335.000000 121 113
2008_005865 0.433692 1.000000 185.000000 188.000000 317.000000 112 116
2008_005875 0.971783 63.000000 52.000000 434.000000 277.000000 37 43
2008_005889 0.326097 435.000000 277.000000 500.000000 317.000000 252 119
2008_005907 0.036335 88.000000 220.000000 228.000000 269.000000 7 103
2008_005936 0.449300 1.000000 26.000000 500.000000 372.000000 95 34
2008_005936 0.314700 264.000000 1.000000 472.000000 82.000000 277 113
2008_005936 0.171944 197.000000 1.000000 300.000000 45.000000 105 14
2008_005984 0.917812 1.000000 191.000000 24.000000 214.000000 260 16
2008_005989 0.572144 75.000000 118.000000 392.000000 260.000000 155 14
2008_006017 0.779889 1.000000 1.000000 81.000000 93.000000 299 63
2008_006037 0.376994 83.000000 178.000000 141.000000 210.000000 255 106
2008_006071 0.423026 437.000000 142.000000 485.000000 160.000000 142 77
2008_006071 0.039870 311.000000 133.000000 359.000000 152.000000 79 89
2008_006071 0.872281 189.000000 123.000000 240.000000 142.000000 203 9
2008_006082 0.974030 1.000000 321.000000 105.000000 375.000000 310 61
2008_006082 0.157718 374.000000 321.000000 433.000000 351.000000 344 178
2008_006087 0.346290 424.000000 170.000000 453.000000 187.000000 1 45
2008_006087 0.225928 387.000000 168.000000 413.000000 188.000000 84 136
2008_006087 0.345795 354.000000 172.000000 381.000000 189.000000 161 47
2008_006087 0.132223 319.000000 167.000000 356.000000 187.000000 325 2
2008_006087 0.213266 327.000000 161.000000 355.000000 174.000000 140 151
2008_006087 0.375259 264.000000 163.000000 302.000000 178.000000 337 175
2008_006222 0.760957 258.000000 215.000000 456.000000 348.000000 355 22
2008_006222 0.489904 1.000000 231.000000 103.000000 270.000000 209 112
2008_006222 0.635176 391.000000 233.000000 500.000000 375.000000 79 26
2008_006222 0.471603 419.000000 241.000000 471.000000 266.000000 289 121
2008_006240 0.226748 1.000000 1.000000 458.000000 375.000000 340 106
2008_006254 0.748919 26.000000 164.000000 358.000000 416.000000 246 58
2008_006275 0.931870 78.000000 149.000000 115.000000 219.000000 359 49
2008_006310 0.245872 176.000000 134.000000 230.000000 182.000000 251 17
2008_006316 0.882528 376.000000 196.000000 494.000000 259.000000 336 86
2008_006316 0.770762 321.000000 190.000000 448.000000 264.000000 281 3
2008_006316 0.580510 239.000000 183.000000 403.000000 269.000000 247 156
2008_006316 0.213694 136.000000 186.000000 345.000000 279.000000 225 20
2008_006316 0.326581 12.000000 176.000000 219.000000 281.000000 13 80
2008_006382 0.181705 1.000000 163.000000 400.000000 375.000000 103 89
2008_006392 0.591463 1.000000 228.000000 95.000000 343.000000 336 169
2008_006438 0.682893 88.000000 20.000000 404.000000 286.000000 0 163
2008_006438 0.314457 438.000000 53.000000 500.000000 207.000000 27 179
2008_006438 0.587141 363.000000 16.000000 476.000000 84.000000 291 83
2008_006438 0.175317 97.000000 8.000000 187.000000 82.000000 172 99
2008_006438 0.445453 1.000000 1.000000 52.000000 80.000000 211 28
2008_006526 0.834110 204.000000 141.000000 248.000000 179.000000 194 83
2008_006526 0.745929 87.000000 128.000000 137.000000 155.000000 359 175
2008_006600 0.188604 1.000000 172.000000 13.000000 193.000000 72 7
2008_006600 0.364775 416.000000 173.000000 463.000000 200.000000 208 113
2008_006635 0.253518 1.000000 164.000000 40.000000 201.000000 229 160
2008_006635 0.528574 76.000000 180.000000 98.000000 200.000000 103 23
2008_006635 0.787679 157.000000 169.000000 168.000000 179.000000 295 54
2008_006642 0.986114 350.000000 139.000000 500.000000 195.000000 157 99
2008_006642 0.095966 84.000000 128.000000 289.000000 189.000000 248 175
2008_006642 0.123318 1.000000 133.000000 65.000000 183.000000 323 11
2008_006694 0.319572 3.000000 51.000000 495.000000 399.000000 227 67
2008_006714 0.607462 110.000000 49.000000 488.000000 300.000000 286 54
2008_006714 0.832419 50.000000 46.000000 163.000000 102.000000 166 53
2008_006714 0.266312 1.000000 52.000000 55.000000 104.000000 205 13
2008_006774 0.202091 34.000000 104.000000 458.000000 304.000000 62 101
2008_006800 0.954996 79.000000 100.000000 339.000000 239.000000 177 131
2008_006800 0.938246 349.000000 78.000000 376.000000 96.000000 274 14
2008_006833 0.957495 306.000000 182.000000 500.000000 375.000000 351 109
2008_006839 0.000366 29.000000 79.000000 112.000000 128.000000 119 162
2008_006844 0.314992 76.000000 108.000000 424.000000 375.000000 174 27
2008_006844 0.657608 422.000000 183.000000 500.000000 243.000000 62 107
2008_006844 0.047168 30.000000 183.000000 86.000000 243.000000 126 10
2008_006844 0.015676 1.000000 198.000000 12.000000 242.000000 20 13
2008_006844 0.752386 415.000000 185.000000 449.000000 206.000000 351 132
2008_006885 0.261303 68.000000 53.000000 433.000000 154.000000 12 21
2008_006907 0.994074 121.000000 210.000000 221.000000 253.000000 322 175
2008_006907 0.187247 1.000000 191.000000 89.000000 255.000000 125 53
2008_006907 0.188895 461.000000 245.000000 500.000000 303.000000 268 129
2008_006959 0.655473 21.000000 210.000000 124.000000 281.000000 156 8
2008_006986 0.785353 42.000000 98.000000 447.000000 289.000000 281 155
2008_006989 0.055389 79.000000 116.000000 180.000000 154.000000 156 63
2008_006989 0.006074 295.000000 117.000000 333.000000 143.000000 295 19
2008_007034 0.674259 19.000000 24.000000 479.000000 246.000000 99 170
2008_007064 0.674825 1.000000 24.000000 494.000000 310.000000 139 154
2008_007064 0.961285 407.000000 4.000000 500.000000 125.000000 219 79
2008_007103 0.141617 133.000000 1.000000 324.000000 63.000000 296 2
2008_007119 0.292989 1.000000 24.000000 474.000000 375.000000 174 105
2008_007133 0.137305 89.000000 288.000000 165.000000 321.000000 158 72
2008_007133 0.836977 164.000000 285.000000 217.000000 305.000000 343 65
2008_007133 0.075638 67.000000 293.000000 83.000000 306.000000 15 76
2008_007167 0.854503 206.000000 131.000000 456.000000 248.000000 113 170
2008_007171 0.294889 77.000000 118.000000 363.000000 297.000000 62 96
2008_007181 0.787475 395.000000 296.000000 478.000000 346.000000 325 15
2008_007195 0.232007 1.000000 288.000000 72.000000 359.000000 63 130
2008_007214 0.976671 12.000000 75.000000 307.000000 235.000000 75 39
2008_007225 0.046564 1.000000 317.000000 75.000000 346.000000 137 114
2008_007227 0.460143 201.000000 210.000000 262.000000 249.000000 84 157
2008_007241 0.824072 147.000000 1.000000 500.000000 280.000000 1 84
2008_007264 0.236005 196.000000 33.000000 441.000000 156.000000 314 54
2008_007295 0.507087 47.000000 200.000000 141.000000 249.000000 299 79
2008_007311 0.906806 306.000000 1.000000 500.000000 115.000000 67 27
2008_007314 0.826811 271.000000 303.000000 315.000000 338.000000 357 70
2008_007314 0.841006 130.000000 293.000000 211.000000 345.000000 343 161
2008_007314 0.237551 216.000000 304.000000 233.000000 320.000000 246 31
2008_007314 0.268647 241.000000 304.000000 257.000000 318.000000 156 5
2008_007314 0.571752 198.000000 305.000000 210.000000 316.000000 353 56
2008_007314 0.396040 65.000000 299.000000 82.000000 315.000000 220 162
2008_007323 0.062853 269.000000 141.000000 298.000000 156.000000 249 37
2008_007352 0.296785 14.000000 201.000000 134.000000 235.000000 224 124
2008_007352 0.809498 316.000000 194.000000 414.000000 257.000000 206 57
2008_007352 0.633426 180.000000 195.000000 190.000000 218.000000 132 126
2008_007389 0.598178 82.000000 123.000000 414.000000 240.000000 347 36
2008_007409 0.846149 422.000000 161.000000 500.000000 259.000000 30 98
2008_007409 0.709350 37.000000 177.000000 63.000000 192.000000 15 59
2008_007431 0.994760 119.000000 173.000000 253.000000 232.000000 310 90
2008_007431 0.472952 288.000000 176.000000 343.000000 207.000000 154 48
2008_007431 0.268342 327.000000 145.000000 349.000000 154.000000 58 29
2008_007466 0.966933 75.000000 165.000000 410.000000 290.000000 273 110
2008_007478 0.450224 348.000000 63.000000 393.000000 120.000000 278 103
2008_007480 0.094358 256.000000 269.000000 364.000000 332.000000 103 135
2008_007488 0.354592 1.000000 234.000000 50.000000 286.000000 38 132
2008_007488 0.713681 1.000000 200.000000 49.000000 251.000000 209 54
2008_007488 0.995324 446.000000 230.000000 500.000000 258.000000 130 129
2008_007488 0.093803 452.000000 244.000000 500.000000 324.000000 30 84
2008_007488 0.086414 417.000000 239.000000 451.000000 292.000000 261 164
2008_007529 0.685149 21.000000 28.000000 280.000000 210.000000 187 99
2008_007534 0.198504 454.000000 42.000000 500.000000 78.000000 108 108
2008_007558 0.459680 1.000000 1.000000 169.000000 254.000000 236 126
2008_007558 0.596054 408.000000 190.000000 500.000000 375.000000 57 76
2008_007595 0.122685 213.000000 322.000000 227.000000 357.000000 116 150
2008_007595 0.655208 221.000000 312.000000 236.000000 362.000000 90 169
2008_007595 0.048427 226.000000 304.000000 249.000000 365.000000 271 146
2008_007595 0.139044 240.000000 250.000000 329.000000 382.000000 149 131
2008_007595 0.839972 258.000000 271.000000 342.000000 393.000000 228 44
2008_007595 0.394759 270.000000 237.000000 375.000000 411.000000 301 82
2008_007595 0.398439 93.000000 333.000000 127.000000 360.000000 346 1
2008_007716 0.070010 1.000000 1.000000 193.000000 266.000000 176 111
2008_007739 0.218320 266.000000 7.000000 500.000000 243.000000 51 118
2008_007739 0.165558 1.000000 154.000000 83.000000 375.000000 43 8
2008_007757 0.766261 16.000000 72.000000 422.000000 333.000000 184 156
2008_007791 0.672445 41.000000 134.000000 237.000000 235.000000 49 12
2008_007791 0.313484 227.000000 142.000000 453.000000 236.000000 174 89
2008_007793 0.450337 31.000000 194.000000 497.000000 350.000000 116 164
2008_007804 0.084922 152.000000 219.000000 500.000000 362.000000 270 33
2008_007804 0.661700 188.000000 198.000000 292.000000 240.000000 75 101
2008_007804 0.163658 160.000000 201.000000 195.000000 229.000000 338 7
2008_007804 0.089932 293.000000 200.000000 318.000000 213.000000 158 59
2008_007804 0.655314 271.000000 200.000000 295.000000 212.000000 292 72
2008_007804 0.651351 317.000000 201.000000 336.000000 214.000000 204 1
2008_007804 0.460448 137.000000 199.000000 149.000000 212.000000 114 48
2008_007804 0.561164 69.000000 193.000000 88.000000 215.000000 224 144
2008_007804 0.273089 216.000000 187.000000 271.000000 206.000000 9 143
2008_007872 0.603902 1.000000 281.000000 271.000000 375.000000 296 124
2008_007981 0.998593 6.000000 56.000000 498.000000 300.000000 139 12
2008_008001 0.092255 425.000000 198.000000 500.000000 259.000000 238 41
2008_008024 0.217348 33.000000 1.000000 301.000000 117.000000 87 162
2008_008025 0.193782 14.000000 99.000000 46.000000 112.000000 173 164
2008_008050 0.594213 81.000000 53.000000 138.000000 96.000000 161 111
2008_008069 0.423867 249.000000 85.000000 333.000000 500.000000 240 48
2008_008086 0.469719 279.000000 242.000000 300.000000 251.000000 288 168
2008_008086 0.306860 193.000000 242.000000 213.000000 252.000000 110 79
2008_008086 0.166547 425.000000 201.000000 436.000000 206.000000 99 25
2008_008086 0.926839 371.000000 202.000000 385.000000 206.000000 178 16
2008_008086 0.717724 323.000000 200.000000 339.000000 205.000000 53 29
2008_008086 0.090458 232.000000 198.000000 248.000000 204.000000 243 65
2008_008086 0.788307 276.000000 199.000000 293.000000 203.000000 3 67
2008_008086 0.805831 251.000000 199.000000 264.000000 203.000000 161 18
2008_008120 0.533362 10.000000 166.000000 21.000000 185.000000 237 81
2008_008127 0.646564 207.000000 118.000000 246.000000 144.000000 190 113
2008_008141 0.196571 109.000000 161.000000 174.000000 193.000000 69 144
2008_008177 0.272205 405.000000 125.000000 500.000000 174.000000 148 42
2008_008210 0.520219 355.000000 139.000000 459.000000 178.000000 3 167
2008_008210 0.336812 20.000000 150.000000 36.000000 164.000000 167 94
2008_008210 0.473717 34.000000 152.000000 67.000000 174.000000 120 178
2008_008210 0.795592 58.000000 151.000000 85.000000 169.000000 269 121
2008_008210 0.717256 86.000000 151.000000 111.000000 165.000000 98 51
2008_008210 0.169665 111.000000 150.000000 135.000000 163.000000 66 150
2008_008246 0.134248 1.000000 123.000000 222.000000 245.000000 343 130
2008_008357 0.564185 234.000000 115.000000 344.000000 205.000000 307 168
2008_008501 0.701681 154.000000 160.000000 275.000000 232.000000 144 79
2008_008659 0.947965 144.000000 248.000000 198.000000 275.000000 94 5
2008_008659 0.989401 418.000000 240.000000 437.000000 263.000000 359 140
2008_008662 0.464367 34.000000 29.000000 92.000000 56.000000 176 23
2008_008679 0.873980 406.000000 243.000000 500.000000 365.000000 267 121
2008_008679 0.274817 350.000000 256.000000 436.000000 318.000000 273 111
2008_008679 0.385886 295.000000 261.000000 327.000000 284.000000 121 150
2008_008679 0.435374 280.000000 263.000000 300.000000 277.000000 29 156
2008_008679 0.652497 1.000000 243.000000 116.000000 321.000000 62 1
2008_008679 0.441342 111.000000 256.000000 160.000000 297.000000 133 68
2008_008679 0.478322 221.000000 263.000000 234.000000 273.000000 186 54
2008_008726 0.303557 143.000000 124.000000 182.000000 140.000000 2 31
2009_000060 0.701207 479.000000 184.000000 500.000000 233.000000 268 105
2009_000078 0.117721 95.000000 117.000000 404.000000 225.000000 290 153
2009_000089 0.702129 1.000000 202.000000 85.000000 300.000000 237 136
2009_000089 0.195150 460.000000 189.000000 500.000000 227.000000 218 7
2009_000097 0.217404 36.000000 162.000000 135.000000 199.000000 119 116
2009_000097 0.206759 411.000000 152.000000 467.000000 179.000000 28 177
2009_000097 0.247979 462.000000 156.000000 492.000000 179.000000 354 110
2009_000121 0.259869 162.000000 356.000000 254.000000 419.000000 186 128
2009_000165 0.218902 139.000000 139.000000 262.000000 218.000000 41 99
2009_000169 0.309190 239.000000 53.000000 315.000000 79.000000 112 175
2009_000169 0.010334 167.000000 60.000000 218.000000 75.000000 341 74
2009_000212 0.994083 194.000000 192.000000 268.000000 226.000000 112 28
2009_000212 0.262332 190.000000 177.000000 227.000000 205.000000 162 98
2009_000212 0.823563 254.000000 172.000000 298.000000 197.000000 318 19
2009_000225 0.528012 1.000000 230.000000 59.000000 266.000000 154 166
2009_000225 0.400152 48.000000 237.000000 110.000000 268.000000 314 64
2009_000225 0.132987 87.000000 235.000000 156.000000 271.000000 215 164
2009_000225 0.595708 143.000000 246.000000 200.000000 273.000000 15 72
2009_000225 0.545039 173.000000 245.000000 228.000000 275.000000 331 53
2009_000225 0.095263 234.000000 254.000000 252.000000 273.000000 281 59
2009_000225 0.675390 330.000000 258.000000 370.000000 281.000000 159 5
2009_000225 0.530162 295.000000 261.000000 307.000000 275.000000 40 36
2009_000282 0.606454 148.000000 129.000000 176.000000 150.000000 226 67
2009_000283 0.392874 1.000000 74.000000 33.000000 100.000000 305 126
2009_000288 0.727347 119.000000 29.000000 390.000000 301.000000 206 45
2009_000288 0.302231 1.000000 94.000000 99.000000 132.000000 124 14
2009_000288 0.176114 447.000000 65.000000 475.000000 149.000000 108 4
2009_000335 0.856538 411.000000 184.000000 500.000000 254.000000 310 118
2009_000397 0.208790 172.000000 207.000000 446.000000 290.000000 98 161
2009_000399 0.229565 115.000000 104.000000 454.000000 256.000000 347 75
2009_000402 0.501524 3.000000 1.000000 500.000000 237.000000 295 65
2009_000457 0.394471 332.000000 128.000000 500.000000 209.000000 269 150
2009_000461 0.791945 375.000000 144.000000 458.000000 176.000000 35 48
2009_000461 0.938022 134.000000 147.000000 220.000000 178.000000 337 102
2009_000523 0.762349 10.000000 177.000000 375.000000 480.000000 215 178
2009_000542 0.640152 53.000000 200.000000 200.000000 256.000000 67 93
2009_000542 0.999669 57.000000 208.000000 392.000000 362.000000 313 108
2009_000568 0.476879 471.000000 139.000000 500.000000 153.000000 47 53
2009_000631 0.181072 32.000000 1.000000 500.000000 242.000000 47 41
2009_000683 0.790588 201.000000 95.000000 435.000000 256.000000 242 59
2009_000683 0.686762 74.000000 194.000000 141.000000 235.000000 197 42
2009_000726 0.993762 55.000000 89.000000 380.000000 267.000000 18 103
2009_000726 0.927280 1.000000 129.000000 102.000000 245.000000 131 101
2009_000726 0.175126 430.000000 137.000000 500.000000 227.000000 94 150
2009_000741 0.849476 413.000000 56.000000 500.000000 133.000000 317 50
2009_000741 0.978559 6.000000 38.000000 500.000000 375.000000 290 34
2009_000821 0.810785 1.000000 1.000000 500.000000 306.000000 91 140
2009_000825 0.100984 115.000000 127.000000 386.000000 254.000000 179 165
2009_000886 0.018646 379.000000 193.000000 450.000000 255.000000 49 154
2009_000886 0.116220 438.000000 212.000000 500.000000 271.000000 262 147
2009_000886 0.773891 85.000000 171.000000 105.000000 191.000000 176 63
2009_000886 0.173061 66.000000 170.000000 88.000000 187.000000 103 148
2009_000904 0.191104 275.000000 185.000000 300.000000 200.000000 311 167
2009_000948 0.009518 133.000000 124.000000 448.000000 237.000000 18 99
2009_000948 0.705297 273.000000 97.000000 323.000000 124.000000 298 164
2009_000954 0.938900 260.000000 289.000000 296.000000 333.000000 88 106
2009_001026 0.792378 474.000000 121.000000 500.000000 145.000000 322 109
2009_001026 0.000695 407.000000 125.000000 433.000000 144.000000 301 101
2009_001026 0.430653 45.000000 115.000000 78.000000 135.000000 90 78
2009_001083 0.339907 319.000000 163.000000 361.000000 214.000000 315 12
2009_001083 0.727819 347.000000 169.000000 379.000000 213.000000 64 44
2009_001097 0.139659 227.000000 1.000000 312.000000 30.000000 104 43
2009_001097 0.378229 56.000000 13.000000 219.000000 68.000000 79 147
2009_001097 0.426481 85.000000 51.000000 426.000000 241.000000 240 168
2009_001113 0.364651 401.000000 132.000000 420.000000 147.000000 218 175
2009_001113 0.885716 466.000000 132.000000 479.000000 142.000000 239 57
2009_001113 0.907082 488.000000 132.000000 500.000000 147.000000 106 53
2009_001240 0.025819 1.000000 225.000000 205.000000 341.000000 177 37
2009_001245 0.961440 35.000000 209.000000 45.000000 221.000000 61 54
2009_001255 0.840722 19.000000 1.000000 500.000000 172.000000 282 121
2009_001321 0.481287 47.000000 271.000000 63.000000 282.000000 152 127
2009_001519 0.859974 366.000000 231.000000 394.000000 245.000000 295 79
2009_001519 0.275201 403.000000 220.000000 411.000000 244.000000 3 179
2009_001519 0.479596 1.000000 189.000000 132.000000 333.000000 12 27
2009_001536 0.784127 61.000000 55.000000 397.000000 261.000000 320 51
2009_001591 0.246622 14.000000 285.000000 327.000000 446.000000 61 132
2009_001675 0.686552 1.000000 165.000000 74.000000 331.000000 29 154
2009_001767 0.534723 143.000000 112.000000 322.000000 213.000000 345 177
2009_001811 0.889671 1.000000 271.000000 42.000000 364.000000 326 86
2009_001811 0.740640 1.000000 187.000000 102.000000 282.000000 9 23
2009_001811 0.601848 1.000000 172.000000 97.000000 231.000000 141 71
2009_001811 0.056746 94.000000 178.000000 120.000000 195.000000 9 70
2009_001820 0.076086 199.000000 160.000000 303.000000 189.000000 248 94
2009_001945 0.659312 20.000000 156.000000 332.000000 500.000000 146 77
2009_001945 0.467672 52.000000 134.000000 143.000000 179.000000 79 15
2009_001984 0.900598 367.000000 1.000000 500.000000 168.000000 262 111
2009_001984 0.235805 68.000000 1.000000 369.000000 101.000000 91 40
2009_001988 0.878505 21.000000 120.000000 474.000000 299.000000 292 126
2009_002058 0.439577 1.000000 181.000000 142.000000 484.000000 256 119
2009_002073 0.957315 28.000000 80.000000 477.000000 232.000000 203 178
2009_002128 0.417079 453.000000 228.000000 479.000000 319.000000 121 28
2009_002128 0.866706 70.000000 184.000000 154.000000 243.000000 200 5
2009_002128 0.209287 25.000000 201.000000 54.000000 248.000000 322 89
2009_002128 0.460747 47.000000 188.000000 85.000000 239.000000 260 126
2009_002164 0.888500 130.000000 115.000000 414.000000 278.000000 61 143
2009_002212 0.000261 120.000000 60.000000 166.000000 94.000000 51 169
2009_002238 0.234516 390.000000 194.000000 500.000000 268.000000 158 2
2009_002239 0.265121 1.000000 261.000000 141.000000 367.000000 255 125
2009_002267 0.041599 1.000000 1.000000 472.000000 202.000000 118 17
2009_002380 0.521822 48.000000 44.000000 375.000000 417.000000 273 58
2009_002436 0.473122 473.000000 189.000000 493.000000 210.000000 343 120
2009_002436 0.230147 442.000000 193.000000 462.000000 209.000000 234 120
2009_002517 0.434030 415.000000 194.000000 500.000000 296.000000 290 91
2009_002524 0.255004 365.000000 183.000000 500.000000 222.000000 255 100
2009_002532 0.674242 47.000000 249.000000 70.000000 272.000000 27 106
2009_002570 0.472616 439.000000 168.000000 500.000000 246.000000 212 96
2009_002618 0.764898 1.000000 110.000000 193.000000 333.000000 117 78
2009_002632 0.792067 142.000000 52.000000 417.000000 254.000000 359 48
2009_002711 0.453946 1.000000 1.000000 447.000000 291.000000 48 6
2009_002711 0.144762 454.000000 14.000000 500.000000 142.000000 203 42
2009_002744 0.510472 403.000000 51.000000 497.000000 106.000000 244 64
2009_002744 0.506111 298.000000 59.000000 490.000000 226.000000 250 107
2009_002777 0.319494 230.000000 166.000000 461.000000 345.000000 280 123
2009_002806 0.587068 262.000000 119.000000 500.000000 252.000000 300 119
2009_002841 0.113998 182.000000 366.000000 193.000000 399.000000 7 151
2009_002894 0.429436 272.000000 245.000000 334.000000 403.000000 303 61
2009_002894 0.608102 1.000000 259.000000 40.000000 382.000000 286 25
2009_002960 0.047771 2.000000 25.000000 315.000000 320.000000 335 115
2009_002960 0.690902 439.000000 93.000000 500.000000 261.000000 251 46
2009_002990 0.222142 28.000000 89.000000 465.000000 258.000000 131 98
2009_003003 0.078816 13.000000 20.000000 356.000000 255.000000 326 67
2009_003020 0.936997 146.000000 162.000000 276.000000 256.000000 11 113
2009_003031 0.288928 24.000000 70.000000 475.000000 307.000000 115 134
2009_003058 0.387512 82.000000 146.000000 333.000000 365.000000 45 93
2009_003132 0.592343 58.000000 346.000000 253.000000 431.000000 352 53
2009_003132 0.560914 219.000000 347.000000 256.000000 360.000000 206 111
2009_003183 0.733013 89.000000 293.000000 192.000000 373.000000 101 27
2009_003212 0.406417 24.000000 203.000000 68.000000 241.000000 14 144
2009_003212 0.422483 40.000000 206.000000 103.000000 256.000000 299 175
2009_003212 0.630077 71.000000 209.000000 197.000000 279.000000 19 142
2009_003212 0.309191 168.000000 209.000000 469.000000 351.000000 183 102
2009_003238 0.883354 281.000000 97.000000 500.000000 240.000000 269 61
2009_003255 0.804784 32.000000 21.000000 481.000000 306.000000 120 143
2009_003255 0.965192 261.000000 15.000000 500.000000 191.000000 18 72
2009_003255 0.636372 35.000000 19.000000 328.000000 84.000000 149 59
2009_003255 0.538410 234.000000 3.000000 309.000000 49.000000 309 142
2009_003255 0.444795 128.000000 9.000000 224.000000 48.000000 267 133
2009_003269 0.948158 207.000000 189.000000 267.000000 273.000000 306 89
2009_003376 0.237770 13.000000 35.000000 495.000000 316.000000 287 24
2009_003376 0.056697 279.000000 45.000000 500.000000 206.000000 46 96
2009_003387 0.682221 1.000000 114.000000 500.000000 332.000000 169 177
2009_003387 0.287662 2.000000 96.000000 94.000000 188.000000 314 89
2009_003406 0.756261 20.000000 96.000000 414.000000 250.000000 66 173
2009_003500 0.186055 45.000000 2.000000 415.000000 333.000000 342 121
2009_003549 0.044066 45.000000 50.000000 469.000000 238.000000 104 10
2009_003560 0.677101 264.000000 150.000000 305.000000 178.000000 101 31
2009_003566 0.100159 23.000000 197.000000 56.000000 207.000000 325 63
2009_003589 0.687341 31.000000 92.000000 469.000000 312.000000 285 84
2009_003592 0.659343 468.000000 206.000000 500.000000 239.000000 246 76
2009_003633 0.191281 393.000000 84.000000 500.000000 136.000000 228 95
2009_003725 0.419827 130.000000 262.000000 266.000000 293.000000 184 135
2009_003725 0.955726 241.000000 255.000000 387.000000 290.000000 265 124
2009_003725 0.387034 368.000000 240.000000 469.000000 289.000000 111 62
2009_003781 0.565251 378.000000 170.000000 429.000000 196.000000 9 114
2009_003781 0.462200 429.000000 170.000000 500.000000 200.000000 132 76
2009_003802 0.115937 401.000000 57.000000 500.000000 375.000000 113 41
2009_003814 0.492433 49.000000 37.000000 428.000000 223.000000 48 170
2009_003822 0.007705 465.000000 93.000000 500.000000 144.000000 269 56
2009_003879 0.648829 1.000000 1.000000 162.000000 60.000000 222 64
2009_003905 0.588302 249.000000 126.000000 333.000000 178.000000 305 18
2009_003905 0.454600 129.000000 159.000000 153.000000 171.000000 210 94
2009_003977 0.559392 106.000000 67.000000 429.000000 319.000000 348 33
2009_003977 0.642273 375.000000 163.000000 479.000000 223.000000 226 5
2009_003977 0.437342 437.000000 168.000000 499.000000 207.000000 302 71
2009_004102 0.871682 51.000000 66.000000 444.000000 296.000000 31 105
2009_004102 0.187952 21.000000 102.000000 154.000000 183.000000 74 17
2009_004175 0.631010 250.000000 157.000000 330.000000 208.000000 240 132
2009_004197 0.641467 477.000000 228.000000 500.000000 248.000000 169 57
2009_004224 0.124877 360.000000 136.000000 500.000000 271.000000 202 119
2009_004224 0.930120 111.000000 119.000000 354.000000 245.000000 243 122
2009_004224 0.949241 1.000000 138.000000 63.000000 224.000000 298 32
2009_004232 0.008522 1.000000 48.000000 213.000000 243.000000 72 39
2009_004232 0.586448 23.000000 1.000000 499.000000 368.000000 108 49
2009_004258 0.392816 2.000000 173.000000 57.000000 195.000000 143 34
2009_004272 0.149752 161.000000 68.000000 389.000000 208.000000 56 150
2009_004303 0.014890 422.000000 4.000000 493.000000 28.000000 245 135
2009_004303 0.808696 266.000000 1.000000 379.000000 60.000000 51 6
2009_004303 0.456032 82.000000 1.000000 385.000000 235.000000 17 120
2009_004364 0.025334 420.000000 58.000000 500.000000 147.000000 289 65
2009_004364 0.548921 455.000000 27.000000 500.000000 75.000000 79 128
2009_004364 0.103230 305.000000 55.000000 403.000000 96.000000 313 133
2009_004364 0.013858 255.000000 56.000000 322.000000 89.000000 350 133
2009_004364 0.034718 191.000000 63.000000 224.000000 85.000000 244 87
2009_004364 0.607825 129.000000 61.000000 211.000000 111.000000 41 14
2009_004436 0.530173 1.000000 85.000000 491.000000 374.000000 84 26
2009_004440 0.689892 13.000000 173.000000 25.000000 212.000000 335 111
2009_004455 0.037366 1.000000 74.000000 90.000000 146.000000 84 37
2009_004455 0.485800 60.000000 67.000000 153.000000 114.000000 239 91
2009_004471 0.759688 41.000000 109.000000 463.000000 286.000000 310 174
2009_004471 0.759305 398.000000 135.000000 500.000000 174.000000 89 122
2009_004471 0.926835 441.000000 141.000000 500.000000 224.000000 211 148
2009_004494 0.184341 262.000000 1.000000 323.000000 66.000000 230 3
2009_004494 0.484467 395.000000 6.000000 474.000000 37.000000 10 168
2009_004518 0.494209 325.000000 57.000000 340.000000 68.000000 286 82
2009_004518 0.874285 290.000000 56.000000 306.000000 65.000000 153 161
2009_004518 0.291678 127.000000 61.000000 153.000000 71.000000 228 53
2009_004518 0.774612 53.000000 94.000000 103.000000 129.000000 88 127
2009_004532 0.253771 385.000000 81.000000 459.000000 124.000000 296 145
2009_004532 0.231502 380.000000 90.000000 429.000000 129.000000 288 113
2009_004556 0.500560 2.000000 93.000000 500.000000 296.000000 137 82
2009_004567 0.291430 1.000000 184.000000 30.000000 215.000000 195 62
2009_004567 0.594175 28.000000 191.000000 47.000000 210.000000 253 168
2009_004567 0.372643 120.000000 185.000000 145.000000 208.000000 214 133
2009_004594 0.928711 91.000000 30.000000 393.000000 301.000000 163 92
2009_004630 0.459364 48.000000 252.000000 179.000000 302.000000 162 115
2009_004630 0.802202 16.000000 253.000000 100.000000 294.000000 199 7
2009_004630 0.014586 2.000000 262.000000 22.000000 288.000000 242 36
2009_004630 0.654214 1.000000 249.000000 39.000000 268.000000 275 102
2009_004630 0.887327 187.000000 253.000000 227.000000 276.000000 229 132
2009_004630 0.713736 211.000000 245.000000 276.000000 279.000000 240 22
2009_004630 0.648896 236.000000 253.000000 305.000000 280.000000 161 115
2009_004630 0.223953 278.000000 248.000000 316.000000 265.000000 244 11
2009_004630 0.515231 302.000000 254.000000 334.000000 269.000000 60 167
2009_004630 0.081461 310.000000 250.000000 370.000000 283.000000 242 120
2009_004630 0.913764 363.000000 253.000000 398.000000 264.000000 81 51
2009_004630 0.676291 483.000000 253.000000 500.000000 274.000000 82 45
2009_004630 0.837103 417.000000 252.000000 456.000000 263.000000 233 127
2009_004630 0.583746 444.000000 247.000000 471.000000 265.000000 262 3
2009_004748 0.554561 57.000000 106.000000 475.000000 316.000000 332 17
2009_004748 0.525320 1.000000 165.000000 61.000000 191.000000 335 36
2009_004822 0.314669 1.000000 1.000000 144.000000 89.000000 46 135
2009_004822 0.712827 166.000000 1.000000 500.000000 70.000000 67 176
2009_004872 0.689402 176.000000 166.000000 252.000000 197.000000 297 123
2009_004913 0.493016 9.000000 186.000000 493.000000 316.000000 191 34
2009_004933 0.202869 1.000000 1.000000 106.000000 117.000000 201 149
2009_004933 0.355104 92.000000 1.000000 264.000000 120.000000 190 145
2009_004933 0.202512 285.000000 25.000000 397.000000 124.000000 197 129
2009_005025 0.513177 12.000000 94.000000 230.000000 207.000000 232 0
2009_005036 0.892472 368.000000 191.000000 488.000000 238.000000 205 1
2009_005036 0.788136 50.000000 189.000000 87.000000 211.000000 300 140
2009_005060 0.352260 29.000000 189.000000 106.000000 225.000000 135 27
2009_005086 0.093321 385.000000 163.000000 500.000000 242.000000 232 168
2009_005104 0.757158 66.000000 35.000000 455.000000 311.000000 266 10
2009_005215 0.842030 371.000000 206.000000 426.000000 219.000000 167 8
2009_005242 0.271561 23.000000 34.000000 500.000000 333.000000 59 21
2009_005279 0.677467 425.000000 247.000000 500.000000 278.000000 113 109
2009_005294 0.757536 77.000000 210.000000 187.000000 266.000000 356 179
2009_005294 0.411082 318.000000 220.000000 444.000000 296.000000 99 172
2009_005294 0.014869 36.000000 212.000000 328.000000 375.000000 78 113
2010_000035 0.200465 301.000000 1.000000 500.000000 163.000000 16 32
2010_000035 0.845493 1.000000 1.000000 134.000000 160.000000 259 80
2010_000036 0.748419 33.000000 93.000000 450.000000 318.000000 140 151
2010_000160 0.528840 17.000000 24.000000 482.000000 368.000000 210 29
2010_000160 0.093230 1.000000 31.000000 150.000000 140.000000 167 68
2010_000194 0.375112 355.000000 117.000000 413.000000 155.000000 93 60
2010_000194 0.281225 192.000000 117.000000 229.000000 146.000000 53 57
2010_000211 0.872002 9.000000 12.000000 500.000000 323.000000 295 62
2010_000246 0.609209 251.000000 38.000000 500.000000 290.000000 96 140
2010_000246 0.015752 24.000000 33.000000 369.000000 235.000000 6 126
2010_000246 0.431806 1.000000 1.000000 261.000000 187.000000 246 158
2010_000279 0.227411 32.000000 1.000000 500.000000 439.000000 227 105
2010_000336 0.924376 1.000000 1.000000 500.000000 375.000000 282 52
2010_000372 0.333647 306.000000 133.000000 432.000000 205.000000 107 97
2010_000372 0.107686 18.000000 126.000000 432.000000 303.000000 85 98
2010_000372 0.310884 301.000000 108.000000 432.000000 157.000000 49 17
2010_000381 0.866476 13.000000 101.000000 490.000000 273.000000 293 92
2010_000381 0.219617 307.000000 98.000000 500.000000 186.000000 353 59
2010_000444 0.859477 412.000000 120.000000 438.000000 132.000000 187 64
2010_000444 0.582802 454.000000 120.000000 482.000000 131.000000 94 152
2010_000444 0.009274 389.000000 120.000000 406.000000 132.000000 259 62
2010_000444 0.024242 355.000000 119.000000 378.000000 132.000000 69 91
2010_000444 0.696241 331.000000 119.000000 355.000000 133.000000 198 50
2010_000444 0.341206 284.000000 121.000000 308.000000 134.000000 317 4
2010_000444 0.079354 265.000000 121.000000 283.000000 135.000000 152 14
2010_000444 0.969308 309.000000 122.000000 330.000000 135.000000 26 162
2010_000444 0.553314 243.000000 122.000000 264.000000 134.000000 141 56
2010_000493 0.863259 279.000000 156.000000 357.000000 214.000000 285 144
2010_000524 0.919901 1.000000 183.000000 51.000000 227.000000 287 1
2010_000524 0.711452 465.000000 160.000000 500.000000 182.000000 6 5
2010_000526 0.502240 1.000000 1.000000 500.000000 375.000000 194 94
2010_000530 0.117040 157.000000 242.000000 376.000000 349.000000 24 41
2010_000530 0.060024 168.000000 203.000000 237.000000 230.000000 356 13
2010_000582 0.128513 1.000000 41.000000 459.000000 375.000000 238 62
2010_000590 0.805267 59.000000 102.000000 239.000000 290.000000 229 134
2010_000590 0.401806 246.000000 180.000000 290.000000 205.000000 97 78
2010_000590 0.941124 227.000000 182.000000 258.000000 211.000000 219 139
2010_000590 0.378311 52.000000 187.000000 96.000000 217.000000 47 46
2010_000604 0.899552 14.000000 28.000000 109.000000 125.000000 358 61
2010_000604 0.991076 35.000000 84.000000 454.000000 279.000000 85 40
2010_000628 0.504131 148.000000 213.000000 312.000000 293.000000 342 115
2010_000682 0.784363 41.000000 116.000000 86.000000 137.000000 129 138
2010_000689 0.323419 38.000000 1.000000 168.000000 76.000000 10 9
2010_000689 0.982798 1.000000 89.000000 63.000000 181.000000 288 113
2010_000711 0.308717 46.000000 1.000000 500.000000 172.000000 57 111
2010_000711 0.590701 1.000000 1.000000 74.000000 162.000000 31 158
2010_000722 0.339877 21.000000 102.000000 486.000000 389.000000 109 30
2010_000865 0.244286 1.000000 172.000000 16.000000 208.000000 24 118
2010_000928 0.418815 204.000000 175.000000 333.000000 225.000000 273 54
2010_000947 0.186580 460.000000 221.000000 500.000000 257.000000 20 6
2010_000952 0.333494 46.000000 57.000000 479.000000 309.000000 98 12
2010_001080 0.071870 44.000000 121.000000 490.000000 375.000000 18 18
2010_001117 0.591769 339.000000 55.000000 500.000000 122.000000 326 56
2010_001117 0.742395 58.000000 74.000000 411.000000 276.000000 136 171
2010_001117 0.689630 1.000000 55.000000 45.000000 88.000000 319 108
2010_001117 0.131260 102.000000 64.000000 155.000000 91.000000 141 40
2010_001117 0.034482 63.000000 60.000000 119.000000 91.000000 62 169
2010_001163 0.808247 208.000000 154.000000 500.000000 376.000000 317 94
2010_001163 0.757151 1.000000 280.000000 259.000000 376.000000 161 62
2010_001220 0.888721 1.000000 1.000000 500.000000 375.000000 130 100
2010_001246 0.435618 418.000000 218.000000 458.000000 247.000000 302 44
2010_001272 0.757954 1.000000 187.000000 32.000000 218.000000 298 27
2010_001315 0.570267 99.000000 79.000000 424.000000 215.000000 316 90
2010_001321 0.790214 417.000000 190.000000 500.000000 244.000000 307 177
2010_001321 0.255212 310.000000 192.000000 424.000000 252.000000 126 90
2010_001321 0.055899 184.000000 183.000000 343.000000 258.000000 184 14
2010_001394 0.081473 2.000000 16.000000 496.000000 318.000000 229 111
2010_001403 0.855922 1.000000 204.000000 111.000000 304.000000 219 98
2010_001449 0.106751 2.000000 119.000000 391.000000 354.000000 231 49
2010_001453 0.699070 1.000000 182.000000 38.000000 210.000000 22 112
2010_001536 0.365823 309.000000 268.000000 490.000000 322.000000 99 76
2010_001553 0.120890 47.000000 1.000000 358.000000 191.000000 30 13
2010_001668 0.237280 66.000000 176.000000 445.000000 301.000000 244 39
2010_001669 0.561034 22.000000 150.000000 77.000000 202.000000 3 131
2010_001685 0.824633 18.000000 22.000000 485.000000 333.000000 199 134
2010_001685 0.195743 340.000000 1.000000 500.000000 114.000000 142 24
2010_001685 0.059850 296.000000 1.000000 356.000000 12.000000 259 121
2010_001685 0.774162 227.000000 1.000000 298.000000 20.000000 138 88
2010_001685 0.071835 130.000000 1.000000 219.000000 30.000000 53 87
2010_001685 0.236161 1.000000 1.000000 134.000000 55.000000 283 71
2010_001734 0.927429 347.000000 280.000000 384.000000 292.000000 29 14
2010_001734 0.339742 55.000000 278.000000 77.000000 291.000000 74 172
2010_001734 0.063423 77.000000 281.000000 91.000000 290.000000 346 62
2010_001757 0.906450 163.000000 172.000000 500.000000 375.000000 220 100
2010_001767 0.347719 1.000000 34.000000 215.000000 142.000000 72 142
2010_001821 0.711806 284.000000 275.000000 439.000000 363.000000 350 150
2010_001821 0.210044 439.000000 279.000000 483.000000 300.000000 77 3
2010_001821 0.853762 484.000000 300.000000 500.000000 364.000000 193 20
2010_001828 0.469143 1.000000 46.000000 492.000000 281.000000 328 60
2010_001892 0.485222 479.000000 118.000000 500.000000 154.000000 1 56
2010_001893 0.911186 96.000000 119.000000 410.000000 241.000000 94 123
2010_001954 0.928472 131.000000 41.000000 415.000000 234.000000 205 48
2010_001966 0.948279 58.000000 245.000000 96.000000 275.000000 23 113
2010_001966 0.272021 83.000000 244.000000 102.000000 265.000000 186 172
2010_001966 0.214685 98.000000 250.000000 107.000000 258.000000 190 164
2010_001966 0.437751 108.000000 248.000000 117.000000 256.000000 298 25
2010_001966 0.497022 122.000000 250.000000 128.000000 255.000000 315 127
2010_001998 0.241433 47.000000 117.000000 460.000000 280.000000 219 14
2010_001998 0.014863 396.000000 105.000000 439.000000 134.000000 9 152
2010_001998 0.587949 424.000000 100.000000 500.000000 165.000000 198 22
2010_002017 0.309928 295.000000 59.000000 500.000000 247.000000 224 134
2010_002046 0.101047 293.000000 115.000000 433.000000 165.000000 330 141
2010_002046 0.111087 87.000000 119.000000 200.000000 164.000000 101 163
2010_002048 0.767944 104.000000 108.000000 460.000000 263.000000 284 18
2010_002175 0.931981 84.000000 299.000000 331.000000 466.000000 238 139
2010_002194 0.833639 186.000000 153.000000 290.000000 193.000000 64 4
2010_002194 0.089054 46.000000 165.000000 283.000000 259.000000 170 20
2010_002200 0.972510 378.000000 201.000000 397.000000 210.000000 41 30
2010_002200 0.852209 343.000000 202.000000 368.000000 209.000000 103 108
2010_002200 0.400791 213.000000 197.000000 245.000000 208.000000 88 131
2010_002200 0.391825 297.000000 200.000000 330.000000 211.000000 112 118
2010_002279 0.518252 1.000000 1.000000 446.000000 240.000000 43 176
2010_002361 0.197272 317.000000 55.000000 500.000000 242.000000 183 59
2010_002361 0.538681 12.000000 50.000000 488.000000 342.000000 311 48
2010_002409 0.269576 270.000000 72.000000 480.000000 259.000000 199 173
2010_002409 0.557298 1.000000 65.000000 156.000000 216.000000 96 56
2010_002409 0.676179 88.000000 94.000000 405.000000 311.000000 136 44
2010_002516 0.497577 439.000000 101.000000 500.000000 141.000000 94 173
2010_002516 0.613038 200.000000 92.000000 255.000000 112.000000 154 102
2010_002516 0.159978 82.000000 87.000000 205.000000 156.000000 291 159
2010_002516 0.607353 1.000000 88.000000 88.000000 183.000000 32 56
2010_002516 0.057013 280.000000 94.000000 387.000000 145.000000 136 167
2010_002516 0.617150 19.000000 106.000000 382.000000 346.000000 358 120
2010_002546 0.572470 334.000000 163.000000 367.000000 210.000000 53 5
2010_002578 0.214038 107.000000 105.000000 479.000000 266.000000 11 128
2010_002579 0.181891 276.000000 226.000000 318.000000 251.000000 92 173
2010_002579 0.309159 389.000000 259.000000 497.000000 320.000000 287 7
2010_002598 0.121876 1.000000 10.000000 428.000000 327.000000 348 48
2010_002783 0.874425 1.000000 134.000000 500.000000 326.000000 219 116
2010_002790 0.759513 249.000000 66.000000 500.000000 263.000000 323 10
2010_002790 0.075096 52.000000 55.000000 406.000000 340.000000 309 87
2010_002790 0.778287 1.000000 162.000000 69.000000 375.000000 33 36
2010_002807 0.147968 420.000000 47.000000 491.000000 103.000000 147 149
2010_002902 0.838430 62.000000 35.000000 395.000000 290.000000 264 27
2010_002902 0.075495 1.000000 73.000000 70.000000 220.000000 196 173
2010_002929 0.066930 6.000000 57.000000 454.000000 314.000000 336 65
2010_002929 0.420617 1.000000 75.000000 52.000000 123.000000 348 117
2010_002929 0.217627 30.000000 76.000000 74.000000 111.000000 215 62
2010_002929 0.373382 68.000000 81.000000 162.000000 112.000000 14 28
2010_002929 0.637770 376.000000 102.000000 411.000000 145.000000 316 79
2010_002940 0.766317 192.000000 426.000000 207.000000 439.000000 140 151
2010_002940 0.660318 127.000000 439.000000 143.000000 466.000000 45 17
2010_002940 0.623811 117.000000 438.000000 135.000000 470.000000 136 19
2010_002985 0.606132 234.000000 173.000000 272.000000 188.000000 224 164
2010_002985 0.982101 222.000000 186.000000 394.000000 273.000000 175 104
2010_002988 0.982874 254.000000 176.000000 486.000000 310.000000 187 63
2010_002988 0.741580 154.000000 175.000000 361.000000 276.000000 357 161
2010_002988 0.435916 79.000000 173.000000 220.000000 259.000000 239 132
2010_003024 0.881630 79.000000 1.000000 407.000000 271.000000 144 39
2010_003120 0.106443 367.000000 106.000000 495.000000 200.000000 339 171
2010_003120 0.527474 14.000000 63.000000 312.000000 296.000000 21 29
2010_003120 0.091680 234.000000 97.000000 475.000000 240.000000 25 2
2010_003123 0.658100 213.000000 6.000000 271.000000 59.000000 219 10
2010_003123 0.241569 291.000000 1.000000 346.000000 50.000000 207 13
2010_003129 0.739409 30.000000 227.000000 58.000000 238.000000 126 23
2010_003129 0.681708 1.000000 223.000000 38.000000 271.000000 160 3
2010_003129 0.810854 6.000000 234.000000 83.000000 295.000000 317 25
2010_003129 0.530724 68.000000 229.000000 108.000000 249.000000 91 4
2010_003129 0.404752 135.000000 231.000000 228.000000 280.000000 337 138
2010_003129 0.441176 42.000000 241.000000 189.000000 333.000000 258 87
2010_003129 0.783610 258.000000 193.000000 500.000000 288.000000 339 104
2010_003129 0.692919 164.000000 236.000000 500.000000 375.000000 257 26
2010_003139 0.640904 42.000000 66.000000 426.000000 258.000000 142 23
2010_003200 0.523537 39.000000 86.000000 63.000000 105.000000 179 12
2010_003200 0.009015 218.000000 98.000000 265.000000 116.000000 113 154
2010_003212 0.218050 111.000000 225.000000 347.000000 268.000000 73 159
2010_003219 0.800077 9.000000 175.000000 368.000000 437.000000 114 62
2010_003231 0.086180 182.000000 286.000000 360.000000 443.000000 206 146
2010_003276 0.063863 30.000000 46.000000 441.000000 327.000000 69 113
2010_003276 0.798444 89.000000 45.000000 134.000000 60.000000 267 109
2010_003293 0.757040 465.000000 159.000000 500.000000 248.000000 58 133
2010_003316 0.187483 438.000000 232.000000 500.000000 294.000000 317 77
2010_003381 0.442007 1.000000 93.000000 500.000000 342.000000 109 58
2010_003385 0.938827 1.000000 1.000000 488.000000 314.000000 130 113
2010_003446 0.920854 16.000000 105.000000 121.000000 182.000000 103 44
2010_003446 0.076475 96.000000 103.000000 243.000000 173.000000 333 56
2010_003446 0.461482 203.000000 104.000000 277.000000 161.000000 281 24
2010_003450 0.127021 1.000000 1.000000 500.000000 240.000000 158 109
2010_003453 0.115337 30.000000 42.000000 470.000000 318.000000 216 24
2010_003453 0.944107 1.000000 85.000000 118.000000 255.000000 159 49
2010_003537 0.308588 10.000000 34.000000 458.000000 333.000000 186 80
2010_003561 0.168813 30.000000 119.000000 331.000000 391.000000 169 140
2010_003562 0.605150 3.000000 171.000000 36.000000 197.000000 8 128
2010_003562 0.477181 37.000000 174.000000 69.000000 202.000000 149 165
2010_003585 0.927553 4.000000 39.000000 151.000000 102.000000 330 89
2010_003585 0.004594 139.000000 58.000000 279.000000 107.000000 253 125
2010_003645 0.628130 63.000000 163.000000 206.000000 217.000000 194 74
2010_003664 0.552105 365.000000 36.000000 435.000000 63.000000 196 39
2010_003664 0.125084 198.000000 44.000000 344.000000 96.000000 311 1
2010_003664 0.142633 52.000000 81.000000 500.000000 262.000000 279 4
2010_003729 0.614156 169.000000 21.000000 486.000000 314.000000 115 163
2010_003730 0.192772 29.000000 94.000000 448.000000 266.000000 6 56
2010_003746 0.830640 1.000000 85.000000 143.000000 179.000000 99 5
2010_003768 0.822717 152.000000 163.000000 334.000000 208.000000 275 130
2010_003768 0.384332 1.000000 76.000000 40.000000 100.000000 275 22
2010_003807 0.006998 12.000000 154.000000 333.000000 472.000000 10 0
2010_003813 0.515494 33.000000 130.000000 480.000000 336.000000 60 27
2010_003854 0.276981 1.000000 33.000000 403.000000 333.000000 151 107
2010_003981 0.121590 1.000000 41.000000 152.000000 187.000000 213 105
2010_003981 0.168168 52.000000 15.000000 446.000000 314.000000 28 6
2010_004021 0.306412 1.000000 39.000000 192.000000 200.000000 189 151
2010_004021 0.946010 137.000000 61.000000 315.000000 124.000000 69 12
2010_004021 0.206674 354.000000 85.000000 500.000000 223.000000 88 113
2010_004027 0.156004 204.000000 254.000000 311.000000 344.000000 87 134
2010_004096 0.979798 129.000000 140.000000 500.000000 324.000000 296 17
2010_004139 0.867233 5.000000 36.000000 499.000000 346.000000 235 51
2010_004228 0.896177 1.000000 1.000000 84.000000 31.000000 11 137
2010_004263 0.463850 70.000000 141.000000 133.000000 173.000000 223 130
2010_004263 0.193486 16.000000 148.000000 40.000000 163.000000 273 1
2010_004291 0.942248 71.000000 124.000000 458.000000 274.000000 33 30
2010_004337 0.660725 288.000000 196.000000 320.000000 222.000000 306 25
2010_004337 0.184764 266.000000 200.000000 288.000000 219.000000 14 27
2010_004390 0.853376 3.000000 105.000000 495.000000 349.000000 232 154
2010_004390 0.274654 363.000000 131.000000 402.000000 146.000000 178 141
2010_004422 0.084449 309.000000 1.000000 500.000000 203.000000 348 178
2010_004484 0.215923 69.000000 246.000000 300.000000 333.000000 119 48
2010_004533 0.154017 94.000000 85.000000 353.000000 167.000000 276 66
2010_004533 0.945790 1.000000 131.000000 94.000000 165.000000 59 161
2010_004557 0.419306 359.000000 283.000000 393.000000 302.000000 186 3
2010_004557 0.270180 339.000000 288.000000 376.000000 304.000000 44 171
2010_004557 0.775532 283.000000 288.000000 344.000000 313.000000 322 161
2010_004557 0.959289 396.000000 283.000000 424.000000 299.000000 327 3
2010_004557 0.488117 420.000000 286.000000 437.000000 297.000000 27 51
2010_004557 0.273970 393.000000 288.000000 408.000000 300.000000 349 102
2010_004557 0.268812 423.000000 282.000000 445.000000 295.000000 46 28
2010_004557 0.425246 442.000000 284.000000 465.000000 295.000000 156 71
2010_004618 0.012023 136.000000 73.000000 363.000000 250.000000 221 80
2010_004654 0.979450 33.000000 100.000000 462.000000 281.000000 12 72
2010_004661 0.324159 12.000000 171.000000 385.000000 482.000000 195 164
2010_004661 0.779144 248.000000 140.000000 308.000000 183.000000 105 158
2010_004661 0.425668 299.000000 218.000000 374.000000 258.000000 142 159
2010_004661 0.455210 177.000000 165.000000 235.000000 203.000000 168 76
2010_004686 0.733460 291.000000 348.000000 355.000000 480.000000 250 17
2010_004692 0.259658 200.000000 11.000000 319.000000 47.000000 47 89
2010_004692 0.955118 25.000000 7.000000 92.000000 37.000000 213 41
2010_004692 0.624242 1.000000 85.000000 457.000000 374.000000 23 33
2010_004692 0.188933 88.000000 11.000000 123.000000 38.000000 105 25
2010_004692 0.237203 263.000000 13.000000 332.000000 44.000000 344 53
2010_004747 0.078168 14.000000 95.000000 484.000000 266.000000 238 1
2010_004785 0.695289 83.000000 91.000000 433.000000 309.000000 111 40
2010_004785 0.559060 1.000000 84.000000 123.000000 163.000000 252 153
2010_004785 0.858886 1.000000 45.000000 60.000000 84.000000 205 96
2010_004785 0.595359 94.000000 52.000000 123.000000 79.000000 161 69
2010_004785 0.371939 63.000000 52.000000 96.000000 77.000000 110 18
2010_004854 0.776656 159.000000 11.000000 285.000000 66.000000 80 116
2010_004865 0.279075 35.000000 72.000000 311.000000 224.000000 155 112
2010_004877 0.827170 47.000000 116.000000 413.000000 307.000000 172 57
2010_004877 0.068265 1.000000 110.000000 169.000000 267.000000 268 26
2010_004930 0.835734 108.000000 102.000000 354.000000 278.000000 192 134
2010_004946 0.162853 37.000000 165.000000 331.000000 423.000000 259 160
2010_005013 0.461959 342.000000 10.000000 493.000000 70.000000 72 159
2010_005075 0.883553 1.000000 87.000000 307.000000 352.000000 67 130
2010_005075 0.538046 109.000000 66.000000 500.000000 300.000000 287 152
2010_005087 0.843302 1.000000 1.000000 500.000000 375.000000 75 95
2010_005123 0.862668 66.000000 214.000000 93.000000 233.000000 78 129
2010_005123 0.942528 95.000000 212.000000 122.000000 235.000000 170 83
2010_005167 0.401540 1.000000 323.000000 118.000000 375.000000 226 145
2010_005226 0.718969 83.000000 150.000000 144.000000 184.000000 116 68
2010_005226 0.120771 210.000000 141.000000 230.000000 159.000000 70 88
2010_005284 0.630943 423.000000 163.000000 464.000000 203.000000 50 170
2010_005323 0.529646 9.000000 190.000000 490.000000 326.000000 158 127
2010_005414 0.618018 111.000000 63.000000 439.000000 294.000000 235 140
2010_005432 0.110150 36.000000 71.000000 487.000000 319.000000 181 87
2010_005474 0.426998 217.000000 187.000000 346.000000 255.000000 330 78
2010_005474 0.963703 259.000000 163.000000 289.000000 185.000000 11 92
2010_005474 0.116803 156.000000 152.000000 199.000000 173.000000 99 134
2010_005483 0.540766 1.000000 1.000000 500.000000 317.000000 277 138
2010_005501 0.208209 137.000000 1.000000 500.000000 206.000000 61 167
2010_005502 0.607371 211.000000 164.000000 273.000000 214.000000 7 108
2010_005542 0.723459 54.000000 142.000000 79.000000 159.000000 169 107
2010_005542 0.425710 56.000000 133.000000 98.000000 153.000000 147 108
2010_005587 0.546746 43.000000 107.000000 399.000000 347.000000 44 63
2010_005718 0.289457 19.000000 197.000000 79.000000 233.000000 46 15
2010_005718 0.499215 1.000000 212.000000 20.000000 251.000000 244 82
2010_005718 0.337877 81.000000 197.000000 146.000000 224.000000 21 13
2010_005733 0.751664 1.000000 114.000000 131.000000 216.000000 121 177
2010_005752 0.511890 2.000000 116.000000 359.000000 466.000000 233 159
2010_005804 0.245762 45.000000 1.000000 500.000000 333.000000 135 159
2010_005817 0.255618 45.000000 115.000000 473.000000 264.000000 59 119
2010_005860 0.298709 124.000000 100.000000 457.000000 268.000000 57 50
2010_005868 0.670118 49.000000 79.000000 425.000000 302.000000 2 41
2010_005907 0.619173 14.000000 10.000000 479.000000 309.000000 353 46
2010_005997 0.301027 273.000000 119.000000 307.000000 151.000000 350 89
2010_006003 0.129771 162.000000 199.000000 220.000000 248.000000 215 98
2010_006003 0.258549 145.000000 227.000000 164.000000 246.000000 199 27
2010_006033 0.718534 1.000000 1.000000 500.000000 306.000000 190 146
2010_006051 0.950717 449.000000 52.000000 487.000000 66.000000 180 161
2010_006051 0.926367 409.000000 58.000000 432.000000 65.000000 166 52
2010_006051 0.213238 414.000000 51.000000 436.000000 62.000000 179 158
2010_006070 0.574103 1.000000 1.000000 153.000000 105.000000 41 22
2011_000007 0.754615 64.000000 198.000000 87.000000 224.000000 168 67
2011_000007 0.929508 340.000000 159.000000 375.000000 181.000000 164 127
2011_000034 0.966189 466.000000 151.000000 500.000000 230.000000 295 7
2011_000076 0.010954 11.000000 129.000000 240.000000 491.000000 320 115
2011_000076 0.399659 22.000000 188.000000 52.000000 214.000000 352 69
2011_000076 0.958893 1.000000 193.000000 17.000000 217.000000 184 99
2011_000086 0.877816 62.000000 124.000000 446.000000 293.000000 308 86
2011_000094 0.307435 89.000000 59.000000 455.000000 289.000000 140 9
2011_000094 0.488134 331.000000 60.000000 500.000000 168.000000 115 83
2011_000094 0.941439 240.000000 63.000000 391.000000 106.000000 254 66
2011_000128 0.909073 244.000000 45.000000 366.000000 78.000000 97 134
2011_000239 0.056683 2.000000 177.000000 52.000000 199.000000 210 163
2011_000239 0.153156 49.000000 175.000000 84.000000 198.000000 200 1
2011_000239 0.535314 55.000000 177.000000 95.000000 196.000000 147 42
2011_000239 0.587061 92.000000 178.000000 103.000000 194.000000 112 128
2011_000248 0.003369 260.000000 94.000000 299.000000 111.000000 86 12
2011_000432 0.616469 150.000000 163.000000 382.000000 332.000000 68 88
2011_000432 0.314181 1.000000 108.000000 128.000000 254.000000 44 24
2011_000503 0.282319 1.000000 250.000000 18.000000 287.000000 32 74
2011_000503 0.654254 12.000000 237.000000 103.000000 313.000000 227 40
2011_000503 0.918360 395.000000 243.000000 491.000000 289.000000 70 17
2011_000503 0.110447 459.000000 272.000000 499.000000 362.000000 201 75
2011_000503 0.236022 262.000000 251.000000 400.000000 306.000000 199 20
2011_000503 0.346442 170.000000 277.000000 495.000000 374.000000 50 59
2011_000559 0.790044 67.000000 153.000000 98.000000 205.000000 334 160
2011_000569 0.396724 130.000000 111.000000 430.000000 307.000000 27 76
2011_000569 0.237895 1.000000 191.000000 119.000000 296.000000 149 175
2011_000658 0.044813 367.000000 303.000000 499.000000 353.000000 39 144
2011_000658 0.960596 196.000000 312.000000 227.000000 350.000000 346 144
2011_000724 0.989042 118.000000 147.000000 419.000000 266.000000 276 109
2011_000785 0.253041 234.000000 81.000000 292.000000 103.000000 203 89
2011_000853 0.710884 1.000000 280.000000 16.000000 340.000000 71 89
2011_000853 0.220165 12.000000 300.000000 34.000000 326.000000 356 60
2011_000853 0.631601 58.000000 296.000000 99.000000 331.000000 124 16
2011_000853 0.426527 135.000000 298.000000 175.000000 332.000000 136 160
2011_000853 0.796930 197.000000 293.000000 230.000000 325.000000 321 40
2011_000887 0.588860 159.000000 145.000000 310.000000 205.000000 309 77
2011_000887 0.593771 45.000000 120.000000 120.000000 190.000000 33 45
2011_000897 0.663293 355.000000 206.000000 499.000000 301.000000 187 165
2011_000900 0.086360 176.000000 94.000000 475.000000 311.000000 180 114
2011_000900 0.323757 438.000000 77.000000 500.000000 126.000000 15 135
2011_000900 0.054361 1.000000 57.000000 162.000000 294.000000 24 166
2011_000900 0.439199 1.000000 26.000000 160.000000 109.000000 24 103
2011_000900 0.238553 137.000000 46.000000 252.000000 140.000000 10 9
2011_000900 0.476414 184.000000 51.000000 359.000000 98.000000 46 113
2011_000900 0.901879 264.000000 52.000000 401.000000 101.000000 40 78
2011_000900 0.980960 324.000000 54.000000 423.000000 104.000000 204 132
2011_000900 0.531594 464.000000 48.000000 500.000000 74.000000 212 91
2011_000901 0.600624 460.000000 127.000000 495.000000 219.000000 218 138
2011_001025 0.646525 1.000000 349.000000 11.000000 375.000000 260 78
2011_001105 0.251690 438.000000 131.000000 500.000000 168.000000 64 158
2011_001105 0.967760 344.000000 128.000000 423.000000 160.000000 128 55
2011_001110 0.693790 277.000000 163.000000 410.000000 231.000000 69 18
2011_001110 0.607055 1.000000 159.000000 233.000000 314.000000 35 36
2011_001110 0.602642 124.000000 157.000000 246.000000 209.000000 255 160
2011_001110 0.784999 223.000000 154.000000 293.000000 180.000000 310 122
2011_001110 0.198611 74.000000 143.000000 125.000000 166.000000 193 1
2011_001110 0.385129 385.000000 164.000000 410.000000 189.000000 158 100
2011_001110 0.766331 1.000000 140.000000 63.000000 162.000000 233 105
2011_001110 0.382675 215.000000 150.000000 259.000000 172.000000 63 91
2011_001110 0.892737 485.000000 169.000000 500.000000 194.000000 352 168
2011_001110 0.909403 363.000000 154.000000 405.000000 173.000000 160 135
2011_001124 0.525121 4.000000 125.000000 145.000000 253.000000 134 21
2011_001124 0.186232 103.000000 134.000000 253.000000 236.000000 123 153
2011_001124 0.084285 357.000000 141.000000 431.000000 193.000000 75 95
2011_001137 0.111076 223.000000 47.000000 360.000000 90.000000 87 114
2011_001190 0.490686 68.000000 266.000000 91.000000 288.000000 219 160
2011_001190 0.954526 46.000000 268.000000 67.000000 284.000000 113 137
2011_001260 0.438182 1.000000 118.000000 103.000000 316.000000 233 87
2011_001260 0.488120 97.000000 135.000000 371.000000 305.000000 67 80
2011_001260 0.620333 350.000000 133.000000 500.000000 253.000000 310 129
2011_001260 0.575589 256.000000 103.000000 354.000000 154.000000 32 20
2011_001260 0.038012 368.000000 124.000000 500.000000 171.000000 166 98
2011_001260 0.481927 364.000000 117.000000 500.000000 167.000000 209 113
2011_001261 0.793496 1.000000 46.000000 46.000000 130.000000 58 136
2011_001261 0.237992 39.000000 62.000000 460.000000 291.000000 105 91
2011_001271 0.066673 1.000000 182.000000 183.000000 274.000000 69 146
2011_001271 0.575090 273.000000 179.000000 320.000000 213.000000 71 175
2011_001271 0.100039 164.000000 187.000000 229.000000 235.000000 210 171
2011_001271 0.214037 283.000000 161.000000 500.000000 256.000000 316 160
2011_001311 0.180344 1.000000 67.000000 107.000000 211.000000 60 116
2011_001311 0.402375 128.000000 83.000000 360.000000 262.000000 42 66
2011_001311 0.546894 477.000000 111.000000 500.000000 214.000000 32 123
2011_001313 0.918991 230.000000 363.000000 292.000000 375.000000 355 38
2011_001313 0.378457 95.000000 361.000000 150.000000 375.000000 239 134
2011_001313 0.883784 25.000000 362.000000 74.000000 375.000000 171 19
2011_001313 0.728216 1.000000 359.000000 31.000000 375.000000 160 120
2011_001406 0.370530 1.000000 364.000000 41.000000 399.000000 103 107
2011_001406 0.992738 1.000000 432.000000 38.000000 500.000000 286 13
2011_001524 0.888948 274.000000 1.000000 382.000000 51.000000 279 1
2011_001524 0.884992 193.000000 1.000000 274.000000 41.000000 311 126
2011_001524 0.083022 119.000000 1.000000 185.000000 39.000000 168 67
2011_001535 0.000070 137.000000 87.000000 176.000000 143.000000 359 157
2011_001535 0.411813 203.000000 90.000000 225.000000 108.000000 245 118
2011_001596 0.452057 328.000000 168.000000 385.000000 196.000000 171 70
2011_001596 0.105805 23.000000 163.000000 79.000000 193.000000 10 77
2011_001596 0.611287 401.000000 178.000000 444.000000 197.000000 16 100
2011_001596 0.726259 377.000000 173.000000 407.000000 196.000000 266 46
2011_001596 0.892770 1.000000 167.000000 29.000000 189.000000 257 91
2011_001596 0.761507 464.000000 176.000000 485.000000 197.000000 281 89
2011_001641 0.117071 1.000000 95.000000 345.000000 413.000000 240 176
2011_001669 0.120151 331.000000 240.000000 359.000000 259.000000 313 102
2011_001747 0.062317 23.000000 160.000000 103.000000 204.000000 349 151
2011_001801 0.626809 25.000000 181.000000 109.000000 238.000000 100 74
2011_001824 0.711500 47.000000 200.000000 115.000000 231.000000 331 75
2011_001982 0.635382 43.000000 117.000000 449.000000 303.000000 350 78
2011_001988 0.142716 133.000000 1.000000 149.000000 12.000000 325 157
2011_002002 0.775029 431.000000 69.000000 472.000000 88.000000 72 112
2011_002021 0.341097 389.000000 138.000000 500.000000 219.000000 89 67
2011_002021 0.745606 418.000000 191.000000 500.000000 351.000000 164 31
2011_002033 0.082094 1.000000 187.000000 373.000000 341.000000 35 160
2011_002064 0.450877 76.000000 86.000000 121.000000 124.000000 281 153
2011_002064 0.759095 133.000000 80.000000 256.000000 130.000000 218 64
2011_002064 0.843171 378.000000 67.000000 500.000000 139.000000 212 110
2011_002174 0.493573 444.000000 313.000000 500.000000 374.000000 165 159
2011_002174 0.721661 340.000000 322.000000 383.000000 359.000000 224 101
2011_002174 0.446353 228.000000 302.000000 321.000000 367.000000 197 141
2011_002174 0.998937 314.000000 314.000000 349.000000 367.000000 328 16
2011_002174 0.142824 365.000000 318.000000 407.000000 351.000000 262 101
2011_002174 0.417380 408.000000 316.000000 431.000000 342.000000 302 131
2011_002174 0.581696 425.000000 320.000000 445.000000 338.000000 98 57
2011_002215 0.210859 1.000000 267.000000 177.000000 374.000000 248 155
2011_002215 0.239700 134.000000 287.000000 270.000000 374.000000 182 77
2011_002215 0.385880 222.000000 277.000000 292.000000 311.000000 273 143
2011_002234 0.278506 15.000000 67.000000 500.000000 333.000000 114 87
2011_002322 0.285456 1.000000 1.000000 339.000000 125.000000 57 71
2011_002366 0.956924 56.000000 48.000000 341.000000 141.000000 87 116
2011_002384 0.568740 305.000000 217.000000 494.000000 316.000000 67 164
2011_002384 0.651579 433.000000 208.000000 500.000000 249.000000 70 127
2011_002536 0.024763 270.000000 270.000000 352.000000 309.000000 119 94
2011_002536 0.107812 113.000000 248.000000 144.000000 276.000000 8 144
2011_002592 0.791494 45.000000 21.000000 473.000000 342.000000 248 140
2011_002629 0.298020 472.000000 194.000000 500.000000 245.000000 255 170
2011_002725 0.656088 59.000000 159.000000 290.000000 312.000000 358 100
2011_002796 0.981518 79.000000 68.000000 167.000000 137.000000 340 40
2011_002796 0.956960 202.000000 69.000000 237.000000 92.000000 61 169
2011_002812 0.268208 1.000000 159.000000 123.000000 223.000000 63 10
2011_002925 0.603759 271.000000 277.000000 317.000000 299.000000 197 140
2011_002925 0.842779 302.000000 356.000000 375.000000 467.000000 114 78
2011_002962 0.514534 422.000000 152.000000 500.000000 238.000000 225 49
2011_002978 0.820068 2.000000 185.000000 104.000000 236.000000 320 31
2011_002978 0.031315 19.000000 196.000000 103.000000 237.000000 65 18
2011_003019 0.888038 116.000000 1.000000 341.000000 61.000000 4 174
2011_003029 0.976621 19.000000 50.000000 500.000000 375.000000 18 121
2011_003055 0.358865 41.000000 54.000000 493.000000 371.000000 79 15
2011_003086 0.451371 18.000000 361.000000 64.000000 371.000000 264 108
2011_003114 0.510080 373.000000 172.000000 402.000000 234.000000 329 1
2011_003167 0.568215 327.000000 292.000000 375.000000 341.000000 52 91
2011_003176 0.340187 285.000000 214.000000 307.000000 229.000000 231 37
2011_003185 0.591190 1.000000 65.000000 500.000000 367.000000 118 111
2011_003269 0.652227 19.000000 347.000000 309.000000 461.000000 248 30
