2008_000021 0.373564 14.000000 148.000000 475.000000 288.000000 333 40
2008_000064 0.180617 1.000000 152.000000 375.000000 461.000000 32 115
2008_000251 0.347438 24.000000 14.000000 410.000000 245.000000 16 130
2008_000251 0.627347 213.000000 53.000000 500.000000 171.000000 238 69
2008_000251 0.800559 88.000000 93.000000 220.000000 166.000000 8 164
2008_000367 0.383306 1.000000 1.000000 500.000000 357.000000 269 146
2008_000804 0.530052 60.000000 98.000000 466.000000 296.000000 222 104
2008_000805 0.451639 44.000000 16.000000 481.000000 307.000000 99 45
2008_001160 0.986104 62.000000 168.000000 94.000000 185.000000 82 145
2008_001227 0.087077 1.000000 132.000000 443.000000 375.000000 11 96
2008_001380 0.066946 66.000000 18.000000 423.000000 155.000000 289 178
2008_001468 0.683839 9.000000 120.000000 500.000000 359.000000 338 3
2008_001546 0.885359 29.000000 41.000000 495.000000 216.000000 282 96
2008_001774 0.137869 219.000000 170.000000 256.000000 203.000000 324 113
2008_001805 0.041820 10.000000 89.000000 500.000000 302.000000 78 33
2008_001971 0.939661 132.000000 125.000000 395.000000 194.000000 38 111
2008_001985 0.984349 187.000000 102.000000 222.000000 114.000000 128 74
2008_001985 0.988302 190.000000 111.000000 225.000000 121.000000 340 122
2008_001985 0.662382 195.000000 119.000000 226.000000 126.000000 276 61
2008_001985 0.680178 154.000000 111.000000 190.000000 122.000000 88 53
2008_001985 0.602638 157.000000 123.000000 193.000000 131.000000 190 74
2008_001985 0.551793 119.000000 125.000000 158.000000 134.000000 270 105
2008_002138 0.082593 1.000000 99.000000 423.000000 241.000000 210 92
2008_002151 0.354534 3.000000 52.000000 500.000000 242.000000 259 179
2008_002358 0.886544 8.000000 87.000000 489.000000 223.000000 350 62
2008_002454 0.217732 1.000000 139.000000 500.000000 333.000000 164 74
2008_002673 0.726104 228.000000 140.000000 440.000000 231.000000 45 56
2008_002673 0.009802 18.000000 132.000000 262.000000 237.000000 282 125
2008_002673 0.770954 435.000000 177.000000 500.000000 213.000000 304 166
2008_002773 0.704340 139.000000 111.000000 189.000000 141.000000 15 68
2008_002773 0.269055 121.000000 87.000000 173.000000 119.000000 263 40
2008_002773 0.623716 148.000000 75.000000 199.000000 106.000000 242 86
2008_002773 0.829643 166.000000 95.000000 219.000000 128.000000 85 32
2008_003155 0.107889 2.000000 112.000000 499.000000 266.000000 276 168
2008_003189 0.489764 3.000000 85.000000 474.000000 291.000000 66 18
2008_003189 0.099090 475.000000 116.000000 500.000000 149.000000 70 161
2008_003369 0.772495 1.000000 104.000000 500.000000 272.000000 16 100
2008_003423 0.338956 1.000000 40.000000 500.000000 275.000000 112 32
2008_003475 0.906364 21.000000 81.000000 127.000000 104.000000 76 92
2008_003475 0.390855 95.000000 107.000000 272.000000 151.000000 226 18
2008_003475 0.431721 151.000000 130.000000 492.000000 220.000000 20 90
2008_003673 0.485652 27.000000 64.000000 497.000000 197.000000 359 146
2008_003673 0.390005 407.000000 150.000000 500.000000 169.000000 322 25
2008_003743 0.713574 93.000000 137.000000 472.000000 298.000000 334 165
2008_003744 0.936027 1.000000 68.000000 500.000000 375.000000 223 62
2008_003876 0.646477 3.000000 112.000000 498.000000 213.000000 45 132
2008_003905 0.749822 7.000000 41.000000 491.000000 261.000000 300 72
2008_003926 0.552262 1.000000 51.000000 489.000000 224.000000 301 58
2008_003976 0.330424 13.000000 90.000000 494.000000 224.000000 352 99
2008_004030 0.756510 135.000000 96.000000 216.000000 151.000000 223 65
2008_004030 0.694743 187.000000 178.000000 266.000000 232.000000 149 89
2008_004030 0.837803 297.000000 196.000000 370.000000 249.000000 350 59
2008_004030 0.031923 113.000000 234.000000 195.000000 291.000000 266 172
2008_004190 0.281502 152.000000 142.000000 309.000000 189.000000 128 119
2008_004348 0.624573 20.000000 79.000000 500.000000 235.000000 83 128
2008_004406 0.047555 53.000000 74.000000 500.000000 266.000000 213 119
2008_004433 0.240905 200.000000 195.000000 258.000000 212.000000 126 81
2008_004605 0.281508 32.000000 52.000000 463.000000 223.000000 257 154
2008_004605 0.836723 450.000000 109.000000 500.000000 188.000000 263 25
2008_004630 0.366157 1.000000 1.000000 500.000000 275.000000 50 106
2008_004646 0.489594 96.000000 1.000000 500.000000 333.000000 290 91
2008_004646 0.449444 1.000000 48.000000 268.000000 134.000000 316 64
2008_004646 0.972958 127.000000 1.000000 369.000000 52.000000 347 8
2008_004646 0.586440 386.000000 116.000000 500.000000 153.000000 68 120
2008_004646 0.620278 1.000000 124.000000 156.000000 309.000000 243 65
2008_004646 0.083874 245.000000 52.000000 358.000000 80.000000 292 3
2008_004646 0.231238 7.000000 19.000000 119.000000 63.000000 351 117
2008_004704 0.268439 3.000000 1.000000 500.000000 322.000000 145 22
2008_004726 0.152234 115.000000 112.000000 454.000000 223.000000 93 60
2008_004771 0.884153 24.000000 72.000000 273.000000 161.000000 125 22
2008_004819 0.399020 1.000000 100.000000 492.000000 272.000000 34 167
2008_004885 0.735966 22.000000 96.000000 375.000000 211.000000 17 62
2008_004935 0.686223 427.000000 163.000000 470.000000 187.000000 286 98
2008_004935 0.303661 224.000000 126.000000 267.000000 149.000000 322 10
2008_004935 0.720166 90.000000 130.000000 133.000000 151.000000 17 35
2008_005057 0.582433 76.000000 140.000000 432.000000 233.000000 260 158
2008_005114 0.800372 6.000000 143.000000 498.000000 319.000000 25 166
2008_005253 0.984776 1.000000 84.000000 500.000000 278.000000 103 98
2008_005338 0.433261 1.000000 83.000000 500.000000 375.000000 258 151
2008_005373 0.269092 18.000000 23.000000 500.000000 238.000000 169 101
2008_005455 0.646810 32.000000 95.000000 464.000000 219.000000 270 91
2008_005538 0.475573 163.000000 49.000000 402.000000 248.000000 111 25
2008_005573 0.780296 412.000000 259.000000 453.000000 281.000000 130 142
2008_005611 0.021556 1.000000 5.000000 500.000000 388.000000 241 24
2008_005611 0.939410 41.000000 133.000000 109.000000 152.000000 202 54
2008_005631 0.800820 79.000000 130.000000 317.000000 198.000000 353 52
2008_005685 0.884017 1.000000 39.000000 500.000000 333.000000 323 108
2008_005750 0.728387 135.000000 326.000000 375.000000 500.000000 340 99
2008_005750 0.446531 1.000000 314.000000 272.000000 500.000000 208 5
2008_005796 0.372313 1.000000 63.000000 500.000000 290.000000 233 94
2008_005889 0.849085 1.000000 84.000000 463.000000 252.000000 337 149
2008_005907 0.872553 24.000000 136.000000 458.000000 260.000000 134 107
2008_006034 0.206776 145.000000 251.000000 180.000000 292.000000 336 120
2008_006109 0.406727 25.000000 128.000000 132.000000 170.000000 235 13
2008_006169 0.810950 1.000000 11.000000 375.000000 472.000000 240 168
2008_006200 0.417047 1.000000 121.000000 419.000000 243.000000 174 136
2008_006200 0.864148 423.000000 154.000000 500.000000 209.000000 350 178
2008_006200 0.246687 351.000000 203.000000 430.000000 225.000000 140 82
2008_006200 0.913712 415.000000 207.000000 450.000000 218.000000 282 159
2008_006269 0.148877 43.000000 238.000000 230.000000 315.000000 201 108
2008_006269 0.205672 131.000000 140.000000 313.000000 211.000000 324 81
2008_006269 0.882486 31.000000 116.000000 207.000000 186.000000 324 137
2008_006394 0.664280 50.000000 124.000000 419.000000 232.000000 103 121
2008_006394 0.275287 435.000000 189.000000 498.000000 205.000000 44 73
2008_006394 0.896199 430.000000 181.000000 495.000000 193.000000 258 51
2008_006463 0.497903 1.000000 82.000000 494.000000 281.000000 298 70
2008_006548 0.609630 1.000000 128.000000 393.000000 217.000000 250 150
2008_006604 0.456425 1.000000 97.000000 500.000000 375.000000 207 59
2008_006621 0.720856 1.000000 84.000000 499.000000 232.000000 257 159
2008_006631 0.438509 17.000000 52.000000 500.000000 335.000000 7 121
2008_006671 0.814682 106.000000 45.000000 500.000000 290.000000 158 21
2008_006671 0.342713 18.000000 159.000000 418.000000 242.000000 117 44
2008_006703 0.561920 58.000000 138.000000 336.000000 226.000000 135 98
2008_006777 0.515367 369.000000 56.000000 500.000000 112.000000 142 72
2008_006777 0.722349 213.000000 50.000000 278.000000 77.000000 237 171
2008_006777 0.134338 17.000000 96.000000 473.000000 271.000000 144 150
2008_006896 0.163898 1.000000 100.000000 497.000000 264.000000 22 15
2008_006951 0.011681 128.000000 102.000000 472.000000 207.000000 117 54
2008_006980 0.146515 316.000000 214.000000 500.000000 306.000000 194 17
2008_007096 0.974222 48.000000 171.000000 468.000000 316.000000 227 155
2008_007096 0.553542 416.000000 132.000000 481.000000 152.000000 206 179
2008_007195 0.430002 101.000000 55.000000 500.000000 298.000000 186 60
2008_007229 0.887739 10.000000 95.000000 439.000000 239.000000 177 13
2008_007229 0.826630 384.000000 146.000000 494.000000 199.000000 23 79
2008_007350 0.818641 37.000000 141.000000 482.000000 263.000000 142 110
2008_007374 0.190785 1.000000 11.000000 484.000000 333.000000 319 168
2008_007409 0.593362 150.000000 112.000000 326.000000 201.000000 93 162
2008_007458 0.819422 169.000000 90.000000 246.000000 181.000000 181 110
2008_007480 0.453893 1.000000 13.000000 485.000000 317.000000 191 36
2008_007480 0.620055 1.000000 123.000000 79.000000 155.000000 154 174
2008_007507 0.346895 163.000000 219.000000 206.000000 276.000000 250 130
2008_007579 0.156495 51.000000 64.000000 500.000000 284.000000 186 100
2008_007618 0.426456 65.000000 91.000000 437.000000 206.000000 202 125
2008_007690 0.360031 96.000000 35.000000 231.000000 87.000000 301 132
2008_007738 0.775555 13.000000 103.000000 421.000000 257.000000 164 70
2008_007764 0.693753 155.000000 99.000000 373.000000 197.000000 264 77
2008_007836 0.705572 231.000000 147.000000 287.000000 215.000000 340 141
2008_007884 0.590905 149.000000 68.000000 408.000000 169.000000 39 70
2008_007970 0.228688 1.000000 49.000000 500.000000 253.000000 165 9
2008_008025 0.863711 41.000000 59.000000 296.000000 156.000000 300 3
2008_008025 0.500211 302.000000 112.000000 436.000000 164.000000 28 120
2008_008044 0.122189 1.000000 83.000000 500.000000 260.000000 78 103
2008_008050 0.055976 1.000000 19.000000 500.000000 338.000000 242 108
2008_008053 0.019621 61.000000 188.000000 89.000000 207.000000 20 27
2008_008053 0.617390 121.000000 204.000000 146.000000 218.000000 157 150
2008_008053 0.097698 169.000000 186.000000 198.000000 200.000000 187 155
2008_008053 0.516997 181.000000 215.000000 205.000000 226.000000 327 19
2008_008053 0.004580 240.000000 207.000000 266.000000 219.000000 52 101
2008_008053 0.916821 246.000000 222.000000 264.000000 233.000000 276 153
2008_008053 0.271422 310.000000 202.000000 331.000000 215.000000 355 91
2008_008053 0.585609 312.000000 174.000000 339.000000 189.000000 36 91
2008_008053 0.661596 355.000000 182.000000 380.000000 196.000000 275 15
2008_008053 0.938558 406.000000 166.000000 433.000000 183.000000 186 31
2008_008086 0.941919 111.000000 234.000000 373.000000 325.000000 213 79
2008_008096 0.839697 9.000000 119.000000 500.000000 299.000000 236 81
2008_008130 0.680066 5.000000 1.000000 488.000000 363.000000 192 100
2008_008146 0.578923 228.000000 114.000000 279.000000 151.000000 132 43
2008_008179 0.112615 310.000000 133.000000 419.000000 167.000000 312 73
2008_008179 0.401387 176.000000 138.000000 311.000000 181.000000 160 54
2008_008179 0.390176 47.000000 144.000000 181.000000 182.000000 300 73
2008_008179 0.260130 30.000000 137.000000 154.000000 175.000000 130 25
2008_008191 0.257283 36.000000 51.000000 295.000000 146.000000 31 77
2008_008231 0.119207 51.000000 79.000000 98.000000 104.000000 107 76
2008_008254 0.243573 96.000000 225.000000 452.000000 341.000000 178 127
2008_008278 0.393883 1.000000 64.000000 500.000000 299.000000 283 13
2008_008278 0.001301 1.000000 8.000000 500.000000 194.000000 1 40
2008_008278 0.268076 74.000000 167.000000 163.000000 192.000000 68 26
2008_008278 0.598886 1.000000 164.000000 91.000000 191.000000 63 25
2008_008359 0.221184 5.000000 89.000000 495.000000 217.000000 324 169
2008_008373 0.523780 6.000000 106.000000 497.000000 224.000000 174 68
2008_008424 0.436327 1.000000 55.000000 500.000000 278.000000 95 12
2008_008446 0.954678 241.000000 78.000000 310.000000 160.000000 63 5
2008_008467 0.762414 57.000000 66.000000 166.000000 101.000000 155 173
2008_008467 0.705951 130.000000 105.000000 235.000000 138.000000 3 122
2008_008467 0.218109 198.000000 144.000000 301.000000 177.000000 232 99
2008_008467 0.370865 261.000000 186.000000 362.000000 216.000000 278 41
2008_008467 0.402434 319.000000 227.000000 415.000000 258.000000 321 154
2008_008501 0.910195 12.000000 30.000000 500.000000 174.000000 114 110
2008_008519 0.332571 17.000000 119.000000 487.000000 250.000000 327 106
2008_008570 0.904355 57.000000 121.000000 488.000000 320.000000 307 80
2008_008765 0.716497 111.000000 114.000000 441.000000 239.000000 12 96
2009_000032 0.187713 59.000000 95.000000 491.000000 216.000000 65 61
2009_000084 0.548566 1.000000 38.000000 500.000000 334.000000 116 73
2009_000205 0.274811 1.000000 103.000000 362.000000 216.000000 18 99
2009_000225 0.154159 28.000000 152.000000 421.000000 238.000000 87 44
2009_000260 0.818714 1.000000 133.000000 485.000000 226.000000 344 168
2009_000387 0.360371 51.000000 128.000000 487.000000 273.000000 262 32
2009_000397 0.316420 41.000000 92.000000 465.000000 227.000000 68 0
2009_000417 0.543062 1.000000 21.000000 492.000000 197.000000 252 113
2009_000440 0.501659 6.000000 115.000000 499.000000 226.000000 158 52
2009_000513 0.576056 11.000000 123.000000 490.000000 222.000000 274 137
2009_000545 0.123220 129.000000 137.000000 356.000000 240.000000 269 116
2009_000545 0.092148 349.000000 180.000000 500.000000 230.000000 182 63
2009_000625 0.672270 280.000000 157.000000 300.000000 185.000000 53 36
2009_000661 0.256785 125.000000 31.000000 190.000000 53.000000 155 125
2009_000661 0.279392 186.000000 56.000000 252.000000 75.000000 4 96
2009_000661 0.392685 1.000000 181.000000 500.000000 377.000000 341 163
2009_000734 0.837171 8.000000 55.000000 484.000000 221.000000 9 121
2009_000817 0.450324 46.000000 80.000000 478.000000 230.000000 350 10
2009_000909 0.719433 1.000000 1.000000 339.000000 332.000000 210 124
2009_001090 0.373848 61.000000 92.000000 389.000000 205.000000 234 131
2009_001195 0.057654 1.000000 1.000000 500.000000 270.000000 209 21
2009_001316 0.594974 5.000000 30.000000 483.000000 297.000000 353 51
2009_001321 0.193040 1.000000 1.000000 500.000000 333.000000 346 33
2009_001321 0.390668 287.000000 267.000000 372.000000 284.000000 123 168
2009_001332 0.397109 13.000000 78.000000 489.000000 219.000000 98 27
2009_001345 0.435041 75.000000 35.000000 500.000000 375.000000 135 24
2009_001387 0.010979 1.000000 66.000000 479.000000 235.000000 33 111
2009_001501 0.235367 22.000000 88.000000 482.000000 262.000000 206 142
2009_001509 0.061401 1.000000 66.000000 486.000000 261.000000 161 102
2009_001509 0.221266 119.000000 1.000000 343.000000 48.000000 179 116
2009_001549 0.846373 1.000000 86.000000 489.000000 245.000000 301 175
2009_001696 0.746617 1.000000 42.000000 483.000000 146.000000 182 50
2009_001696 0.620260 151.000000 42.000000 409.000000 84.000000 85 172
2009_001696 0.090347 1.000000 92.000000 36.000000 112.000000 216 31
2009_001713 0.911067 38.000000 91.000000 380.000000 216.000000 92 155
2009_001850 0.229886 50.000000 73.000000 493.000000 170.000000 252 131
2009_001851 0.403843 38.000000 107.000000 465.000000 264.000000 207 146
2009_001858 0.320941 171.000000 95.000000 227.000000 181.000000 356 16
2009_001905 0.725688 241.000000 148.000000 344.000000 180.000000 184 11
2009_001940 0.829982 52.000000 101.000000 484.000000 257.000000 200 95
2009_002001 0.317833 235.000000 448.000000 346.000000 500.000000 309 142
2009_002011 0.109862 1.000000 17.000000 491.000000 300.000000 163 135
2009_002047 0.524637 55.000000 82.000000 483.000000 236.000000 40 49
2009_002191 0.311860 19.000000 129.000000 469.000000 250.000000 350 128
2009_002199 0.911647 219.000000 30.000000 452.000000 104.000000 105 153
2009_002199 0.088666 33.000000 236.000000 260.000000 322.000000 230 46
2009_002211 0.948109 1.000000 53.000000 476.000000 241.000000 302 105
2009_002272 0.285108 52.000000 68.000000 431.000000 223.000000 22 105
2009_002320 0.442530 192.000000 74.000000 355.000000 186.000000 298 34
2009_002393 0.676871 219.000000 87.000000 345.000000 136.000000 142 149
2009_002432 0.133811 10.000000 60.000000 489.000000 215.000000 75 57
2009_002531 0.169767 48.000000 88.000000 499.000000 193.000000 242 103
2009_002614 0.908102 8.000000 82.000000 416.000000 278.000000 53 86
2009_002680 0.053863 1.000000 61.000000 500.000000 244.000000 199 6
2009_002752 0.382646 1.000000 59.000000 322.000000 162.000000 290 81
2009_002752 0.532350 59.000000 125.000000 463.000000 254.000000 284 66
2009_002765 0.328690 125.000000 112.000000 211.000000 197.000000 256 157
2009_002808 0.075967 2.000000 16.000000 333.000000 457.000000 234 175
2009_002888 0.309136 2.000000 142.000000 213.000000 248.000000 211 74
2009_002888 0.995216 89.000000 96.000000 305.000000 211.000000 95 137
2009_002888 0.195798 183.000000 52.000000 498.000000 186.000000 67 141
2009_002910 0.424227 25.000000 119.000000 487.000000 225.000000 357 144
2009_002910 0.808990 455.000000 136.000000 498.000000 151.000000 262 90
2009_002910 0.590991 357.000000 140.000000 400.000000 161.000000 128 13
2009_002910 0.432368 1.000000 140.000000 82.000000 178.000000 328 35
2009_002941 0.946325 14.000000 46.000000 483.000000 221.000000 270 7
2009_003005 0.183843 17.000000 78.000000 482.000000 225.000000 275 101
2009_003033 0.994243 106.000000 116.000000 433.000000 209.000000 179 93
2009_003044 0.678941 39.000000 38.000000 500.000000 372.000000 308 173
2009_003097 0.479485 194.000000 92.000000 413.000000 167.000000 145 168
2009_003153 0.705077 15.000000 80.000000 489.000000 247.000000 83 71
2009_003199 0.995481 5.000000 96.000000 499.000000 255.000000 201 136
2009_003199 0.963870 373.000000 193.000000 500.000000 240.000000 346 96
2009_003278 0.304349 22.000000 76.000000 500.000000 266.000000 42 9
2009_003372 0.901208 9.000000 62.000000 500.000000 229.000000 209 96
2009_003456 0.542667 1.000000 35.000000 500.000000 270.000000 195 78
2009_003571 0.800921 9.000000 85.000000 490.000000 214.000000 256 3
2009_003635 0.256835 9.000000 59.000000 496.000000 274.000000 51 86
2009_003696 0.169609 13.000000 49.000000 500.000000 224.000000 133 119
2009_003704 0.195072 50.000000 100.000000 473.000000 229.000000 100 36
2009_003805 0.471102 113.000000 153.000000 374.000000 228.000000 118 158
2009_003806 0.968925 29.000000 86.000000 486.000000 214.000000 145 32
2009_003947 0.615325 13.000000 110.000000 497.000000 225.000000 147 152
2009_003950 0.784852 14.000000 110.000000 495.000000 224.000000 136 158
2009_004075 0.898444 1.000000 1.000000 500.000000 333.000000 167 147
2009_004108 0.596647 26.000000 85.000000 465.000000 221.000000 155 60
2009_004203 0.377455 23.000000 113.000000 483.000000 222.000000 325 126
2009_004402 0.542813 109.000000 94.000000 258.000000 334.000000 265 172
2009_004414 0.071235 14.000000 98.000000 478.000000 205.000000 194 56
2009_004414 0.463489 33.000000 147.000000 94.000000 227.000000 66 17
2009_004414 0.642742 1.000000 149.000000 91.000000 187.000000 3 165
2009_004535 0.208470 72.000000 166.000000 382.000000 257.000000 1 5
2009_004548 0.008648 65.000000 158.000000 431.000000 250.000000 164 23
2009_004601 0.780446 9.000000 86.000000 492.000000 221.000000 262 64
2009_004601 0.049213 161.000000 125.000000 231.000000 152.000000 157 79
2009_004653 0.594037 20.000000 159.000000 221.000000 215.000000 18 16
2009_004812 0.857213 35.000000 106.000000 472.000000 272.000000 87 151
2009_004820 0.220310 1.000000 2.000000 500.000000 290.000000 347 88
2009_004917 0.762110 1.000000 93.000000 496.000000 269.000000 81 97
2009_004969 0.639324 54.000000 121.000000 400.000000 279.000000 125 83
2009_004969 0.715635 362.000000 104.000000 414.000000 142.000000 330 29
2009_004969 0.884243 231.000000 108.000000 276.000000 124.000000 208 78
2009_005019 0.633334 7.000000 97.000000 488.000000 210.000000 141 32
2009_005036 0.802965 6.000000 159.000000 489.000000 299.000000 225 59
2009_005111 0.127037 17.000000 69.000000 485.000000 230.000000 360 177
2009_005189 0.607433 21.000000 91.000000 487.000000 214.000000 84 4
2009_005210 0.884077 1.000000 93.000000 500.000000 231.000000 40 73
2009_005215 0.208346 35.000000 78.000000 464.000000 219.000000 197 66
2009_005232 0.124026 14.000000 72.000000 455.000000 324.000000 159 172
2010_000193 0.043390 1.000000 40.000000 499.000000 293.000000 169 154
2010_000196 0.283268 25.000000 1.000000 500.000000 335.000000 249 176
2010_000238 0.909455 258.000000 15.000000 500.000000 280.000000 48 123
2010_000260 0.193434 1.000000 28.000000 500.000000 375.000000 220 162
2010_000295 0.418625 137.000000 131.000000 326.000000 210.000000 272 62
2010_000308 0.624924 2.000000 60.000000 500.000000 290.000000 56 147
2010_000418 0.067223 11.000000 100.000000 489.000000 217.000000 266 145
2010_000541 0.755146 37.000000 17.000000 394.000000 323.000000 342 90
2010_000572 0.156502 59.000000 159.000000 434.000000 235.000000 267 150
2010_000622 0.932183 9.000000 132.000000 360.000000 254.000000 165 111
2010_000802 0.582519 255.000000 127.000000 436.000000 246.000000 301 161
2010_000981 0.034866 59.000000 108.000000 462.000000 241.000000 210 154
2010_001017 0.036382 114.000000 130.000000 342.000000 306.000000 319 73
2010_001024 0.143908 2.000000 101.000000 500.000000 332.000000 269 28
2010_001085 0.324154 1.000000 110.000000 375.000000 423.000000 218 46
2010_001174 0.386191 13.000000 92.000000 495.000000 241.000000 145 73
2010_001214 0.188092 330.000000 145.000000 381.000000 163.000000 220 30
2010_001294 0.769597 7.000000 63.000000 487.000000 217.000000 34 58
2010_001294 0.692818 129.000000 189.000000 191.000000 210.000000 84 133
2010_001426 0.293368 28.000000 47.000000 480.000000 234.000000 297 149
2010_001448 0.325299 136.000000 17.000000 440.000000 330.000000 111 94
2010_001505 0.556998 1.000000 41.000000 500.000000 306.000000 299 146
2010_001652 0.233653 77.000000 96.000000 475.000000 231.000000 95 123
2010_001836 0.538601 257.000000 157.000000 348.000000 180.000000 164 69
2010_001950 0.980455 58.000000 77.000000 446.000000 230.000000 357 136
2010_002019 0.051436 56.000000 106.000000 433.000000 227.000000 85 95
2010_002085 0.857169 1.000000 107.000000 500.000000 374.000000 272 108
2010_002147 0.409515 22.000000 17.000000 490.000000 289.000000 356 167
2010_002200 0.207731 81.000000 100.000000 414.000000 212.000000 0 97
2010_002200 0.095949 125.000000 147.000000 251.000000 209.000000 79 59
2010_002229 0.543299 166.000000 30.000000 202.000000 60.000000 269 135
2010_002229 0.552572 205.000000 59.000000 229.000000 90.000000 122 150
2010_002229 0.356504 139.000000 38.000000 313.000000 333.000000 345 161
2010_002289 0.622803 19.000000 126.000000 296.000000 220.000000 197 62
2010_002310 0.125536 62.000000 139.000000 445.000000 268.000000 287 134
2010_002357 0.414429 82.000000 85.000000 455.000000 215.000000 296 5
2010_002460 0.367286 225.000000 205.000000 352.000000 250.000000 263 141
2010_002542 0.242603 3.000000 108.000000 493.000000 217.000000 268 161
2010_002579 0.350014 72.000000 161.000000 292.000000 247.000000 47 41
2010_002579 0.051314 56.000000 212.000000 109.000000 232.000000 103 167
2010_002638 0.838406 22.000000 81.000000 500.000000 260.000000 213 29
2010_002638 0.999329 299.000000 166.000000 473.000000 197.000000 60 90
2010_002695 0.213661 1.000000 38.000000 500.000000 299.000000 128 8
2010_002695 0.229603 311.000000 163.000000 390.000000 181.000000 143 60
2010_002695 0.962114 1.000000 106.000000 121.000000 202.000000 337 123
2010_002827 0.005834 15.000000 14.000000 500.000000 143.000000 158 169
2010_002939 0.232982 1.000000 41.000000 497.000000 182.000000 220 144
2010_002954 0.826450 8.000000 110.000000 493.000000 254.000000 336 137
2010_003051 0.329041 84.000000 127.000000 492.000000 257.000000 206 143
2010_003054 0.584523 162.000000 47.000000 342.000000 116.000000 80 56
2010_003127 0.402554 13.000000 133.000000 227.000000 208.000000 299 52
2010_003127 0.991188 299.000000 167.000000 403.000000 205.000000 310 111
2010_003127 0.675862 398.000000 165.000000 495.000000 201.000000 73 149
2010_003127 0.399075 395.000000 164.000000 445.000000 198.000000 90 86
2010_003127 0.105069 242.000000 169.000000 321.000000 203.000000 216 144
2010_003127 0.354506 225.000000 171.000000 253.000000 194.000000 296 151
2010_003132 0.700825 2.000000 63.000000 500.000000 298.000000 155 103
2010_003279 0.389129 21.000000 71.000000 482.000000 184.000000 267 136
2010_003361 0.572971 1.000000 55.000000 500.000000 273.000000 155 172
2010_003361 0.622324 184.000000 141.000000 225.000000 173.000000 306 50
2010_003365 0.085903 1.000000 36.000000 500.000000 248.000000 212 173
2010_003458 0.090166 64.000000 60.000000 467.000000 358.000000 180 94
2010_003495 0.438990 80.000000 10.000000 441.000000 289.000000 326 159
2010_003496 0.619816 1.000000 105.000000 278.000000 194.000000 281 27
2010_003496 0.844000 1.000000 27.000000 500.000000 332.000000 94 80
2010_003559 0.483295 99.000000 148.000000 461.000000 266.000000 71 55
2010_003559 0.987488 1.000000 181.000000 54.000000 204.000000 122 144
2010_003559 0.702237 45.000000 181.000000 80.000000 194.000000 57 43
2010_003559 0.972306 119.000000 177.000000 151.000000 190.000000 135 175
2010_003655 0.401883 1.000000 1.000000 500.000000 236.000000 232 155
2010_003716 0.559477 1.000000 102.000000 500.000000 229.000000 227 177
2010_003723 0.484039 64.000000 52.000000 462.000000 259.000000 336 130
2010_003801 0.198737 1.000000 103.000000 464.000000 304.000000 230 160
2010_003801 0.402352 167.000000 1.000000 500.000000 203.000000 142 179
2010_003801 0.995382 320.000000 1.000000 500.000000 117.000000 237 162
2010_003915 0.036114 215.000000 134.000000 382.000000 282.000000 235 20
2010_003933 0.961965 4.000000 67.000000 500.000000 284.000000 223 102
2010_003983 0.523313 1.000000 12.000000 473.000000 375.000000 269 119
2010_003983 0.540204 412.000000 107.000000 500.000000 203.000000 94 173
2010_004010 0.519716 1.000000 79.000000 485.000000 304.000000 11 125
2010_004063 0.330202 128.000000 137.000000 406.000000 275.000000 21 160
2010_004184 0.310923 8.000000 102.000000 491.000000 214.000000 83 21
2010_004238 0.066160 78.000000 68.000000 444.000000 180.000000 82 117
2010_004238 0.880066 27.000000 106.000000 100.000000 154.000000 99 51
2010_004312 0.603296 2.000000 121.000000 497.000000 274.000000 160 136
2010_004314 0.978564 94.000000 126.000000 438.000000 248.000000 282 21
2010_004314 0.466202 8.000000 154.000000 189.000000 218.000000 305 9
2010_004404 0.230299 67.000000 125.000000 277.000000 383.000000 117 113
2010_004419 0.599879 1.000000 144.000000 486.000000 318.000000 209 109
2010_004455 0.513815 32.000000 127.000000 486.000000 238.000000 161 6
2010_004557 0.459876 154.000000 56.000000 493.000000 167.000000 147 19
2010_004608 0.805404 186.000000 138.000000 271.000000 166.000000 162 99
2010_004748 0.052192 156.000000 64.000000 344.000000 256.000000 252 157
2010_004817 0.958534 1.000000 225.000000 245.000000 310.000000 79 83
2010_004917 0.333428 299.000000 190.000000 377.000000 268.000000 284 81
2010_004998 0.506795 32.000000 123.000000 444.000000 269.000000 21 133
2010_005059 0.168690 167.000000 148.000000 315.000000 243.000000 72 77
2010_005167 0.941818 36.000000 133.000000 260.000000 258.000000 271 66
2010_005184 0.626591 53.000000 120.000000 350.000000 242.000000 6 149
2010_005224 0.726630 135.000000 24.000000 188.000000 61.000000 194 117
2010_005224 0.014362 31.000000 241.000000 275.000000 325.000000 34 158
2010_005268 0.926294 36.000000 34.000000 455.000000 275.000000 106 32
2010_005382 0.637151 38.000000 53.000000 485.000000 190.000000 25 105
2010_005534 0.055953 168.000000 107.000000 477.000000 231.000000 234 156
2010_005632 0.694351 50.000000 120.000000 402.000000 237.000000 294 95
2010_005718 0.702520 80.000000 128.000000 498.000000 246.000000 76 98
2010_005761 0.085398 204.000000 135.000000 327.000000 185.000000 344 80
2010_005877 0.796179 115.000000 96.000000 446.000000 202.000000 21 113
2010_005888 0.946817 126.000000 136.000000 281.000000 280.000000 249 62
2010_005953 0.073596 46.000000 89.000000 397.000000 211.000000 187 172
2010_005953 0.914188 136.000000 235.000000 500.000000 332.000000 75 140
2010_005998 0.151846 109.000000 198.000000 498.000000 299.000000 282 53
2010_006032 0.270832 1.000000 1.000000 500.000000 334.000000 305 141
2010_006034 0.829562 1.000000 83.000000 499.000000 272.000000 82 58
2010_006082 0.571830 132.000000 118.000000 500.000000 259.000000 296 103
2011_000103 0.796258 13.000000 99.000000 492.000000 229.000000 103 126
2011_000129 0.465662 117.000000 165.000000 214.000000 194.000000 159 80
2011_000129 0.903665 247.000000 140.000000 342.000000 173.000000 100 122
2011_000129 0.260512 366.000000 129.000000 473.000000 156.000000 327 134
2011_000163 0.123501 164.000000 70.000000 335.000000 168.000000 248 24
2011_000276 0.585044 1.000000 39.000000 500.000000 313.000000 69 26
2011_000481 0.722903 188.000000 85.000000 302.000000 211.000000 26 148
2011_000592 0.654883 26.000000 84.000000 456.000000 241.000000 333 89
2011_000656 0.282205 8.000000 51.000000 471.000000 231.000000 320 97
2011_000807 0.326245 49.000000 83.000000 204.000000 134.000000 351 7
2011_000872 0.309150 109.000000 84.000000 364.000000 247.000000 350 66
2011_000874 0.135478 7.000000 87.000000 494.000000 198.000000 44 165
2011_001044 0.499649 113.000000 125.000000 431.000000 217.000000 120 162
2011_001081 0.698254 1.000000 10.000000 487.000000 320.000000 222 105
2011_001081 0.032073 310.000000 86.000000 343.000000 99.000000 11 95
2011_001081 0.846711 343.000000 90.000000 369.000000 96.000000 298 61
2011_001081 0.937677 369.000000 90.000000 386.000000 97.000000 89 105
2011_001081 0.020618 385.000000 89.000000 407.000000 98.000000 17 10
2011_001081 0.114030 409.000000 93.000000 420.000000 97.000000 245 108
2011_001081 0.070214 417.000000 90.000000 441.000000 98.000000 287 111
2011_001114 0.788891 79.000000 123.000000 440.000000 208.000000 25 24
2011_001158 0.243648 1.000000 281.000000 94.000000 348.000000 33 43
2011_001158 0.698200 312.000000 322.000000 375.000000 348.000000 38 155
2011_001158 0.516271 1.000000 40.000000 375.000000 315.000000 264 117
2011_001263 0.117565 185.000000 39.000000 392.000000 105.000000 117 119
2011_001263 0.964292 31.000000 270.000000 128.000000 305.000000 53 4
2011_001263 0.467410 373.000000 282.000000 416.000000 300.000000 349 22
2011_001315 0.754537 16.000000 129.000000 492.000000 289.000000 236 52
2011_001407 0.267194 12.000000 95.000000 491.000000 231.000000 201 77
2011_001434 0.728444 1.000000 7.000000 500.000000 321.000000 271 162
2011_001489 0.255427 148.000000 195.000000 196.000000 210.000000 146 169
2011_001541 0.267748 23.000000 105.000000 202.000000 174.000000 192 172
2011_001541 0.068582 162.000000 98.000000 475.000000 207.000000 90 167
2011_001624 0.203299 115.000000 148.000000 353.000000 223.000000 108 106
2011_001699 0.501701 40.000000 84.000000 449.000000 253.000000 229 144
2011_001800 0.233374 68.000000 109.000000 240.000000 162.000000 234 143
2011_001824 0.515766 48.000000 109.000000 500.000000 232.000000 216 20
2011_001824 0.498228 239.000000 223.000000 500.000000 333.000000 302 166
2011_001824 0.917299 274.000000 153.000000 321.000000 168.000000 100 117
2011_001824 0.197279 25.000000 177.000000 66.000000 195.000000 184 175
2011_001824 0.396419 64.000000 178.000000 104.000000 194.000000 40 54
2011_001858 0.693843 18.000000 107.000000 498.000000 347.000000 151 56
2011_001880 0.295181 324.000000 1.000000 500.000000 169.000000 33 72
2011_001880 0.593828 83.000000 114.000000 500.000000 300.000000 110 19
2011_001962 0.000659 91.000000 147.000000 442.000000 259.000000 102 28
2011_002091 0.870902 3.000000 64.000000 383.000000 245.000000 102 99
2011_002132 0.130974 125.000000 107.000000 357.000000 242.000000 15 163
2011_002193 0.917880 127.000000 72.000000 447.000000 190.000000 300 144
2011_002248 0.404958 1.000000 1.000000 500.000000 324.000000 49 91
2011_002269 0.606218 68.000000 9.000000 396.000000 352.000000 62 104
2011_002327 0.989186 1.000000 26.000000 500.000000 260.000000 77 94
2011_002380 0.411422 1.000000 154.000000 499.000000 314.000000 176 125
2011_002494 0.801442 72.000000 53.000000 500.000000 268.000000 13 53
2011_002515 0.511106 113.000000 75.000000 415.000000 237.000000 125 15
2011_002605 0.524740 115.000000 105.000000 285.000000 184.000000 132 133
2011_002605 0.189471 359.000000 135.000000 431.000000 159.000000 290 147
2011_002605 0.637898 423.000000 141.000000 455.000000 156.000000 45 148
2011_002617 0.515375 71.000000 61.000000 481.000000 320.000000 6 161
2011_002675 0.760436 45.000000 62.000000 445.000000 343.000000 196 109
2011_002675 0.084649 416.000000 114.000000 500.000000 172.000000 308 69
2011_002675 0.839750 401.000000 89.000000 494.000000 139.000000 264 60
2011_002751 0.176519 1.000000 1.000000 499.000000 271.000000 134 149
2011_002929 0.044079 6.000000 129.000000 433.000000 233.000000 47 158
2011_002992 0.437172 1.000000 15.000000 472.000000 335.000000 247 132
2011_002993 0.398993 55.000000 189.000000 112.000000 234.000000 137 176
2011_003012 0.326034 351.000000 34.000000 414.000000 68.000000 158 28
2011_003012 0.247024 289.000000 41.000000 350.000000 66.000000 113 161
2011_003012 0.708011 110.000000 16.000000 500.000000 375.000000 112 74
2011_003111 0.083156 1.000000 105.000000 500.000000 333.000000 52 157
2011_003176 0.753201 399.000000 175.000000 482.000000 225.000000 166 5
2011_003176 0.679905 363.000000 151.000000 454.000000 214.000000 252 39
2011_003176 0.558565 312.000000 186.000000 448.000000 218.000000 201 153
2011_003176 0.358128 31.000000 78.000000 472.000000 231.000000 325 76
2011_003275 0.929169 42.000000 50.000000 448.000000 282.000000 176 46
