2008_000032 0.547696 6.000000 118.000000 489.000000 274.000000 157 120
2008_000075 0.380696 14.000000 73.000000 500.000000 257.000000 219 155
2008_000982 0.058124 144.000000 70.000000 407.000000 278.000000 270 28
2008_001681 0.377548 188.000000 244.000000 219.000000 263.000000 122 147
2008_001820 0.338236 253.000000 45.000000 500.000000 321.000000 350 109
2008_001820 0.850706 1.000000 18.000000 256.000000 329.000000 334 162
2008_002179 0.779947 41.000000 97.000000 355.000000 333.000000 92 51
2008_002205 0.967668 1.000000 62.000000 453.000000 319.000000 253 89
2008_002412 0.490579 25.000000 157.000000 486.000000 333.000000 171 179
2008_002451 0.388084 336.000000 100.000000 500.000000 238.000000 181 138
2008_003067 0.758506 120.000000 189.000000 288.000000 472.000000 163 24
2008_003067 0.798058 297.000000 344.000000 327.000000 389.000000 203 117
2008_003141 0.904729 100.000000 32.000000 438.000000 314.000000 79 154
2008_003673 0.339446 283.000000 186.000000 355.000000 216.000000 105 131
2008_003777 0.664018 140.000000 1.000000 432.000000 288.000000 98 31
2008_003777 0.267362 80.000000 112.000000 142.000000 223.000000 193 149
2008_003777 0.475655 65.000000 153.000000 90.000000 193.000000 63 78
2008_003777 0.051356 56.000000 161.000000 63.000000 184.000000 283 24
2008_003777 0.136195 48.000000 165.000000 57.000000 182.000000 226 5
2008_003924 0.542582 92.000000 47.000000 433.000000 295.000000 250 93
2008_003924 0.501867 372.000000 95.000000 459.000000 218.000000 291 143
2008_003924 0.886598 480.000000 89.000000 500.000000 217.000000 100 22
2008_003924 0.638128 1.000000 82.000000 236.000000 262.000000 349 170
2008_004088 0.182451 154.000000 27.000000 438.000000 500.000000 33 13
2008_004613 0.144159 29.000000 12.000000 477.000000 304.000000 11 130
2008_004614 0.566253 111.000000 259.000000 252.000000 298.000000 229 142
2008_004614 0.304881 1.000000 262.000000 83.000000 288.000000 136 148
2008_004794 0.503736 90.000000 241.000000 192.000000 279.000000 115 141
2008_004866 0.162950 9.000000 7.000000 271.000000 284.000000 94 132
2008_004968 0.083609 99.000000 258.000000 131.000000 284.000000 332 40
2008_004968 0.817677 128.000000 261.000000 145.000000 280.000000 27 139
2008_005139 0.961195 133.000000 1.000000 277.000000 86.000000 267 136
2008_005277 0.422568 233.000000 173.000000 375.000000 498.000000 168 142
2008_005360 0.981268 31.000000 11.000000 461.000000 332.000000 340 0
2008_005360 0.557503 289.000000 51.000000 480.000000 263.000000 205 62
2008_005676 0.665256 25.000000 176.000000 212.000000 237.000000 108 29
2008_005720 0.348624 1.000000 345.000000 120.000000 374.000000 246 143
2008_005720 0.328633 120.000000 347.000000 140.000000 374.000000 90 62
2008_005720 0.288239 138.000000 355.000000 176.000000 374.000000 334 136
2008_005933 0.846152 183.000000 94.000000 364.000000 144.000000 218 138
2008_005933 0.068536 1.000000 95.000000 103.000000 148.000000 325 107
2008_005984 0.414218 21.000000 34.000000 497.000000 357.000000 78 156
2008_006359 0.247886 1.000000 10.000000 416.000000 375.000000 238 141
2008_006530 0.006913 1.000000 1.000000 500.000000 375.000000 200 41
2008_006554 0.393103 62.000000 79.000000 369.000000 278.000000 276 4
2008_006635 0.662279 180.000000 108.000000 376.000000 250.000000 91 37
2008_007056 0.746423 114.000000 264.000000 410.000000 375.000000 329 1
2008_007133 0.974574 1.000000 227.000000 63.000000 322.000000 288 163
2008_007352 0.821975 185.000000 96.000000 317.000000 269.000000 43 93
2008_007488 0.946926 43.000000 60.000000 419.000000 298.000000 229 172
2008_007635 0.437535 1.000000 1.000000 500.000000 361.000000 348 12
2008_007797 0.134585 58.000000 108.000000 375.000000 413.000000 116 24
2008_007804 0.944257 86.000000 181.000000 138.000000 217.000000 290 94
2008_007872 0.371188 420.000000 72.000000 500.000000 375.000000 356 74
2008_007931 0.266221 1.000000 1.000000 500.000000 338.000000 82 80
2008_008066 0.259623 35.000000 16.000000 340.000000 465.000000 165 78
2008_008113 0.506861 132.000000 94.000000 466.000000 289.000000 48 75
2008_008120 0.443094 18.000000 29.000000 471.000000 324.000000 117 123
2008_008120 0.815556 433.000000 134.000000 500.000000 217.000000 157 143
2008_008120 0.501267 411.000000 139.000000 435.000000 188.000000 271 142
2008_008234 0.097989 74.000000 17.000000 488.000000 375.000000 200 114
2008_008252 0.304960 38.000000 79.000000 348.000000 373.000000 88 111
2008_008301 0.039506 1.000000 93.000000 500.000000 253.000000 276 48
2008_008469 0.969074 1.000000 1.000000 352.000000 397.000000 107 100
2008_008598 0.559029 455.000000 131.000000 500.000000 197.000000 248 129
2008_008598 0.393099 1.000000 12.000000 456.000000 287.000000 192 158
2008_008679 0.757273 244.000000 242.000000 273.000000 279.000000 165 37
2008_008682 0.700998 234.000000 194.000000 405.000000 354.000000 197 64
2008_008682 0.597302 137.000000 222.000000 253.000000 337.000000 39 1
2008_008682 0.909952 58.000000 218.000000 166.000000 321.000000 237 104
2008_008682 0.259623 1.000000 213.000000 89.000000 317.000000 229 95
2008_008683 0.164291 112.000000 113.000000 236.000000 322.000000 18 132
2008_008683 0.547096 1.000000 147.000000 115.000000 287.000000 101 47
2008_008684 0.869606 213.000000 171.000000 295.000000 260.000000 195 142
2008_008684 0.180468 287.000000 170.000000 359.000000 239.000000 284 174
2008_008705 0.240646 240.000000 114.000000 484.000000 286.000000 335 8
2008_008705 0.904813 7.000000 149.000000 209.000000 246.000000 3 121
2009_000060 0.502367 98.000000 23.000000 476.000000 329.000000 206 28
2009_000089 0.324196 59.000000 59.000000 462.000000 287.000000 204 34
2009_000097 0.142282 185.000000 128.000000 408.000000 215.000000 258 100
2009_000199 0.576742 103.000000 117.000000 454.000000 284.000000 137 71
2009_000335 0.932196 112.000000 47.000000 384.000000 269.000000 7 104
2009_000335 0.970523 1.000000 113.000000 145.000000 259.000000 38 132
2009_000426 0.302752 1.000000 68.000000 241.000000 250.000000 219 130
2009_000426 0.385352 231.000000 95.000000 453.000000 242.000000 165 9
2009_000455 0.816713 212.000000 120.000000 353.000000 280.000000 130 52
2009_000519 0.790173 414.000000 181.000000 500.000000 249.000000 162 145
2009_000519 0.054931 134.000000 169.000000 394.000000 273.000000 102 12
2009_000519 0.905531 84.000000 184.000000 137.000000 240.000000 230 76
2009_000558 0.539999 6.000000 109.000000 375.000000 429.000000 150 28
2009_000558 0.394657 279.000000 142.000000 375.000000 356.000000 337 119
2009_000568 0.945056 24.000000 44.000000 471.000000 227.000000 93 153
2009_000568 0.181582 470.000000 129.000000 495.000000 145.000000 136 12
2009_000648 0.291448 121.000000 101.000000 389.000000 231.000000 207 33
2009_000886 0.318166 100.000000 110.000000 380.000000 257.000000 166 62
2009_000960 0.027752 103.000000 57.000000 499.000000 322.000000 166 42
2009_001044 0.802663 75.000000 107.000000 463.000000 295.000000 237 29
2009_001082 0.746015 261.000000 85.000000 500.000000 354.000000 147 59
2009_001082 0.117545 9.000000 13.000000 294.000000 339.000000 269 31
2009_001083 0.841890 27.000000 124.000000 92.000000 202.000000 63 113
2009_001083 0.714305 381.000000 112.000000 500.000000 216.000000 184 30
2009_001083 0.870961 92.000000 72.000000 320.000000 294.000000 327 39
2009_001113 0.859302 25.000000 27.000000 401.000000 266.000000 76 151
2009_001148 0.889883 39.000000 31.000000 460.000000 323.000000 188 86
2009_001148 0.620798 403.000000 32.000000 500.000000 278.000000 23 92
2009_001326 0.021872 72.000000 70.000000 437.000000 307.000000 264 41
2009_001326 0.969765 347.000000 141.000000 479.000000 231.000000 50 139
2009_001326 0.326393 59.000000 168.000000 75.000000 233.000000 139 179
2009_001366 0.562636 14.000000 44.000000 496.000000 334.000000 49 69
2009_001633 0.314993 20.000000 16.000000 346.000000 497.000000 228 97
2009_001633 0.136951 304.000000 153.000000 375.000000 386.000000 57 27
2009_001675 0.113271 63.000000 27.000000 456.000000 374.000000 256 84
2009_001707 0.803668 116.000000 30.000000 472.000000 352.000000 252 32
2009_001752 0.207845 77.000000 70.000000 382.000000 223.000000 185 99
2009_001778 0.571023 440.000000 113.000000 488.000000 139.000000 282 95
2009_001804 0.073138 84.000000 98.000000 454.000000 312.000000 152 130
2009_001804 0.448801 37.000000 159.000000 63.000000 200.000000 214 155
2009_001811 0.607440 152.000000 122.000000 394.000000 268.000000 235 55
2009_001816 0.796169 16.000000 66.000000 411.000000 295.000000 100 144
2009_001822 0.456883 32.000000 1.000000 444.000000 333.000000 343 80
2009_001854 0.031200 83.000000 20.000000 386.000000 310.000000 216 152
2009_001854 0.947922 1.000000 68.000000 92.000000 275.000000 67 170
2009_001967 0.928879 40.000000 36.000000 404.000000 301.000000 163 146
2009_002128 0.405696 151.000000 52.000000 421.000000 287.000000 242 67
2009_002238 0.465070 1.000000 12.000000 403.000000 409.000000 158 122
2009_002398 0.339021 11.000000 12.000000 477.000000 340.000000 343 64
2009_002398 0.749284 1.000000 126.000000 60.000000 251.000000 323 98
2009_002436 0.074749 31.000000 12.000000 447.000000 301.000000 45 82
2009_002457 0.918951 30.000000 31.000000 434.000000 305.000000 239 127
2009_002512 0.853724 403.000000 114.000000 500.000000 242.000000 238 124
2009_002512 0.806104 138.000000 23.000000 407.000000 304.000000 168 83
2009_002517 0.025673 20.000000 73.000000 457.000000 289.000000 297 34
2009_002532 0.171419 70.000000 118.000000 357.000000 317.000000 20 26
2009_002535 0.472332 107.000000 73.000000 390.000000 280.000000 225 5
2009_002566 0.236064 109.000000 39.000000 429.000000 269.000000 244 21
2009_002566 0.323706 28.000000 48.000000 113.000000 189.000000 104 31
2009_002570 0.775626 1.000000 64.000000 89.000000 224.000000 288 54
2009_002570 0.730647 86.000000 100.000000 191.000000 222.000000 199 100
2009_002570 0.138167 198.000000 98.000000 280.000000 206.000000 279 162
2009_002570 0.028974 285.000000 106.000000 351.000000 206.000000 286 34
2009_002570 0.128311 359.000000 110.000000 429.000000 213.000000 46 24
2009_002876 0.942679 40.000000 63.000000 463.000000 356.000000 337 49
2009_002876 0.367073 446.000000 93.000000 500.000000 236.000000 230 157
2009_003018 0.545649 26.000000 61.000000 449.000000 280.000000 85 34
2009_003276 0.015549 56.000000 157.000000 327.000000 281.000000 92 55
2009_003304 0.849848 47.000000 52.000000 454.000000 292.000000 211 173
2009_003422 0.359291 28.000000 12.000000 482.000000 303.000000 3 114
2009_003491 0.416421 30.000000 39.000000 367.000000 250.000000 41 97
2009_003491 0.149396 365.000000 87.000000 451.000000 172.000000 186 160
2009_003491 0.381030 449.000000 97.000000 497.000000 150.000000 156 11
2009_003566 0.667190 73.000000 139.000000 407.000000 298.000000 260 17
2009_003592 0.151852 5.000000 126.000000 466.000000 288.000000 107 108
2009_003669 0.229023 116.000000 157.000000 270.000000 313.000000 157 2
2009_003669 0.215085 269.000000 193.000000 425.000000 303.000000 95 92
2009_003669 0.413619 334.000000 222.000000 500.000000 316.000000 125 135
2009_003703 0.474484 75.000000 80.000000 496.000000 324.000000 20 70
2009_003703 0.821790 37.000000 133.000000 117.000000 278.000000 297 55
2009_003710 0.260014 64.000000 39.000000 373.000000 310.000000 204 10
2009_003781 0.198651 75.000000 79.000000 380.000000 269.000000 212 86
2009_003821 0.617310 223.000000 286.000000 246.000000 308.000000 86 140
2009_003916 0.401506 10.000000 28.000000 488.000000 326.000000 52 129
2009_003969 0.401211 89.000000 114.000000 166.000000 176.000000 166 127
2009_003969 0.591068 164.000000 116.000000 320.000000 180.000000 5 13
2009_004040 0.094893 426.000000 116.000000 500.000000 203.000000 161 167
2009_004040 0.111678 350.000000 116.000000 439.000000 197.000000 135 98
2009_004040 0.905412 280.000000 115.000000 362.000000 188.000000 326 114
2009_004040 0.316478 1.000000 34.000000 22.000000 266.000000 227 3
2009_004040 0.060709 23.000000 122.000000 33.000000 204.000000 40 113
2009_004040 0.305546 42.000000 129.000000 59.000000 192.000000 243 86
2009_004040 0.813611 59.000000 36.000000 441.000000 327.000000 186 127
2009_004052 0.344977 49.000000 36.000000 440.000000 302.000000 114 56
2009_004072 0.761779 59.000000 30.000000 500.000000 375.000000 240 155
2009_004197 0.172790 68.000000 194.000000 336.000000 283.000000 315 157
2009_004197 0.770207 333.000000 209.000000 451.000000 262.000000 306 173
2009_004197 0.646792 1.000000 205.000000 75.000000 259.000000 315 12
2009_004258 0.879751 67.000000 46.000000 465.000000 285.000000 117 115
2009_004350 0.168087 70.000000 141.000000 382.000000 321.000000 135 138
2009_004440 0.713914 300.000000 59.000000 481.000000 270.000000 187 113
2009_004440 0.916004 20.000000 92.000000 159.000000 261.000000 110 47
2009_004567 0.627697 91.000000 138.000000 420.000000 256.000000 221 17
2009_004590 0.864501 1.000000 84.000000 65.000000 210.000000 69 140
2009_004590 0.765467 122.000000 37.000000 399.000000 263.000000 120 24
2009_004670 0.200075 20.000000 60.000000 478.000000 276.000000 115 45
2009_004732 0.403812 70.000000 65.000000 416.000000 296.000000 25 99
2009_004732 0.384786 370.000000 96.000000 449.000000 272.000000 270 88
2009_004789 0.543873 77.000000 73.000000 500.000000 347.000000 22 38
2009_004789 0.056290 12.000000 78.000000 232.000000 323.000000 148 162
2009_004789 0.134061 1.000000 75.000000 88.000000 313.000000 160 97
2009_004867 0.198017 53.000000 59.000000 461.000000 321.000000 195 154
2009_004947 0.661074 43.000000 55.000000 353.000000 283.000000 56 11
2009_005060 0.973824 84.000000 52.000000 492.000000 285.000000 7 52
2009_005231 0.682116 92.000000 170.000000 273.000000 244.000000 275 44
2009_005231 0.857015 1.000000 181.000000 97.000000 226.000000 50 113
2009_005279 0.486310 215.000000 149.000000 362.000000 285.000000 324 63
2009_005279 0.460884 6.000000 126.000000 202.000000 300.000000 245 127
2010_000069 0.076204 47.000000 6.000000 463.000000 341.000000 131 50
2010_000376 0.398749 50.000000 108.000000 387.000000 281.000000 160 30
2010_000524 0.914142 65.000000 72.000000 412.000000 290.000000 331 92
2010_000573 0.096434 101.000000 61.000000 448.000000 346.000000 33 179
2010_000603 0.602400 103.000000 65.000000 432.000000 295.000000 113 141
2010_000682 0.133173 94.000000 35.000000 339.000000 211.000000 168 54
2010_000689 0.317104 109.000000 1.000000 395.000000 223.000000 106 30
2010_000689 0.971593 245.000000 1.000000 500.000000 333.000000 40 150
2010_000726 0.039014 52.000000 44.000000 376.000000 440.000000 79 127
2010_000726 0.037202 391.000000 38.000000 454.000000 442.000000 222 120
2010_000726 0.862405 1.000000 105.000000 62.000000 410.000000 1 26
2010_000797 0.522221 374.000000 180.000000 500.000000 232.000000 99 96
2010_000797 0.413417 58.000000 169.000000 250.000000 234.000000 204 60
2010_000947 0.057739 288.000000 78.000000 463.000000 294.000000 149 177
2010_000947 0.594185 56.000000 144.000000 293.000000 285.000000 143 142
2010_001204 0.093127 8.000000 150.000000 121.000000 332.000000 111 162
2010_001206 0.657432 64.000000 83.000000 410.000000 248.000000 115 160
2010_001364 0.141244 1.000000 62.000000 306.000000 354.000000 246 85
2010_001403 0.437439 96.000000 1.000000 488.000000 325.000000 342 159
2010_001453 0.367639 102.000000 66.000000 360.000000 252.000000 301 59
2010_001640 0.951782 1.000000 64.000000 210.000000 246.000000 286 18
2010_001640 0.048455 92.000000 84.000000 368.000000 237.000000 1 53
2010_001640 0.913521 358.000000 99.000000 470.000000 230.000000 159 142
2010_001640 0.562660 298.000000 121.000000 500.000000 220.000000 192 145
2010_001646 0.476785 269.000000 49.000000 496.000000 265.000000 270 2
2010_001646 0.966949 142.000000 110.000000 258.000000 230.000000 90 55
2010_001646 0.225546 11.000000 77.000000 144.000000 244.000000 75 94
2010_001771 0.131865 45.000000 95.000000 375.000000 224.000000 204 180
2010_001892 0.186238 1.000000 1.000000 408.000000 249.000000 344 22
2010_002102 0.081321 105.000000 45.000000 391.000000 276.000000 233 23
2010_002200 0.985180 402.000000 195.000000 434.000000 211.000000 237 5
2010_002546 0.706735 365.000000 102.000000 500.000000 314.000000 194 67
2010_002546 0.692909 67.000000 102.000000 340.000000 293.000000 341 69
2010_002758 0.591834 53.000000 62.000000 450.000000 301.000000 217 140
2010_002774 0.225735 77.000000 66.000000 455.000000 266.000000 135 153
2010_002774 0.281311 1.000000 76.000000 315.000000 261.000000 287 179
2010_002868 0.414836 11.000000 25.000000 287.000000 336.000000 256 120
2010_002868 0.953182 196.000000 87.000000 485.000000 302.000000 179 171
2010_002868 0.040083 380.000000 145.000000 500.000000 241.000000 264 69
2010_003040 0.355183 60.000000 16.000000 458.000000 266.000000 210 102
2010_003293 0.624016 86.000000 52.000000 398.000000 293.000000 317 112
2010_003293 0.293706 59.000000 138.000000 90.000000 195.000000 106 13
2010_003562 0.848490 66.000000 65.000000 472.000000 279.000000 85 62
2010_003772 0.508659 36.000000 138.000000 326.000000 277.000000 58 28
2010_003855 0.635454 3.000000 163.000000 335.000000 440.000000 217 29
2010_003936 0.264566 50.000000 26.000000 404.000000 284.000000 304 141
2010_004263 0.447473 132.000000 87.000000 425.000000 219.000000 113 33
2010_004263 0.931764 45.000000 140.000000 83.000000 163.000000 118 50
2010_004348 0.592846 33.000000 47.000000 409.000000 290.000000 144 68
2010_004348 0.723618 456.000000 107.000000 500.000000 290.000000 25 37
2010_004348 0.843480 1.000000 81.000000 88.000000 290.000000 207 36
2010_004554 0.527967 82.000000 32.000000 449.000000 341.000000 153 98
2010_004554 0.464094 393.000000 77.000000 499.000000 107.000000 67 15
2010_004588 0.557865 1.000000 41.000000 147.000000 344.000000 11 78
2010_004588 0.709900 146.000000 5.000000 433.000000 322.000000 230 6
2010_004588 0.608065 300.000000 85.000000 500.000000 322.000000 61 107
2010_004627 0.854725 125.000000 46.000000 350.000000 138.000000 278 10
2010_004637 0.325417 107.000000 74.000000 481.000000 357.000000 138 72
2010_004637 0.366120 17.000000 196.000000 109.000000 222.000000 200 53
2010_004735 0.664442 1.000000 1.000000 410.000000 491.000000 126 113
2010_004903 0.350348 1.000000 40.000000 358.000000 412.000000 357 170
2010_005063 0.288692 404.000000 147.000000 500.000000 221.000000 69 166
2010_005063 0.090049 358.000000 141.000000 405.000000 216.000000 198 165
2010_005063 0.577723 223.000000 136.000000 363.000000 224.000000 93 77
2010_005063 0.967032 180.000000 147.000000 231.000000 209.000000 324 39
2010_005063 0.525234 86.000000 139.000000 182.000000 226.000000 156 141
2010_005063 0.717902 1.000000 142.000000 82.000000 232.000000 119 78
2010_005118 0.134706 40.000000 85.000000 420.000000 339.000000 330 160
2010_005123 0.653086 117.000000 194.000000 218.000000 244.000000 43 161
2010_005160 0.894453 1.000000 1.000000 212.000000 90.000000 15 91
2010_005284 0.234037 87.000000 25.000000 411.000000 268.000000 139 53
2010_005502 0.594790 109.000000 133.000000 215.000000 217.000000 72 68
2010_005527 0.804567 127.000000 119.000000 343.000000 257.000000 97 112
2010_005527 0.648590 1.000000 160.000000 53.000000 199.000000 37 131
2010_005636 0.096444 84.000000 45.000000 488.000000 310.000000 171 168
2010_005756 0.032328 2.000000 44.000000 476.000000 246.000000 216 42
2011_000007 0.556897 76.000000 106.000000 316.000000 434.000000 209 152
2011_000090 0.621255 14.000000 103.000000 464.000000 304.000000 302 37
2011_000178 0.018503 1.000000 79.000000 461.000000 362.000000 63 52
2011_000180 0.749009 331.000000 345.000000 389.000000 361.000000 253 171
2011_000239 0.282063 99.000000 83.000000 405.000000 290.000000 272 98
2011_000248 0.963134 272.000000 89.000000 428.000000 280.000000 88 52
2011_000248 0.205008 33.000000 80.000000 236.000000 269.000000 83 97
2011_000312 0.375584 240.000000 63.000000 496.000000 174.000000 156 26
2011_000312 0.903791 28.000000 62.000000 314.000000 164.000000 286 146
2011_000369 0.708417 274.000000 117.000000 448.000000 204.000000 195 147
2011_000541 0.233336 86.000000 75.000000 399.000000 269.000000 16 26
2011_000541 0.235057 401.000000 54.000000 500.000000 289.000000 89 31
2011_000559 0.346671 89.000000 78.000000 432.000000 283.000000 99 171
2011_000559 0.302237 1.000000 99.000000 54.000000 209.000000 107 73
2011_000767 0.124900 58.000000 264.000000 312.000000 482.000000 273 65
2011_000830 0.362938 33.000000 34.000000 320.000000 430.000000 222 64
2011_000830 0.457896 1.000000 105.000000 173.000000 380.000000 25 156
2011_000830 0.281696 314.000000 220.000000 347.000000 308.000000 28 163
2011_000888 0.200025 11.000000 64.000000 435.000000 290.000000 221 119
2011_000901 0.541300 52.000000 12.000000 464.000000 292.000000 346 120
2011_000969 0.021398 177.000000 160.000000 440.000000 268.000000 313 100
2011_001064 0.736009 61.000000 130.000000 470.000000 291.000000 174 145
2011_001064 0.718280 470.000000 164.000000 500.000000 245.000000 206 2
2011_001105 0.753208 29.000000 42.000000 403.000000 222.000000 162 119
2011_001110 0.779817 317.000000 136.000000 409.000000 168.000000 290 5
2011_001146 0.251622 24.000000 17.000000 470.000000 315.000000 204 14
2011_001146 0.540981 462.000000 117.000000 499.000000 171.000000 48 102
2011_001341 0.251095 85.000000 24.000000 422.000000 290.000000 25 178
2011_001355 0.042039 121.000000 60.000000 417.000000 309.000000 114 54
2011_001355 0.408710 257.000000 91.000000 483.000000 254.000000 190 46
2011_001355 0.121244 16.000000 73.000000 70.000000 330.000000 341 165
2011_001747 0.719307 95.000000 42.000000 443.000000 283.000000 213 65
2011_001747 0.493079 441.000000 151.000000 455.000000 188.000000 188 47
2011_001748 0.199110 324.000000 210.000000 380.000000 232.000000 308 130
2011_001870 0.862272 66.000000 38.000000 294.000000 421.000000 57 67
2011_002079 0.141323 1.000000 53.000000 344.000000 374.000000 247 114
2011_002215 0.420429 287.000000 1.000000 498.000000 374.000000 29 158
2011_002330 0.515677 82.000000 62.000000 404.000000 246.000000 176 83
2011_002330 0.899534 422.000000 108.000000 478.000000 166.000000 98 42
2011_002330 0.365236 467.000000 107.000000 500.000000 179.000000 327 109
2011_002384 0.894564 28.000000 157.000000 397.000000 246.000000 215 120
2011_002629 0.428450 32.000000 40.000000 470.000000 319.000000 31 97
2011_002687 0.225851 108.000000 165.000000 434.000000 484.000000 222 101
2011_002925 0.059153 87.000000 242.000000 227.000000 341.000000 38 2
2011_002944 0.335479 232.000000 1.000000 499.000000 375.000000 116 140
2011_003086 0.648006 124.000000 237.000000 305.000000 426.000000 223 179
2011_003089 0.739832 16.000000 38.000000 372.000000 455.000000 194 42
2011_003114 0.597061 121.000000 63.000000 378.000000 316.000000 320 155
