2008_000043 0.274074 166.000000 175.000000 425.000000 344.000000 2 10
2008_000418 0.188845 341.000000 251.000000 500.000000 344.000000 129 141
2008_000573 0.829480 1.000000 240.000000 324.000000 332.000000 146 125
2008_000817 0.917629 221.000000 168.000000 328.000000 233.000000 197 164
2008_000835 0.893861 1.000000 107.000000 404.000000 375.000000 223 164
2008_000885 0.890265 1.000000 205.000000 411.000000 326.000000 124 179
2008_001077 0.328324 1.000000 94.000000 500.000000 375.000000 131 141
2008_001155 0.631737 1.000000 253.000000 233.000000 375.000000 56 133
2008_001320 0.282347 1.000000 307.000000 480.000000 360.000000 216 43
2008_001451 0.301753 318.000000 258.000000 498.000000 375.000000 288 106
2008_001624 0.505442 1.000000 263.000000 394.000000 375.000000 107 41
2008_001723 0.163903 209.000000 262.000000 500.000000 375.000000 203 12
2008_001723 0.510036 139.000000 226.000000 311.000000 351.000000 184 97
2008_001773 0.409146 180.000000 209.000000 500.000000 375.000000 44 28
2008_001928 0.636363 269.000000 255.000000 500.000000 375.000000 250 141
2008_001928 0.529638 62.000000 155.000000 184.000000 333.000000 209 175
2008_002082 0.215373 199.000000 162.000000 275.000000 195.000000 104 35
2008_002114 0.915583 1.000000 159.000000 354.000000 349.000000 158 102
2008_002330 0.618899 1.000000 154.000000 375.000000 500.000000 114 51
2008_002379 0.016418 1.000000 337.000000 375.000000 500.000000 79 31
2008_002384 0.556002 208.000000 271.000000 479.000000 375.000000 186 0
2008_002438 0.396909 1.000000 130.000000 500.000000 375.000000 200 13
2008_002481 0.403069 427.000000 316.000000 500.000000 377.000000 278 103
2008_002502 0.067025 1.000000 307.000000 354.000000 500.000000 188 71
2008_002508 0.568530 299.000000 156.000000 500.000000 312.000000 280 138
2008_002567 0.616629 163.000000 191.000000 478.000000 375.000000 221 106
2008_002775 0.705647 1.000000 229.000000 500.000000 375.000000 86 142
2008_002864 0.005490 13.000000 205.000000 399.000000 375.000000 266 25
2008_003136 0.564722 1.000000 245.000000 400.000000 500.000000 266 146
2008_003245 0.933615 360.000000 116.000000 500.000000 351.000000 20 58
2008_003477 0.167238 1.000000 195.000000 500.000000 375.000000 307 124
2008_003753 0.561004 1.000000 250.000000 190.000000 375.000000 245 14
2008_003881 0.434114 333.000000 213.000000 485.000000 366.000000 165 120
2008_003904 0.467067 1.000000 302.000000 375.000000 500.000000 11 80
2008_004140 0.301631 129.000000 333.000000 375.000000 500.000000 4 107
2008_004140 0.267353 230.000000 214.000000 375.000000 336.000000 297 165
2008_004216 0.725832 1.000000 113.000000 500.000000 333.000000 107 17
2008_004289 0.376115 1.000000 39.000000 500.000000 333.000000 258 112
2008_004308 0.650206 1.000000 232.000000 496.000000 375.000000 227 93
2008_004389 0.557545 1.000000 272.000000 500.000000 375.000000 314 60
2008_004564 0.785588 161.000000 212.000000 500.000000 333.000000 10 40
2008_004851 0.698901 1.000000 249.000000 500.000000 375.000000 105 10
2008_004948 0.882603 1.000000 223.000000 366.000000 375.000000 230 117
2008_004979 0.383201 1.000000 131.000000 495.000000 375.000000 59 120
2008_004982 0.649632 1.000000 209.000000 375.000000 500.000000 250 55
2008_005070 0.388772 19.000000 135.000000 467.000000 375.000000 129 164
2008_005257 0.199394 131.000000 166.000000 417.000000 356.000000 244 135
2008_005348 0.726212 5.000000 58.000000 500.000000 287.000000 244 142
2008_005608 0.817545 352.000000 230.000000 500.000000 374.000000 63 19
2008_005975 0.909741 1.000000 102.000000 500.000000 375.000000 353 135
2008_006008 0.045914 24.000000 285.000000 264.000000 500.000000 219 83
2008_006120 0.818052 52.000000 241.000000 340.000000 375.000000 216 141
2008_006151 0.677559 68.000000 111.000000 399.000000 330.000000 80 132
2008_006311 0.051227 1.000000 152.000000 421.000000 233.000000 350 74
2008_006588 0.492737 1.000000 1.000000 189.000000 99.000000 113 57
2008_006588 0.239078 1.000000 98.000000 315.000000 375.000000 20 17
2008_006611 0.623984 90.000000 219.000000 414.000000 343.000000 282 156
2008_006837 0.031974 1.000000 1.000000 270.000000 164.000000 120 49
2008_006952 0.985422 199.000000 183.000000 356.000000 364.000000 313 45
2008_007048 0.378597 115.000000 270.000000 259.000000 440.000000 46 96
2008_007166 0.361125 375.000000 202.000000 500.000000 284.000000 282 165
2008_007287 0.034828 25.000000 114.000000 206.000000 162.000000 328 21
2008_007378 0.589996 106.000000 1.000000 337.000000 146.000000 326 168
2008_007402 0.849516 188.000000 272.000000 333.000000 500.000000 20 159
2008_007402 0.067605 1.000000 173.000000 68.000000 300.000000 205 83
2008_007585 0.522328 1.000000 252.000000 273.000000 375.000000 138 133
2008_007591 0.016776 1.000000 88.000000 500.000000 375.000000 179 149
2008_007617 0.032971 94.000000 239.000000 500.000000 375.000000 95 26
2008_007704 0.163104 65.000000 127.000000 454.000000 333.000000 104 161
2008_007853 0.467300 1.000000 221.000000 500.000000 375.000000 356 24
2008_007922 0.873565 71.000000 200.000000 412.000000 375.000000 133 118
2008_007949 0.080891 1.000000 295.000000 169.000000 375.000000 106 49
2008_008093 0.909609 123.000000 246.000000 490.000000 375.000000 67 137
2008_008155 0.701595 367.000000 210.000000 500.000000 337.000000 232 93
2008_008224 0.672620 155.000000 254.000000 343.000000 378.000000 16 160
2008_008362 0.531819 60.000000 265.000000 378.000000 375.000000 59 90
2008_008362 0.569174 437.000000 214.000000 500.000000 344.000000 225 174
2008_008365 0.061560 137.000000 271.000000 341.000000 375.000000 208 169
2008_008388 0.608669 1.000000 239.000000 449.000000 375.000000 237 18
2008_008470 0.521933 108.000000 184.000000 288.000000 211.000000 290 6
2008_008474 0.597717 1.000000 271.000000 114.000000 375.000000 107 119
2008_008474 0.953334 41.000000 240.000000 137.000000 330.000000 22 160
2009_000212 0.988032 88.000000 226.000000 291.000000 435.000000 65 13
2009_000247 0.923166 23.000000 138.000000 425.000000 375.000000 154 137
2009_000257 0.296760 1.000000 176.000000 500.000000 333.000000 314 173
2009_000300 0.874201 1.000000 78.000000 500.000000 333.000000 256 162
2009_000760 0.906136 151.000000 203.000000 396.000000 328.000000 298 6
2009_000811 0.738187 103.000000 67.000000 401.000000 375.000000 226 103
2009_000846 0.140238 1.000000 1.000000 500.000000 375.000000 183 156
2009_001011 0.513367 2.000000 209.000000 373.000000 500.000000 237 107
2009_001054 0.916214 1.000000 1.000000 375.000000 500.000000 88 175
2009_001057 0.514626 1.000000 65.000000 500.000000 334.000000 235 20
2009_001215 0.388843 1.000000 1.000000 500.000000 375.000000 173 12
2009_001398 0.119977 1.000000 307.000000 221.000000 444.000000 290 142
2009_001426 0.252720 209.000000 236.000000 500.000000 375.000000 148 144
2009_001447 0.681630 247.000000 274.000000 500.000000 375.000000 211 7
2009_001447 0.351772 210.000000 191.000000 255.000000 217.000000 298 126
2009_001575 0.265971 1.000000 231.000000 375.000000 500.000000 176 51
2009_001575 0.538556 296.000000 94.000000 375.000000 123.000000 275 105
2009_001575 0.586098 244.000000 78.000000 275.000000 93.000000 357 138
2009_001754 0.076420 115.000000 218.000000 383.000000 375.000000 285 99
2009_002003 0.403079 166.000000 42.000000 321.000000 264.000000 171 153
2009_002024 0.368907 1.000000 13.000000 500.000000 356.000000 85 97
2009_002055 0.346308 69.000000 242.000000 340.000000 375.000000 273 138
2009_002055 0.193194 1.000000 222.000000 61.000000 309.000000 348 64
2009_002078 0.958344 71.000000 100.000000 389.000000 277.000000 33 56
2009_002111 0.333122 1.000000 1.000000 368.000000 414.000000 230 37
2009_002139 0.504160 1.000000 305.000000 455.000000 375.000000 123 161
2009_002169 0.350928 1.000000 43.000000 375.000000 322.000000 202 142
2009_002328 0.076042 1.000000 55.000000 500.000000 333.000000 79 148
2009_002415 0.855496 1.000000 1.000000 375.000000 351.000000 30 56
2009_002433 0.460044 139.000000 200.000000 399.000000 333.000000 171 58
2009_002444 0.842825 163.000000 366.000000 375.000000 500.000000 243 103
2009_002471 0.687559 171.000000 141.000000 499.000000 301.000000 27 47
2009_002471 0.046072 1.000000 173.000000 433.000000 375.000000 156 58
2009_002487 0.615572 157.000000 179.000000 333.000000 333.000000 112 77
2009_002524 0.882797 124.000000 235.000000 169.000000 272.000000 87 152
2009_002524 0.302986 117.000000 282.000000 196.000000 309.000000 334 101
2009_002524 0.612585 229.000000 216.000000 258.000000 241.000000 277 91
2009_002524 0.714108 281.000000 244.000000 323.000000 317.000000 247 15
2009_002524 0.317444 391.000000 225.000000 458.000000 252.000000 107 42
2009_002524 0.123545 397.000000 255.000000 500.000000 286.000000 102 45
2009_002524 0.247568 363.000000 287.000000 500.000000 372.000000 241 50
2009_002546 0.823166 68.000000 299.000000 468.000000 375.000000 205 9
2009_002571 0.302190 293.000000 37.000000 472.000000 198.000000 13 48
2009_002634 0.712341 390.000000 297.000000 459.000000 325.000000 238 113
2009_002634 0.300446 208.000000 319.000000 279.000000 335.000000 99 179
2009_002634 0.897560 227.000000 331.000000 311.000000 355.000000 180 24
2009_002634 0.365624 257.000000 347.000000 354.000000 373.000000 86 12
2009_002634 0.287535 15.000000 333.000000 85.000000 355.000000 356 38
2009_002634 0.393183 1.000000 353.000000 48.000000 375.000000 182 114
2009_002663 0.070238 1.000000 182.000000 444.000000 375.000000 245 23
2009_002743 0.890816 64.000000 186.000000 356.000000 375.000000 16 100
2009_002790 0.644040 1.000000 147.000000 396.000000 331.000000 211 96
2009_002816 0.609210 1.000000 305.000000 316.000000 500.000000 147 47
2009_002978 0.233894 96.000000 239.000000 361.000000 375.000000 228 137
2009_003003 0.291437 1.000000 226.000000 375.000000 500.000000 104 4
2009_003071 0.607602 82.000000 147.000000 500.000000 333.000000 127 117
2009_003123 0.895503 1.000000 285.000000 149.000000 375.000000 272 159
2009_003150 0.045145 227.000000 187.000000 419.000000 251.000000 28 95
2009_003154 0.235507 77.000000 214.000000 403.000000 371.000000 287 57
2009_003191 0.193852 1.000000 397.000000 375.000000 500.000000 96 26
2009_003198 0.743855 1.000000 217.000000 322.000000 375.000000 300 134
2009_003251 0.048981 97.000000 141.000000 442.000000 375.000000 96 20
2009_003282 0.626701 1.000000 319.000000 375.000000 500.000000 99 118
2009_003440 0.409374 233.000000 310.000000 442.000000 374.000000 207 36
2009_003507 0.757352 139.000000 330.000000 333.000000 500.000000 102 150
2009_003759 0.742514 113.000000 182.000000 279.000000 322.000000 312 75
2009_003795 0.687191 250.000000 230.000000 451.000000 375.000000 25 173
2009_003795 0.478618 84.000000 246.000000 315.000000 375.000000 94 132
2009_003835 0.561023 252.000000 205.000000 429.000000 303.000000 314 58
2009_003840 0.237612 2.000000 267.000000 214.000000 375.000000 89 24
2009_003849 0.039020 338.000000 181.000000 437.000000 267.000000 131 124
2009_003884 0.856589 3.000000 142.000000 155.000000 282.000000 248 47
2009_003914 0.152666 1.000000 1.000000 500.000000 375.000000 197 83
2009_003973 0.964607 127.000000 187.000000 346.000000 372.000000 92 70
2009_003991 0.914895 1.000000 74.000000 142.000000 375.000000 187 22
2009_004032 0.291900 27.000000 219.000000 459.000000 375.000000 164 163
2009_004085 0.213044 1.000000 381.000000 333.000000 500.000000 282 10
2009_004124 0.907883 1.000000 70.000000 500.000000 323.000000 280 125
2009_004140 0.753118 106.000000 234.000000 427.000000 375.000000 219 98
2009_004263 0.855831 120.000000 291.000000 369.000000 427.000000 316 161
2009_004309 0.047855 1.000000 197.000000 500.000000 375.000000 246 73
2009_004419 0.381700 90.000000 204.000000 249.000000 292.000000 86 3
2009_004499 0.867330 57.000000 123.000000 484.000000 336.000000 327 55
2009_004532 0.418244 1.000000 182.000000 500.000000 375.000000 53 56
2009_004537 0.242546 19.000000 304.000000 381.000000 472.000000 76 138
2009_004720 0.190678 7.000000 81.000000 500.000000 375.000000 319 54
2009_004720 0.901467 343.000000 29.000000 500.000000 157.000000 261 172
2009_004769 0.866425 1.000000 326.000000 375.000000 500.000000 252 146
2009_004859 0.626476 196.000000 121.000000 500.000000 375.000000 320 41
2009_004974 0.782786 1.000000 168.000000 281.000000 500.000000 88 80
2009_005001 0.737832 1.000000 231.000000 304.000000 375.000000 258 44
2009_005038 0.971466 1.000000 367.000000 375.000000 500.000000 327 152
2009_005080 0.762052 1.000000 212.000000 148.000000 375.000000 51 154
2009_005165 0.384084 15.000000 119.000000 375.000000 474.000000 274 83
2009_005171 0.147247 211.000000 265.000000 500.000000 375.000000 39 82
2009_005202 0.924546 1.000000 90.000000 371.000000 375.000000 106 68
2009_005205 0.394229 114.000000 139.000000 308.000000 218.000000 70 118
2009_005205 0.801822 49.000000 211.000000 359.000000 500.000000 70 6
2010_000001 0.590634 1.000000 219.000000 500.000000 333.000000 113 134
2010_000001 0.892513 1.000000 1.000000 234.000000 188.000000 107 147
2010_000088 0.555128 1.000000 131.000000 500.000000 374.000000 212 147
2010_000174 0.848485 1.000000 310.000000 452.000000 374.000000 293 7
2010_000178 0.728034 1.000000 320.000000 208.000000 375.000000 41 27
2010_000325 0.867171 1.000000 245.000000 375.000000 500.000000 73 133
2010_000325 0.613300 183.000000 171.000000 375.000000 225.000000 75 131
2010_000352 0.184444 1.000000 240.000000 480.000000 360.000000 185 173
2010_000669 0.739105 1.000000 301.000000 230.000000 373.000000 72 119
2010_000697 0.035211 3.000000 273.000000 410.000000 333.000000 135 176
2010_000754 0.039350 53.000000 206.000000 396.000000 333.000000 118 117
2010_000821 0.859359 275.000000 242.000000 500.000000 375.000000 49 43
2010_000915 0.246182 116.000000 387.000000 374.000000 498.000000 329 1
2010_001181 0.979311 3.000000 20.000000 500.000000 375.000000 220 177
2010_001287 0.373761 198.000000 191.000000 420.000000 332.000000 223 171
2010_001343 0.560081 34.000000 232.000000 333.000000 500.000000 82 102
2010_001455 0.845637 1.000000 315.000000 190.000000 457.000000 101 157
2010_001535 0.266740 108.000000 295.000000 405.000000 374.000000 233 130
2010_001535 0.667906 421.000000 133.000000 500.000000 172.000000 44 27
2010_001579 0.775326 1.000000 244.000000 500.000000 373.000000 121 111
2010_001645 0.059901 165.000000 213.000000 370.000000 332.000000 264 133
2010_001680 0.898958 12.000000 38.000000 485.000000 375.000000 82 84
2010_001682 0.794493 1.000000 190.000000 258.000000 375.000000 196 10
2010_001777 0.025752 2.000000 154.000000 375.000000 500.000000 279 92
2010_001823 0.901012 179.000000 340.000000 333.000000 408.000000 351 44
2010_001851 0.099259 142.000000 216.000000 273.000000 350.000000 161 11
2010_001907 0.380071 322.000000 149.000000 500.000000 331.000000 133 92
2010_002006 0.345076 1.000000 257.000000 324.000000 432.000000 1 129
2010_002199 0.621151 116.000000 265.000000 230.000000 359.000000 236 30
2010_002211 0.178810 1.000000 429.000000 375.000000 500.000000 153 122
2010_002269 0.097846 1.000000 287.000000 500.000000 375.000000 319 29
2010_002336 0.247727 44.000000 149.000000 332.000000 409.000000 274 161
2010_002366 0.266548 1.000000 330.000000 273.000000 500.000000 215 14
2010_002373 0.487419 1.000000 261.000000 260.000000 500.000000 305 123
2010_002539 0.228838 1.000000 401.000000 197.000000 483.000000 128 38
2010_002605 0.822659 33.000000 185.000000 362.000000 454.000000 275 71
2010_002639 0.048383 47.000000 160.000000 462.000000 375.000000 189 18
2010_002714 0.991897 1.000000 202.000000 500.000000 375.000000 338 111
2010_002721 0.572067 1.000000 118.000000 474.000000 375.000000 172 177
2010_002725 0.130376 1.000000 297.000000 500.000000 375.000000 84 21
2010_002725 0.187152 1.000000 190.000000 82.000000 272.000000 267 25
2010_002728 0.458718 169.000000 147.000000 456.000000 355.000000 143 60
2010_002877 0.641399 157.000000 204.000000 320.000000 319.000000 37 31
2010_003091 0.306597 1.000000 236.000000 403.000000 375.000000 284 67
2010_003154 0.406703 121.000000 253.000000 363.000000 375.000000 323 130
2010_003325 0.943964 90.000000 301.000000 500.000000 375.000000 67 9
2010_003520 0.513544 88.000000 399.000000 294.000000 500.000000 151 107
2010_003531 0.093502 44.000000 237.000000 500.000000 374.000000 322 33
2010_003594 0.682720 1.000000 30.000000 500.000000 373.000000 20 9
2010_003597 0.411363 51.000000 221.000000 322.000000 375.000000 171 167
2010_003597 0.942367 447.000000 201.000000 500.000000 309.000000 313 128
2010_003762 0.512073 1.000000 142.000000 500.000000 359.000000 173 78
2010_003971 0.958543 136.000000 223.000000 411.000000 500.000000 189 84
2010_003976 0.720322 1.000000 220.000000 500.000000 374.000000 308 55
2010_004125 0.156803 1.000000 260.000000 113.000000 375.000000 308 55
2010_004229 0.534213 124.000000 169.000000 307.000000 364.000000 28 135
2010_004278 0.218777 12.000000 24.000000 423.000000 349.000000 163 143
2010_004290 0.459926 1.000000 4.000000 449.000000 340.000000 110 132
2010_004380 0.581145 1.000000 279.000000 334.000000 500.000000 146 45
2010_004380 0.148746 52.000000 165.000000 295.000000 287.000000 291 9
2010_004380 0.313020 86.000000 94.000000 263.000000 180.000000 177 161
2010_004391 0.060515 1.000000 1.000000 500.000000 272.000000 102 12
2010_004597 0.347393 122.000000 126.000000 477.000000 375.000000 208 151
2010_004778 0.391318 148.000000 166.000000 388.000000 375.000000 125 7
2010_004825 0.171378 85.000000 286.000000 363.000000 472.000000 312 5
2010_004909 0.466690 1.000000 140.000000 464.000000 375.000000 299 2
2010_004992 0.507053 67.000000 89.000000 371.000000 373.000000 299 162
2010_005046 0.773961 1.000000 303.000000 467.000000 398.000000 302 102
2010_005369 0.694582 1.000000 274.000000 500.000000 375.000000 113 19
2010_005379 0.346586 37.000000 413.000000 375.000000 499.000000 267 71
2010_005398 0.366856 217.000000 184.000000 427.000000 299.000000 20 67
2010_005493 0.660146 226.000000 35.000000 375.000000 432.000000 102 165
2010_005493 0.600122 206.000000 1.000000 375.000000 39.000000 153 113
2010_005576 0.718900 1.000000 1.000000 500.000000 374.000000 353 138
2010_005626 0.571535 104.000000 226.000000 459.000000 375.000000 317 2
2010_005654 0.062717 196.000000 241.000000 367.000000 375.000000 350 96
2010_005666 0.440578 1.000000 1.000000 144.000000 270.000000 203 41
2010_005764 0.801629 1.000000 261.000000 500.000000 375.000000 36 23
2010_005884 0.522996 14.000000 234.000000 500.000000 333.000000 92 90
2010_005901 0.460103 1.000000 233.000000 419.000000 375.000000 7 158
2010_005936 0.874304 1.000000 282.000000 500.000000 375.000000 353 103
2010_005938 0.151405 221.000000 50.000000 500.000000 374.000000 87 21
2010_006010 0.868242 1.000000 266.000000 306.000000 336.000000 21 36
2010_006056 0.080753 1.000000 127.000000 304.000000 375.000000 278 168
2011_000016 0.521702 121.000000 170.000000 499.000000 375.000000 25 176
2011_000065 0.118516 80.000000 58.000000 476.000000 374.000000 284 56
2011_000098 0.915841 59.000000 117.000000 301.000000 375.000000 175 75
2011_000206 0.150090 18.000000 344.000000 500.000000 375.000000 57 37
2011_000226 0.206452 1.000000 258.000000 308.000000 492.000000 345 135
2011_000257 0.449300 1.000000 42.000000 375.000000 500.000000 240 40
2011_000338 0.147727 1.000000 268.000000 208.000000 375.000000 339 105
2011_000408 0.082893 1.000000 177.000000 500.000000 375.000000 227 33
2011_000427 0.666704 1.000000 202.000000 459.000000 375.000000 77 95
2011_000530 0.220276 224.000000 176.000000 364.000000 214.000000 165 39
2011_000598 0.250061 1.000000 246.000000 298.000000 500.000000 320 54
2011_000622 0.665199 4.000000 312.000000 373.000000 500.000000 323 22
2011_000745 0.825488 82.000000 97.000000 247.000000 250.000000 118 59
2011_000745 0.845129 131.000000 204.000000 500.000000 375.000000 198 116
2011_000745 0.211409 344.000000 81.000000 500.000000 175.000000 214 60
2011_000809 0.975649 199.000000 121.000000 250.000000 204.000000 225 47
2011_000919 0.924433 122.000000 201.000000 375.000000 375.000000 58 143
2011_000932 0.410489 431.000000 217.000000 500.000000 375.000000 168 110
2011_000932 0.771410 1.000000 289.000000 169.000000 375.000000 349 118
2011_000953 0.494319 31.000000 211.000000 499.000000 375.000000 149 27
2011_001008 0.445928 3.000000 191.000000 497.000000 373.000000 306 122
2011_001058 0.697865 42.000000 248.000000 500.000000 333.000000 179 28
2011_001106 0.124508 1.000000 210.000000 373.000000 500.000000 74 122
2011_001111 0.579581 177.000000 264.000000 375.000000 500.000000 214 139
2011_001167 0.276806 209.000000 291.000000 479.000000 373.000000 246 77
2011_001221 0.728054 157.000000 411.000000 421.000000 450.000000 352 174
2011_001276 0.085850 3.000000 293.000000 279.000000 395.000000 261 116
2011_001295 0.209986 1.000000 320.000000 148.000000 500.000000 190 153
2011_001305 0.475496 2.000000 217.000000 436.000000 375.000000 298 37
2011_001330 0.927950 318.000000 157.000000 500.000000 374.000000 108 62
2011_001366 0.376216 134.000000 118.000000 396.000000 355.000000 11 130
2011_001665 0.864927 47.000000 174.000000 500.000000 333.000000 212 59
2011_001665 0.043414 59.000000 124.000000 252.000000 196.000000 308 99
2011_001678 0.566275 72.000000 193.000000 459.000000 375.000000 192 149
2011_001770 0.065043 1.000000 1.000000 500.000000 374.000000 79 58
2011_001785 0.260603 83.000000 203.000000 419.000000 351.000000 135 47
2011_001819 0.063145 1.000000 101.000000 421.000000 360.000000 170 17
2011_001820 0.297635 83.000000 269.000000 499.000000 392.000000 294 12
2011_001842 0.910177 130.000000 158.000000 366.000000 375.000000 284 82
2011_001847 0.399054 50.000000 245.000000 295.000000 456.000000 198 77
2011_001862 0.719924 209.000000 188.000000 305.000000 266.000000 23 129
2011_001900 0.260416 1.000000 96.000000 377.000000 423.000000 267 124
2011_001941 0.896161 380.000000 272.000000 439.000000 316.000000 4 63
2011_001941 0.184343 413.000000 283.000000 480.000000 338.000000 268 53
2011_001941 0.436979 451.000000 315.000000 500.000000 375.000000 59 14
2011_001975 0.146549 91.000000 166.000000 499.000000 375.000000 98 43
2011_002074 0.391400 117.000000 199.000000 337.000000 291.000000 169 131
2011_002074 0.904516 1.000000 256.000000 306.000000 374.000000 56 25
2011_002075 0.871877 139.000000 287.000000 499.000000 375.000000 127 29
2011_002108 0.492171 155.000000 197.000000 248.000000 268.000000 289 132
2011_002163 0.180836 212.000000 73.000000 447.000000 249.000000 145 155
2011_002185 0.686578 1.000000 190.000000 375.000000 500.000000 333 148
2011_002200 0.982359 104.000000 147.000000 482.000000 375.000000 169 160
2011_002241 0.659318 62.000000 143.000000 480.000000 375.000000 12 148
2011_002358 0.797916 65.000000 154.000000 409.000000 375.000000 161 103
2011_002531 0.059559 158.000000 128.000000 350.000000 320.000000 228 142
2011_002542 0.664072 120.000000 173.000000 397.000000 375.000000 140 76
2011_002556 0.611508 233.000000 254.000000 500.000000 375.000000 228 159
2011_002556 0.766863 1.000000 274.000000 51.000000 375.000000 222 158
2011_002556 0.204090 1.000000 216.000000 53.000000 278.000000 270 21
2011_002556 0.381574 227.000000 238.000000 263.000000 336.000000 42 151
2011_002579 0.025165 247.000000 174.000000 500.000000 256.000000 163 13
2011_002640 0.933642 149.000000 198.000000 361.000000 333.000000 346 29
2011_002714 0.672556 257.000000 228.000000 500.000000 264.000000 85 14
2011_002805 0.695169 74.000000 270.000000 251.000000 420.000000 30 11
2011_002838 0.274550 2.000000 251.000000 456.000000 375.000000 1 28
2011_002880 0.571787 1.000000 308.000000 361.000000 450.000000 113 129
2011_002933 0.004943 203.000000 225.000000 251.000000 318.000000 185 104
2011_002933 0.092064 1.000000 302.000000 154.000000 500.000000 127 98
2011_002985 0.004627 1.000000 156.000000 500.000000 377.000000 98 106
2011_002994 0.165515 162.000000 207.000000 352.000000 304.000000 11 68
2011_003050 0.307210 1.000000 178.000000 499.000000 238.000000 110 49
2011_003076 0.790671 34.000000 208.000000 192.000000 344.000000 210 97
2011_003152 0.652579 1.000000 290.000000 217.000000 334.000000 134 135
2011_003166 0.425249 3.000000 109.000000 498.000000 375.000000 199 153
2011_003242 0.539514 72.000000 176.000000 393.000000 375.000000 207 138
2011_003242 0.301005 174.000000 132.000000 268.000000 179.000000 354 19
2011_003242 0.222569 369.000000 127.000000 500.000000 200.000000 137 85
2011_003242 0.021758 1.000000 144.000000 40.000000 196.000000 115 41
2011_003262 0.018647 80.000000 116.000000 386.000000 359.000000 6 141
