2008_000007 0.724825 1.000000 230.000000 428.000000 293.000000 103 65
2008_000082 0.961746 23.000000 186.000000 140.000000 246.000000 309 63
2008_000120 0.768245 21.000000 53.000000 408.000000 253.000000 343 37
2008_000140 0.602537 241.000000 255.000000 375.000000 467.000000 222 165
2008_000140 0.385102 1.000000 398.000000 221.000000 471.000000 253 134
2008_000195 0.472123 236.000000 206.000000 339.000000 282.000000 91 7
2008_000195 0.517861 98.000000 235.000000 200.000000 302.000000 232 50
2008_000414 0.650474 1.000000 87.000000 385.000000 313.000000 88 54
2008_000414 0.209915 316.000000 104.000000 414.000000 144.000000 321 155
2008_000414 0.256528 1.000000 90.000000 230.000000 227.000000 144 160
2008_000423 0.165346 36.000000 261.000000 500.000000 375.000000 348 111
2008_000834 0.546453 67.000000 193.000000 495.000000 242.000000 297 118
2008_000957 0.233375 72.000000 30.000000 493.000000 330.000000 90 7
2008_001013 0.986098 14.000000 75.000000 373.000000 500.000000 130 114
2008_001040 0.886328 75.000000 120.000000 466.000000 210.000000 75 136
2008_001041 0.810921 133.000000 37.000000 332.000000 319.000000 170 29
2008_001041 0.875721 299.000000 300.000000 350.000000 328.000000 172 21
2008_001135 0.908439 124.000000 147.000000 449.000000 212.000000 229 18
2008_001136 0.988568 72.000000 140.000000 175.000000 225.000000 13 7
2008_001136 0.504324 209.000000 139.000000 323.000000 223.000000 247 68
2008_001136 0.725928 321.000000 133.000000 452.000000 224.000000 275 9
2008_001160 0.582295 42.000000 80.000000 500.000000 174.000000 252 83
2008_001160 0.399193 227.000000 171.000000 247.000000 182.000000 122 31
2008_001160 0.361007 322.000000 167.000000 342.000000 176.000000 331 41
2008_001160 0.512666 448.000000 205.000000 467.000000 210.000000 117 15
2008_001167 0.723596 50.000000 53.000000 74.000000 71.000000 300 163
2008_001167 0.691712 1.000000 150.000000 464.000000 365.000000 138 54
2008_001167 0.081253 77.000000 282.000000 351.000000 365.000000 317 166
2008_001260 0.252911 44.000000 83.000000 473.000000 269.000000 174 23
2008_001516 0.121354 49.000000 1.000000 442.000000 333.000000 318 35
2008_001575 0.382041 165.000000 200.000000 242.000000 229.000000 196 57
2008_001575 0.680236 238.000000 99.000000 378.000000 226.000000 285 151
2008_001580 0.214081 73.000000 133.000000 434.000000 193.000000 150 116
2008_001649 0.601023 1.000000 141.000000 268.000000 500.000000 222 122
2008_001799 0.171481 1.000000 1.000000 238.000000 387.000000 125 66
2008_001799 0.354623 130.000000 1.000000 375.000000 263.000000 286 89
2008_001823 0.844833 37.000000 44.000000 103.000000 70.000000 279 43
2008_001843 0.370187 340.000000 208.000000 488.000000 281.000000 294 152
2008_001843 0.463909 14.000000 204.000000 209.000000 299.000000 138 155
2008_001843 0.960917 225.000000 215.000000 266.000000 229.000000 205 125
2008_001858 0.570892 216.000000 169.000000 286.000000 226.000000 197 115
2008_001945 0.169839 178.000000 176.000000 228.000000 221.000000 334 155
2008_001987 0.751779 67.000000 235.000000 269.000000 293.000000 64 44
2008_001987 0.709639 123.000000 204.000000 201.000000 254.000000 72 177
2008_001987 0.909411 107.000000 228.000000 136.000000 247.000000 63 154
2008_002046 0.562879 1.000000 1.000000 500.000000 367.000000 346 103
2008_002194 0.548472 319.000000 155.000000 375.000000 180.000000 64 92
2008_002194 0.535117 274.000000 153.000000 321.000000 174.000000 59 89
2008_002194 0.026315 1.000000 167.000000 67.000000 204.000000 72 112
2008_002194 0.326774 390.000000 152.000000 411.000000 159.000000 115 96
2008_002250 0.134921 17.000000 23.000000 108.000000 66.000000 217 65
2008_002250 0.658774 340.000000 55.000000 417.000000 100.000000 329 115
2008_002250 0.842178 464.000000 36.000000 500.000000 68.000000 243 134
2008_002250 0.380664 1.000000 85.000000 500.000000 375.000000 186 27
2008_002492 0.329975 126.000000 259.000000 172.000000 286.000000 296 31
2008_002504 0.222188 13.000000 172.000000 478.000000 292.000000 348 145
2008_002610 0.425483 53.000000 168.000000 323.000000 234.000000 360 11
2008_002773 0.111923 31.000000 271.000000 150.000000 308.000000 146 72
2008_002773 0.988061 1.000000 273.000000 34.000000 306.000000 153 110
2008_002773 0.266242 162.000000 275.000000 238.000000 308.000000 79 64
2008_002773 0.022860 247.000000 277.000000 321.000000 308.000000 105 34
2008_002773 0.868727 312.000000 274.000000 386.000000 309.000000 162 44
2008_002773 0.973930 390.000000 274.000000 490.000000 311.000000 190 165
2008_003062 0.926533 1.000000 1.000000 500.000000 334.000000 211 21
2008_003100 0.424476 1.000000 57.000000 471.000000 340.000000 214 159
2008_003187 0.924772 184.000000 91.000000 280.000000 223.000000 219 13
2008_003187 0.700225 41.000000 173.000000 59.000000 211.000000 231 19
2008_003402 0.214479 92.000000 180.000000 200.000000 228.000000 142 15
2008_003449 0.703004 113.000000 206.000000 316.000000 375.000000 90 41
2008_003449 0.553483 340.000000 95.000000 393.000000 146.000000 271 99
2008_003449 0.634278 390.000000 121.000000 425.000000 149.000000 227 177
2008_003449 0.570837 286.000000 90.000000 343.000000 128.000000 216 164
2008_003449 0.439923 427.000000 167.000000 500.000000 257.000000 121 172
2008_003449 0.678778 64.000000 107.000000 122.000000 135.000000 217 130
2008_003449 0.274479 477.000000 111.000000 500.000000 148.000000 77 15
2008_003449 0.464628 89.000000 97.000000 363.000000 244.000000 312 101
2008_003840 0.653920 386.000000 151.000000 407.000000 179.000000 155 139
2008_003840 0.432377 331.000000 146.000000 348.000000 173.000000 237 29
2008_003840 0.480372 278.000000 156.000000 298.000000 175.000000 182 68
2008_003840 0.383944 6.000000 166.000000 63.000000 190.000000 123 140
2008_003840 0.729180 101.000000 161.000000 142.000000 177.000000 256 87
2008_003840 0.903069 1.000000 1.000000 413.000000 375.000000 338 93
2008_003858 0.082693 5.000000 99.000000 500.000000 283.000000 79 157
2008_003886 0.808281 90.000000 114.000000 459.000000 219.000000 168 4
2008_003951 0.181603 320.000000 92.000000 391.000000 122.000000 65 30
2008_003988 0.298105 106.000000 146.000000 160.000000 167.000000 249 38
2008_003988 0.909465 320.000000 288.000000 379.000000 364.000000 277 90
2008_003988 0.572255 1.000000 173.000000 48.000000 189.000000 21 79
2008_003989 0.126099 136.000000 109.000000 381.000000 271.000000 203 148
2008_004124 0.951107 80.000000 1.000000 466.000000 250.000000 108 0
2008_004242 0.138865 35.000000 22.000000 427.000000 179.000000 276 135
2008_004469 0.496721 19.000000 175.000000 146.000000 228.000000 126 27
2008_004469 0.688401 115.000000 179.000000 213.000000 217.000000 291 114
2008_004469 0.859846 209.000000 187.000000 243.000000 210.000000 230 131
2008_004469 0.573307 242.000000 193.000000 275.000000 209.000000 226 33
2008_004469 0.077343 352.000000 193.000000 378.000000 203.000000 59 163
2008_004716 0.475235 248.000000 69.000000 405.000000 263.000000 122 105
2008_004718 0.227310 27.000000 26.000000 333.000000 398.000000 290 96
2008_004812 0.658116 235.000000 183.000000 262.000000 204.000000 255 27
2008_004812 0.182228 240.000000 193.000000 379.000000 307.000000 228 41
2008_004812 0.202747 492.000000 203.000000 500.000000 212.000000 60 27
2008_004904 0.957514 1.000000 1.000000 401.000000 355.000000 344 3
2008_004907 0.297596 423.000000 88.000000 443.000000 140.000000 9 175
2008_004907 0.896405 275.000000 96.000000 288.000000 140.000000 189 155
2008_004907 0.941231 170.000000 105.000000 185.000000 135.000000 68 119
2008_004921 0.178899 1.000000 1.000000 144.000000 314.000000 351 19
2008_004921 0.071285 142.000000 230.000000 259.000000 318.000000 269 9
2008_004921 0.997041 244.000000 1.000000 500.000000 331.000000 176 153
2008_004921 0.861348 240.000000 156.000000 258.000000 253.000000 2 98
2008_004921 0.878873 172.000000 191.000000 183.000000 233.000000 327 152
2008_004921 0.509022 185.000000 205.000000 194.000000 233.000000 269 21
2008_004921 0.928011 370.000000 213.000000 395.000000 252.000000 61 150
2008_005043 0.387863 10.000000 120.000000 66.000000 149.000000 61 159
2008_005063 0.867883 257.000000 28.000000 315.000000 46.000000 138 49
2008_005063 0.709639 1.000000 187.000000 500.000000 375.000000 267 81
2008_005117 0.244596 151.000000 46.000000 176.000000 84.000000 340 31
2008_005156 0.853371 1.000000 186.000000 500.000000 224.000000 231 146
2008_005244 0.080281 1.000000 1.000000 375.000000 500.000000 143 21
2008_005261 0.214610 103.000000 201.000000 130.000000 245.000000 130 149
2008_005261 0.026146 178.000000 210.000000 261.000000 242.000000 285 118
2008_005261 0.492313 378.000000 188.000000 412.000000 210.000000 283 166
2008_005359 0.759783 21.000000 187.000000 158.000000 211.000000 300 24
2008_005398 0.259401 170.000000 131.000000 337.000000 193.000000 333 150
2008_005504 0.397357 369.000000 89.000000 459.000000 285.000000 77 94
2008_005504 0.604478 276.000000 115.000000 346.000000 288.000000 172 179
2008_005504 0.437947 24.000000 141.000000 138.000000 342.000000 340 88
2008_005530 0.442904 131.000000 223.000000 161.000000 271.000000 278 134
2008_005530 0.797986 224.000000 231.000000 243.000000 260.000000 19 16
2008_005530 0.557067 256.000000 229.000000 270.000000 251.000000 236 6
2008_005530 0.216647 340.000000 217.000000 369.000000 255.000000 259 20
2008_005530 0.881899 454.000000 224.000000 486.000000 259.000000 292 25
2008_005530 0.377159 432.000000 227.000000 474.000000 239.000000 332 2
2008_005628 0.101662 32.000000 1.000000 199.000000 257.000000 60 97
2008_005664 0.971592 195.000000 225.000000 330.000000 240.000000 14 168
2008_005695 0.067947 99.000000 46.000000 398.000000 266.000000 130 116
2008_005720 0.469359 36.000000 119.000000 500.000000 328.000000 75 7
2008_005764 0.427062 160.000000 178.000000 302.000000 214.000000 54 178
2008_005863 0.580892 1.000000 1.000000 474.000000 372.000000 344 130
2008_005863 0.005029 382.000000 249.000000 401.000000 267.000000 194 127
2008_005863 0.008296 412.000000 224.000000 428.000000 266.000000 282 167
2008_006021 0.997137 198.000000 187.000000 278.000000 245.000000 297 138
2008_006094 0.641999 1.000000 65.000000 439.000000 333.000000 82 166
2008_006094 0.763844 315.000000 18.000000 393.000000 35.000000 38 48
2008_006163 0.469759 225.000000 290.000000 265.000000 341.000000 290 19
2008_006163 0.320323 180.000000 329.000000 203.000000 337.000000 79 166
2008_006185 0.878063 1.000000 178.000000 141.000000 269.000000 309 47
2008_006185 0.031689 416.000000 99.000000 484.000000 121.000000 68 137
2008_006229 0.376410 184.000000 30.000000 391.000000 297.000000 231 102
2008_006407 0.145443 1.000000 106.000000 426.000000 306.000000 77 143
2008_006407 0.186612 399.000000 169.000000 459.000000 187.000000 176 2
2008_006487 0.141057 1.000000 42.000000 170.000000 278.000000 175 151
2008_006489 0.034493 436.000000 64.000000 489.000000 158.000000 264 124
2008_006489 0.112451 384.000000 75.000000 435.000000 160.000000 176 175
2008_006489 0.594183 183.000000 66.000000 252.000000 158.000000 268 115
2008_006489 0.426504 98.000000 88.000000 143.000000 151.000000 180 102
2008_006489 0.561335 2.000000 95.000000 31.000000 150.000000 27 52
2008_006489 0.977769 234.000000 105.000000 269.000000 147.000000 228 168
2008_006489 0.602773 330.000000 103.000000 356.000000 144.000000 34 119
2008_006489 0.475578 299.000000 111.000000 320.000000 146.000000 171 64
2008_006489 0.089084 198.000000 84.000000 226.000000 146.000000 242 173
2008_006489 0.912197 133.000000 103.000000 160.000000 147.000000 287 106
2008_006489 0.051588 165.000000 136.000000 197.000000 145.000000 36 53
2008_006489 0.282985 362.000000 93.000000 406.000000 153.000000 181 138
2008_006489 0.453251 353.000000 93.000000 387.000000 151.000000 81 60
2008_006489 0.382514 465.000000 103.000000 498.000000 147.000000 265 92
2008_006747 0.628267 81.000000 180.000000 91.000000 198.000000 326 174
2008_006747 0.383020 114.000000 186.000000 134.000000 199.000000 48 111
2008_006747 0.706191 241.000000 180.000000 252.000000 196.000000 357 52
2008_006747 0.689435 218.000000 152.000000 253.000000 200.000000 193 35
2008_006824 0.045658 52.000000 137.000000 383.000000 198.000000 18 33
2008_006824 0.118155 279.000000 19.000000 457.000000 51.000000 319 151
2008_006825 0.572093 23.000000 130.000000 423.000000 168.000000 148 22
2008_006831 0.989865 184.000000 19.000000 488.000000 256.000000 342 46
2008_006833 0.665827 427.000000 142.000000 492.000000 183.000000 126 38
2008_006833 0.063538 296.000000 97.000000 450.000000 223.000000 350 112
2008_006833 0.231278 297.000000 144.000000 330.000000 183.000000 134 30
2008_006833 0.793292 1.000000 1.000000 308.000000 298.000000 19 162
2008_006925 0.753835 1.000000 4.000000 169.000000 118.000000 134 150
2008_006949 0.359278 56.000000 1.000000 93.000000 18.000000 224 71
2008_006949 0.548671 91.000000 1.000000 287.000000 68.000000 32 62
2008_006949 0.513521 54.000000 124.000000 210.000000 175.000000 166 116
2008_007056 0.463714 428.000000 190.000000 500.000000 238.000000 293 17
2008_007056 0.611330 71.000000 165.000000 429.000000 214.000000 212 34
2008_007143 0.842345 42.000000 156.000000 363.000000 205.000000 19 104
2008_007143 0.149057 398.000000 160.000000 466.000000 204.000000 180 79
2008_007305 0.796106 145.000000 311.000000 224.000000 322.000000 10 136
2008_007305 0.375092 71.000000 238.000000 208.000000 308.000000 106 21
2008_007305 0.665238 93.000000 249.000000 159.000000 266.000000 298 152
2008_007305 0.112699 190.000000 264.000000 228.000000 284.000000 346 170
2008_007305 0.066521 351.000000 223.000000 392.000000 299.000000 233 87
2008_007305 0.771303 320.000000 240.000000 370.000000 267.000000 323 90
2008_007441 0.651069 15.000000 122.000000 484.000000 248.000000 22 47
2008_007574 0.384943 71.000000 176.000000 108.000000 249.000000 48 115
2008_007574 0.381489 190.000000 24.000000 288.000000 317.000000 276 118
2008_007599 0.918927 46.000000 90.000000 424.000000 279.000000 108 61
2008_007643 0.454186 1.000000 349.000000 375.000000 498.000000 164 80
2008_007643 0.882403 45.000000 294.000000 375.000000 397.000000 340 39
2008_007643 0.766027 79.000000 201.000000 375.000000 297.000000 7 62
2008_007643 0.453021 114.000000 69.000000 255.000000 112.000000 123 111
2008_007643 0.601568 125.000000 89.000000 209.000000 117.000000 4 108
2008_007643 0.493299 268.000000 122.000000 375.000000 175.000000 234 62
2008_007643 0.055058 301.000000 70.000000 375.000000 147.000000 253 160
2008_007643 0.764071 118.000000 119.000000 175.000000 159.000000 35 117
2008_007643 0.364477 1.000000 95.000000 57.000000 149.000000 356 23
2008_007643 0.863458 48.000000 73.000000 125.000000 129.000000 243 68
2008_007643 0.672651 30.000000 111.000000 88.000000 136.000000 105 24
2008_007841 0.751157 1.000000 81.000000 62.000000 124.000000 73 156
2008_007841 0.149464 368.000000 89.000000 448.000000 179.000000 151 0
2008_007841 0.601251 1.000000 120.000000 448.000000 336.000000 99 157
2008_007884 0.435316 334.000000 163.000000 424.000000 203.000000 116 51
2008_007884 0.505292 34.000000 139.000000 397.000000 222.000000 325 167
2008_007884 0.023913 401.000000 117.000000 500.000000 156.000000 226 129
2008_007966 0.422531 1.000000 134.000000 94.000000 236.000000 207 8
2008_007966 0.065074 72.000000 124.000000 107.000000 148.000000 168 4
2008_008235 0.366796 148.000000 103.000000 382.000000 158.000000 333 96
2008_008235 0.149609 108.000000 108.000000 190.000000 127.000000 131 27
2009_000009 0.784028 203.000000 159.000000 227.000000 197.000000 126 60
2009_000009 0.131253 265.000000 178.000000 289.000000 189.000000 175 84
2009_000093 0.835160 1.000000 27.000000 450.000000 282.000000 319 121
2009_000305 0.979790 1.000000 232.000000 500.000000 332.000000 236 177
2009_000308 0.728242 126.000000 112.000000 170.000000 163.000000 90 112
2009_000378 0.190918 1.000000 30.000000 500.000000 375.000000 179 153
2009_000421 0.152953 243.000000 145.000000 360.000000 225.000000 45 1
2009_000446 0.385216 44.000000 39.000000 271.000000 327.000000 192 92
2009_000469 0.815242 55.000000 35.000000 349.000000 293.000000 112 1
2009_000469 0.244086 1.000000 53.000000 239.000000 291.000000 230 81
2009_000516 0.852191 155.000000 41.000000 351.000000 232.000000 289 148
2009_000516 0.841244 135.000000 77.000000 169.000000 105.000000 168 175
2009_000516 0.817571 17.000000 71.000000 58.000000 99.000000 28 43
2009_000608 0.951536 217.000000 251.000000 270.000000 293.000000 146 84
2009_000723 0.574534 73.000000 2.000000 465.000000 244.000000 347 138
2009_000828 0.166012 174.000000 109.000000 441.000000 272.000000 330 89
2009_000829 0.558298 179.000000 222.000000 416.000000 293.000000 117 53
2009_000829 0.166785 410.000000 236.000000 470.000000 266.000000 24 12
2009_000829 0.710456 436.000000 103.000000 500.000000 256.000000 341 146
2009_000829 0.987455 3.000000 234.000000 75.000000 258.000000 349 180
2009_000830 0.530459 101.000000 23.000000 387.000000 299.000000 54 173
2009_000919 0.895171 105.000000 189.000000 223.000000 221.000000 27 56
2009_001289 0.640210 125.000000 52.000000 206.000000 370.000000 301 0
2009_001406 0.064122 1.000000 130.000000 208.000000 240.000000 289 44
2009_001407 0.483719 41.000000 18.000000 304.000000 415.000000 95 18
2009_001723 0.886765 146.000000 171.000000 215.000000 214.000000 151 69
2009_001794 0.048181 23.000000 104.000000 171.000000 307.000000 151 51
2009_001794 0.029258 234.000000 109.000000 368.000000 331.000000 79 43
2009_001794 0.610921 232.000000 59.000000 392.000000 100.000000 253 1
2009_001794 0.652460 1.000000 135.000000 40.000000 209.000000 147 45
2009_001794 0.535565 461.000000 120.000000 500.000000 254.000000 115 19
2009_001794 0.666457 368.000000 120.000000 483.000000 360.000000 59 159
2009_001941 0.807014 234.000000 76.000000 500.000000 236.000000 305 137
2009_001941 0.688664 102.000000 74.000000 381.000000 271.000000 228 128
2009_001941 0.873194 1.000000 83.000000 162.000000 294.000000 116 96
2009_001949 0.432763 7.000000 210.000000 488.000000 273.000000 20 90
2009_002127 0.983036 13.000000 30.000000 334.000000 472.000000 326 113
2009_002136 0.468814 98.000000 192.000000 168.000000 216.000000 211 151
2009_002205 0.634462 456.000000 218.000000 500.000000 251.000000 196 32
2009_002205 0.479614 386.000000 222.000000 472.000000 253.000000 347 96
2009_002205 0.880800 354.000000 223.000000 393.000000 253.000000 286 17
2009_002306 0.678464 35.000000 195.000000 444.000000 293.000000 1 92
2009_002308 0.320513 1.000000 268.000000 357.000000 500.000000 204 86
2009_002449 0.682518 231.000000 120.000000 280.000000 163.000000 217 164
2009_002449 0.511029 99.000000 44.000000 315.000000 285.000000 341 18
2009_002453 0.688786 140.000000 235.000000 200.000000 247.000000 40 98
2009_002591 0.399051 313.000000 236.000000 403.000000 293.000000 53 140
2009_002727 0.061051 354.000000 192.000000 462.000000 241.000000 323 55
2009_002727 0.950395 278.000000 187.000000 416.000000 237.000000 79 15
2009_002778 0.012410 133.000000 172.000000 291.000000 214.000000 6 21
2009_002778 0.642449 199.000000 79.000000 293.000000 111.000000 78 2
2009_002830 0.193747 30.000000 64.000000 451.000000 238.000000 186 44
2009_003010 0.007793 127.000000 1.000000 309.000000 281.000000 33 66
2009_003043 0.308118 208.000000 188.000000 230.000000 271.000000 217 86
2009_003043 0.262432 47.000000 55.000000 231.000000 331.000000 268 151
2009_003043 0.341211 43.000000 200.000000 74.000000 263.000000 185 80
2009_003080 0.626465 112.000000 177.000000 323.000000 378.000000 302 177
2009_003084 0.579969 172.000000 60.000000 308.000000 261.000000 65 22
2009_003136 0.550239 1.000000 39.000000 489.000000 282.000000 118 48
2009_003136 0.055688 47.000000 297.000000 236.000000 350.000000 65 122
2009_003150 0.077390 1.000000 1.000000 500.000000 331.000000 12 52
2009_003247 0.395698 373.000000 189.000000 492.000000 209.000000 324 152
2009_003247 0.416218 181.000000 129.000000 367.000000 209.000000 61 77
2009_003247 0.951807 275.000000 103.000000 352.000000 148.000000 262 73
2009_003247 0.346001 20.000000 156.000000 200.000000 214.000000 328 171
2009_003247 0.210031 17.000000 137.000000 58.000000 149.000000 104 160
2009_003284 0.905463 81.000000 6.000000 452.000000 307.000000 47 94
2009_003351 0.078739 24.000000 81.000000 500.000000 317.000000 145 39
2009_003400 0.377492 256.000000 78.000000 356.000000 207.000000 336 109
2009_003400 0.333492 327.000000 94.000000 422.000000 197.000000 239 143
2009_003400 0.958714 90.000000 63.000000 266.000000 223.000000 249 37
2009_003400 0.442777 3.000000 79.000000 191.000000 228.000000 256 30
2009_003400 0.529331 1.000000 73.000000 98.000000 199.000000 228 167
2009_003462 0.923198 16.000000 193.000000 101.000000 215.000000 226 123
2009_003462 0.312476 101.000000 206.000000 132.000000 219.000000 55 73
2009_003504 0.490671 1.000000 209.000000 112.000000 267.000000 250 160
2009_003504 0.549879 60.000000 149.000000 406.000000 298.000000 290 59
2009_003707 0.676120 1.000000 187.000000 116.000000 252.000000 140 161
2009_003936 0.279227 149.000000 133.000000 309.000000 252.000000 298 20
2009_004034 0.034062 133.000000 135.000000 197.000000 191.000000 276 39
2009_004125 0.262089 42.000000 143.000000 307.000000 263.000000 157 169
2009_004148 0.026839 1.000000 285.000000 334.000000 429.000000 205 65
2009_004166 0.258982 25.000000 1.000000 442.000000 292.000000 180 149
2009_004166 0.660732 13.000000 153.000000 44.000000 162.000000 17 44
2009_004166 0.013004 42.000000 152.000000 59.000000 161.000000 119 119
2009_004166 0.033505 291.000000 156.000000 343.000000 169.000000 259 70
2009_004166 0.921336 211.000000 150.000000 282.000000 168.000000 146 129
2009_004224 0.896306 29.000000 85.000000 62.000000 102.000000 354 177
2009_004224 0.554979 405.000000 83.000000 465.000000 107.000000 312 144
2009_004273 0.654621 6.000000 26.000000 500.000000 306.000000 151 23
2009_004524 0.840164 44.000000 85.000000 500.000000 334.000000 311 49
2009_004635 0.268169 37.000000 183.000000 70.000000 199.000000 25 68
2009_004635 0.316375 255.000000 219.000000 349.000000 241.000000 55 114
2009_004635 0.738609 361.000000 173.000000 431.000000 203.000000 345 90
2009_004780 0.576451 256.000000 144.000000 388.000000 179.000000 5 109
2009_004780 0.878228 375.000000 149.000000 490.000000 183.000000 291 118
2009_004930 0.192580 381.000000 181.000000 460.000000 260.000000 325 27
2009_005239 0.389827 357.000000 95.000000 463.000000 280.000000 285 11
2009_005239 0.104209 29.000000 55.000000 146.000000 282.000000 108 132
2009_005239 0.532398 90.000000 105.000000 177.000000 265.000000 285 141
2009_005268 0.625803 48.000000 412.000000 86.000000 457.000000 91 13
2010_000024 0.129612 168.000000 72.000000 461.000000 234.000000 9 11
2010_000024 0.856111 1.000000 160.000000 169.000000 235.000000 162 121
2010_000084 0.313832 101.000000 116.000000 347.000000 235.000000 179 9
2010_000145 0.289150 10.000000 220.000000 357.000000 283.000000 231 142
2010_000272 0.595128 40.000000 46.000000 468.000000 158.000000 179 147
2010_000382 0.411690 1.000000 95.000000 342.000000 291.000000 193 60
2010_000559 0.462607 1.000000 179.000000 296.000000 281.000000 286 62
2010_000679 0.567779 79.000000 113.000000 161.000000 169.000000 132 122
2010_000729 0.398458 279.000000 163.000000 359.000000 233.000000 235 88
2010_000729 0.411028 245.000000 222.000000 287.000000 247.000000 172 12
2010_000729 0.729018 1.000000 217.000000 72.000000 243.000000 349 141
2010_000906 0.843270 159.000000 99.000000 364.000000 263.000000 276 136
2010_001036 0.111359 162.000000 169.000000 363.000000 279.000000 277 176
2010_001109 0.258095 110.000000 264.000000 160.000000 291.000000 143 89
2010_001164 0.726426 427.000000 167.000000 500.000000 218.000000 13 175
2010_001164 0.704824 304.000000 193.000000 325.000000 207.000000 53 27
2010_001357 0.410840 249.000000 196.000000 422.000000 236.000000 137 14
2010_001501 0.930248 59.000000 210.000000 335.000000 461.000000 51 144
2010_001525 0.678532 312.000000 87.000000 470.000000 222.000000 2 117
2010_001525 0.293959 282.000000 126.000000 383.000000 194.000000 91 152
2010_001525 0.797885 52.000000 193.000000 229.000000 274.000000 10 17
2010_001535 0.623923 351.000000 82.000000 430.000000 120.000000 256 141
2010_001691 0.405475 145.000000 97.000000 174.000000 200.000000 297 6
2010_001749 0.880839 1.000000 124.000000 500.000000 375.000000 90 87
2010_001916 0.026226 160.000000 102.000000 242.000000 172.000000 101 108
2010_001967 0.194893 248.000000 1.000000 456.000000 319.000000 56 150
2010_001967 0.671117 45.000000 274.000000 122.000000 312.000000 299 61
2010_002117 0.499482 27.000000 22.000000 337.000000 429.000000 19 132
2010_002150 0.376560 231.000000 192.000000 446.000000 261.000000 340 52
2010_002315 0.432512 34.000000 1.000000 441.000000 318.000000 41 174
2010_002321 0.506787 86.000000 163.000000 258.000000 256.000000 30 129
2010_002321 0.836006 136.000000 115.000000 295.000000 210.000000 118 136
2010_002321 0.435165 295.000000 150.000000 449.000000 243.000000 91 96
2010_002546 0.937451 59.000000 50.000000 173.000000 74.000000 57 108
2010_002546 0.550465 27.000000 48.000000 77.000000 60.000000 39 162
2010_002565 0.247546 39.000000 1.000000 408.000000 288.000000 154 27
2010_002780 0.354651 116.000000 46.000000 438.000000 281.000000 161 96
2010_002940 0.734092 145.000000 186.000000 217.000000 203.000000 278 159
2010_003103 0.641105 189.000000 1.000000 283.000000 120.000000 146 109
2010_003107 0.310469 1.000000 1.000000 368.000000 283.000000 46 89
2010_003156 0.426940 342.000000 217.000000 419.000000 233.000000 208 170
2010_003260 0.924982 309.000000 157.000000 373.000000 243.000000 12 167
2010_003260 0.786860 338.000000 236.000000 367.000000 255.000000 129 47
2010_003260 0.684794 104.000000 316.000000 327.000000 500.000000 184 101
2010_003508 0.942938 121.000000 109.000000 309.000000 271.000000 33 157
2010_003547 0.909396 163.000000 161.000000 500.000000 259.000000 35 152
2010_003640 0.650345 14.000000 49.000000 332.000000 473.000000 4 94
2010_003679 0.762853 260.000000 132.000000 473.000000 229.000000 139 117
2010_003679 0.278204 220.000000 139.000000 334.000000 226.000000 207 114
2010_003679 0.631622 25.000000 109.000000 285.000000 207.000000 302 77
2010_003757 0.400801 46.000000 2.000000 500.000000 333.000000 300 49
2010_003757 0.090384 178.000000 67.000000 253.000000 92.000000 200 80
2010_003848 0.429743 254.000000 252.000000 322.000000 301.000000 268 6
2010_003878 0.522340 12.000000 229.000000 406.000000 303.000000 13 176
2010_004006 0.884452 158.000000 30.000000 477.000000 226.000000 327 69
2010_004041 0.894560 367.000000 123.000000 495.000000 244.000000 92 164
2010_004041 0.567597 240.000000 127.000000 393.000000 233.000000 143 113
2010_004041 0.003859 123.000000 128.000000 261.000000 215.000000 322 39
2010_004041 0.244865 1.000000 134.000000 164.000000 222.000000 317 42
2010_004124 0.825621 121.000000 128.000000 375.000000 217.000000 231 55
2010_004208 0.390795 229.000000 105.000000 326.000000 258.000000 318 170
2010_004253 0.625165 13.000000 92.000000 431.000000 229.000000 288 28
2010_004486 0.531180 35.000000 214.000000 98.000000 239.000000 252 15
2010_004486 0.234786 168.000000 225.000000 203.000000 242.000000 320 47
2010_004486 0.152366 360.000000 215.000000 457.000000 240.000000 302 89
2010_004486 0.562948 252.000000 228.000000 279.000000 242.000000 83 118
2010_004567 0.715905 38.000000 244.000000 437.000000 309.000000 105 112
2010_004662 0.362206 1.000000 176.000000 500.000000 375.000000 101 74
2010_004714 0.902070 237.000000 198.000000 453.000000 245.000000 281 24
2010_004714 0.783590 216.000000 196.000000 365.000000 230.000000 104 90
2010_004714 0.696619 179.000000 194.000000 319.000000 216.000000 244 27
2010_004714 0.886412 152.000000 189.000000 287.000000 208.000000 46 170
2010_004772 0.976793 47.000000 1.000000 500.000000 333.000000 185 122
2010_005192 0.827052 18.000000 128.000000 500.000000 306.000000 45 135
2010_005252 0.428641 352.000000 187.000000 495.000000 353.000000 281 34
2010_005332 0.134702 1.000000 1.000000 121.000000 267.000000 5 59
2010_005332 0.792023 100.000000 1.000000 372.000000 415.000000 162 103
2010_005401 0.925704 1.000000 1.000000 499.000000 263.000000 151 96
2010_005705 0.901124 74.000000 197.000000 190.000000 373.000000 324 98
2010_005705 0.334905 154.000000 189.000000 258.000000 375.000000 19 146
2010_005780 0.348235 181.000000 142.000000 444.000000 277.000000 82 148
2011_000086 0.955370 11.000000 57.000000 146.000000 105.000000 60 5
2011_000130 0.939094 396.000000 145.000000 500.000000 213.000000 245 155
2011_000130 0.256692 18.000000 176.000000 143.000000 203.000000 245 165
2011_000161 0.300063 255.000000 213.000000 275.000000 227.000000 319 166
2011_000161 0.084952 207.000000 246.000000 254.000000 304.000000 26 138
2011_000161 0.651249 72.000000 245.000000 117.000000 301.000000 262 81
2011_000234 0.633801 55.000000 60.000000 290.000000 456.000000 61 96
2011_000234 0.886326 316.000000 339.000000 334.000000 400.000000 5 85
2011_000238 0.659548 59.000000 250.000000 347.000000 454.000000 41 80
2011_000273 0.694286 198.000000 189.000000 313.000000 251.000000 106 171
2011_000435 0.879278 410.000000 1.000000 500.000000 130.000000 74 100
2011_000435 0.894901 352.000000 62.000000 413.000000 95.000000 201 135
2011_000435 0.189154 71.000000 1.000000 500.000000 375.000000 303 24
2011_000683 0.009085 352.000000 299.000000 474.000000 351.000000 55 5
2011_000683 0.918923 2.000000 230.000000 275.000000 282.000000 215 110
2011_000744 0.495574 257.000000 8.000000 334.000000 87.000000 264 54
2011_000744 0.116761 209.000000 166.000000 300.000000 262.000000 93 132
2011_000744 0.745234 271.000000 241.000000 358.000000 330.000000 269 146
2011_000744 0.468952 295.000000 154.000000 375.000000 246.000000 121 105
2011_000744 0.685945 347.000000 277.000000 375.000000 340.000000 31 149
2011_000744 0.183774 322.000000 357.000000 375.000000 448.000000 96 175
2011_000749 0.236489 148.000000 14.000000 335.000000 325.000000 108 74
2011_000986 0.180548 201.000000 131.000000 464.000000 190.000000 70 127
2011_000986 0.462782 196.000000 109.000000 358.000000 132.000000 188 53
2011_001029 0.001009 11.000000 315.000000 146.000000 395.000000 333 39
2011_001160 0.514952 1.000000 1.000000 256.000000 263.000000 326 122
2011_001161 0.996880 175.000000 147.000000 262.000000 261.000000 188 19
2011_001221 0.393367 278.000000 315.000000 425.000000 367.000000 129 113
2011_001252 0.509110 125.000000 23.000000 190.000000 281.000000 3 98
2011_001252 0.841730 62.000000 126.000000 92.000000 167.000000 89 8
2011_001252 0.783419 127.000000 271.000000 195.000000 484.000000 17 57
2011_001589 0.778044 137.000000 117.000000 344.000000 173.000000 350 106
2011_001589 0.664615 447.000000 157.000000 498.000000 178.000000 262 117
2011_001589 0.398440 67.000000 162.000000 85.000000 176.000000 338 96
2011_001591 0.132874 372.000000 131.000000 444.000000 199.000000 241 79
2011_001592 0.395136 1.000000 2.000000 434.000000 319.000000 158 99
2011_001613 0.522350 216.000000 106.000000 293.000000 186.000000 143 135
2011_001693 0.250852 140.000000 90.000000 185.000000 126.000000 177 16
2011_001693 0.709445 97.000000 99.000000 132.000000 116.000000 161 115
2011_001771 0.092229 102.000000 101.000000 382.000000 316.000000 357 168
2011_001793 0.970455 474.000000 300.000000 484.000000 315.000000 343 29
2011_001793 0.070295 2.000000 2.000000 439.000000 342.000000 215 43
2011_001793 0.076710 194.000000 302.000000 248.000000 323.000000 108 146
2011_002036 0.158180 142.000000 155.000000 316.000000 214.000000 128 24
2011_002459 0.086482 68.000000 196.000000 166.000000 235.000000 22 126
2011_002459 0.651401 166.000000 168.000000 366.000000 246.000000 222 31
2011_002490 0.830560 1.000000 187.000000 500.000000 375.000000 180 51
2011_002519 0.000326 207.000000 164.000000 255.000000 196.000000 295 169
2011_002519 0.106421 419.000000 170.000000 499.000000 192.000000 231 1
2011_002558 0.239608 296.000000 212.000000 358.000000 297.000000 38 66
2011_002578 0.387064 432.000000 61.000000 500.000000 131.000000 125 45
2011_002588 0.787553 42.000000 1.000000 500.000000 375.000000 152 115
2011_002740 0.740468 306.000000 138.000000 380.000000 165.000000 97 152
2011_002740 0.065436 341.000000 212.000000 472.000000 248.000000 297 33
2011_002740 0.111618 202.000000 107.000000 247.000000 122.000000 220 126
2011_002740 0.812233 422.000000 34.000000 469.000000 100.000000 34 108
2011_002740 0.731279 67.000000 100.000000 95.000000 117.000000 293 16
2011_002740 0.070688 344.000000 85.000000 373.000000 104.000000 325 81
2011_002740 0.040492 35.000000 90.000000 60.000000 119.000000 87 132
2011_002740 0.953828 183.000000 100.000000 215.000000 116.000000 153 97
2011_002740 0.646220 403.000000 85.000000 428.000000 99.000000 75 21
2011_002740 0.248344 274.000000 206.000000 427.000000 237.000000 39 177
2011_002740 0.830054 331.000000 254.000000 438.000000 315.000000 218 147
2011_002740 0.915108 192.000000 236.000000 342.000000 280.000000 176 137
2011_002740 0.547061 85.000000 234.000000 336.000000 301.000000 324 39
2011_002740 0.746889 1.000000 221.000000 64.000000 295.000000 282 35
2011_002740 0.260548 1.000000 216.000000 158.000000 281.000000 171 105
2011_002740 0.917129 338.000000 250.000000 500.000000 305.000000 31 54
2011_002754 0.762970 286.000000 28.000000 377.000000 171.000000 169 49
2011_002854 0.879986 166.000000 273.000000 236.000000 321.000000 278 4
2011_002854 0.669044 84.000000 295.000000 162.000000 321.000000 287 58
2011_002854 0.281960 454.000000 288.000000 500.000000 316.000000 107 167
2011_002871 0.477134 173.000000 95.000000 464.000000 177.000000 61 134
2011_002871 0.313027 44.000000 88.000000 265.000000 156.000000 235 174
2011_002943 0.365384 103.000000 110.000000 393.000000 220.000000 28 142
2011_002975 0.076919 125.000000 237.000000 279.000000 346.000000 211 33
2011_002975 0.300957 274.000000 289.000000 324.000000 310.000000 55 149
2011_002975 0.817371 1.000000 206.000000 43.000000 310.000000 138 117
2011_002975 0.189862 29.000000 117.000000 352.000000 245.000000 276 67
2011_002975 0.282888 412.000000 283.000000 464.000000 304.000000 233 1
2011_002975 0.325289 112.000000 259.000000 173.000000 306.000000 230 107
2011_002975 0.735877 263.000000 228.000000 311.000000 278.000000 356 22
2011_002975 0.832243 317.000000 254.000000 365.000000 275.000000 56 78
2011_002975 0.556926 301.000000 234.000000 356.000000 257.000000 130 14
2011_002975 0.699655 364.000000 279.000000 418.000000 300.000000 99 24
2011_002975 0.101215 462.000000 278.000000 500.000000 296.000000 175 33
2011_003115 0.323789 102.000000 221.000000 393.000000 256.000000 73 24
2011_003232 0.247686 1.000000 1.000000 367.000000 375.000000 342 96
