2008_000043 0.396264 244.000000 156.000000 316.000000 287.000000 277 71
2008_000043 0.948883 328.000000 162.000000 388.000000 194.000000 249 43
2008_000043 0.041431 355.000000 180.000000 440.000000 328.000000 49 92
2008_000043 0.948322 289.000000 197.000000 373.000000 336.000000 112 58
2008_000043 0.444675 164.000000 195.000000 264.000000 342.000000 75 88
2008_000043 0.788515 150.000000 161.000000 186.000000 282.000000 296 3
2008_000051 0.513850 335.000000 252.000000 481.000000 371.000000 195 8
2008_000051 0.659889 220.000000 192.000000 319.000000 371.000000 160 88
2008_000067 0.943850 94.000000 224.000000 255.000000 445.000000 182 134
2008_000107 0.090313 68.000000 212.000000 288.000000 482.000000 288 79
2008_000115 0.758922 1.000000 1.000000 497.000000 400.000000 336 68
2008_000149 0.595794 1.000000 118.000000 115.000000 265.000000 289 145
2008_000246 0.476472 352.000000 1.000000 500.000000 233.000000 117 135
2008_000274 0.424017 46.000000 257.000000 128.000000 333.000000 186 86
2008_000274 0.877671 297.000000 276.000000 372.000000 333.000000 63 51
2008_000305 0.606282 80.000000 205.000000 193.000000 328.000000 315 88
2008_000381 0.583054 1.000000 430.000000 72.000000 500.000000 258 25
2008_000381 0.063902 70.000000 432.000000 134.000000 500.000000 70 11
2008_000418 0.150116 421.000000 264.000000 490.000000 375.000000 338 94
2008_000418 0.312334 307.000000 235.000000 385.000000 354.000000 233 105
2008_000473 0.219516 115.000000 241.000000 309.000000 324.000000 242 71
2008_000473 0.033501 87.000000 301.000000 335.000000 458.000000 87 70
2008_000489 0.558440 396.000000 208.000000 500.000000 375.000000 125 99
2008_000498 0.475858 247.000000 2.000000 335.000000 132.000000 24 105
2008_000498 0.190028 321.000000 56.000000 440.000000 196.000000 238 141
2008_000498 0.914518 341.000000 29.000000 419.000000 143.000000 346 96
2008_000673 0.052182 70.000000 26.000000 320.000000 213.000000 232 28
2008_000690 0.527712 1.000000 70.000000 375.000000 500.000000 5 35
2008_000817 0.554839 249.000000 155.000000 293.000000 246.000000 53 13
2008_000817 0.156598 207.000000 152.000000 246.000000 228.000000 353 29
2008_000817 0.718401 294.000000 163.000000 343.000000 244.000000 59 14
2008_000835 0.605144 382.000000 231.000000 480.000000 375.000000 161 92
2008_000835 0.290255 406.000000 185.000000 463.000000 259.000000 318 22
2008_000904 0.067965 1.000000 72.000000 96.000000 306.000000 22 26
2008_000904 0.897677 334.000000 118.000000 402.000000 320.000000 67 138
2008_000936 0.228757 2.000000 30.000000 335.000000 447.000000 187 152
2008_000976 0.696048 1.000000 326.000000 102.000000 375.000000 154 66
2008_000976 0.753004 32.000000 245.000000 92.000000 347.000000 340 39
2008_000976 0.880870 369.000000 314.000000 418.000000 375.000000 187 137
2008_000976 0.027152 437.000000 250.000000 470.000000 319.000000 85 169
2008_001046 0.166991 34.000000 283.000000 119.000000 372.000000 202 160
2008_001046 0.567591 117.000000 283.000000 202.000000 375.000000 153 59
2008_001046 0.621351 215.000000 279.000000 286.000000 368.000000 298 71
2008_001046 0.813402 291.000000 276.000000 359.000000 370.000000 347 149
2008_001046 0.670428 394.000000 309.000000 477.000000 375.000000 344 33
2008_001046 0.681018 296.000000 313.000000 355.000000 375.000000 265 148
2008_001046 0.120189 205.000000 315.000000 293.000000 375.000000 119 6
2008_001046 0.901353 94.000000 317.000000 183.000000 375.000000 102 151
2008_001046 0.033789 1.000000 315.000000 75.000000 375.000000 162 178
2008_001046 0.975459 390.000000 217.000000 441.000000 301.000000 309 95
2008_001077 0.353375 62.000000 98.000000 199.000000 160.000000 316 29
2008_001077 0.441094 285.000000 288.000000 500.000000 375.000000 21 80
2008_001077 0.494556 384.000000 86.000000 500.000000 308.000000 118 165
2008_001155 0.831781 207.000000 196.000000 244.000000 304.000000 256 120
2008_001155 0.410567 33.000000 305.000000 121.000000 375.000000 93 138
2008_001155 0.972300 1.000000 184.000000 42.000000 266.000000 20 157
2008_001199 0.755566 456.000000 303.000000 500.000000 375.000000 42 91
2008_001320 0.441098 100.000000 210.000000 180.000000 309.000000 40 6
2008_001320 0.940153 457.000000 233.000000 480.000000 310.000000 47 175
2008_001320 0.693036 293.000000 237.000000 314.000000 310.000000 336 177
2008_001333 0.064106 1.000000 91.000000 373.000000 500.000000 253 67
2008_001333 0.540162 198.000000 374.000000 375.000000 500.000000 160 98
2008_001338 0.947014 176.000000 144.000000 195.000000 185.000000 283 108
2008_001338 0.122686 479.000000 88.000000 500.000000 159.000000 227 158
2008_001338 0.231243 391.000000 93.000000 422.000000 151.000000 293 176
2008_001439 0.725066 7.000000 36.000000 180.000000 268.000000 329 122
2008_001439 0.529627 175.000000 37.000000 314.000000 275.000000 247 143
2008_001439 0.907040 324.000000 35.000000 491.000000 274.000000 272 91
2008_001439 0.175046 70.000000 9.000000 198.000000 200.000000 44 153
2008_001439 0.606064 205.000000 6.000000 310.000000 202.000000 275 83
2008_001439 0.730075 321.000000 6.000000 433.000000 202.000000 131 72
2008_001451 0.609732 95.000000 259.000000 199.000000 374.000000 344 158
2008_001451 0.777265 65.000000 281.000000 179.000000 375.000000 348 114
2008_001451 0.101267 313.000000 216.000000 368.000000 255.000000 323 41
2008_001451 0.727096 396.000000 277.000000 490.000000 348.000000 298 76
2008_001503 0.312200 1.000000 44.000000 75.000000 142.000000 337 53
2008_001527 0.640400 1.000000 11.000000 500.000000 375.000000 198 99
2008_001596 0.417908 288.000000 128.000000 363.000000 236.000000 215 29
2008_001596 0.236308 277.000000 140.000000 337.000000 275.000000 133 14
2008_001613 0.790787 279.000000 200.000000 358.000000 317.000000 358 164
2008_001613 0.053838 102.000000 194.000000 177.000000 313.000000 49 99
2008_001613 0.911402 171.000000 218.000000 256.000000 332.000000 244 148
2008_001613 0.779872 1.000000 194.000000 49.000000 281.000000 53 55
2008_001624 0.878217 448.000000 184.000000 500.000000 276.000000 175 99
2008_001624 0.351324 1.000000 188.000000 184.000000 267.000000 356 3
2008_001636 0.970013 62.000000 177.000000 165.000000 316.000000 192 135
2008_001636 0.951138 337.000000 144.000000 416.000000 293.000000 250 49
2008_001702 0.733171 1.000000 1.000000 166.000000 500.000000 327 82
2008_001715 0.389300 111.000000 39.000000 292.000000 333.000000 201 179
2008_001723 0.386000 228.000000 275.000000 291.000000 375.000000 317 161
2008_001723 0.904127 117.000000 230.000000 209.000000 351.000000 262 164
2008_001723 0.572409 289.000000 222.000000 328.000000 266.000000 29 6
2008_001723 0.020680 234.000000 227.000000 310.000000 276.000000 3 36
2008_001764 0.952083 404.000000 160.000000 493.000000 314.000000 285 34
2008_001772 0.426050 86.000000 205.000000 159.000000 333.000000 277 147
2008_001772 0.858516 220.000000 166.000000 286.000000 269.000000 108 122
2008_001773 0.843587 59.000000 230.000000 223.000000 375.000000 314 161
2008_001773 0.065334 384.000000 186.000000 475.000000 255.000000 175 88
2008_001773 0.110083 275.000000 147.000000 407.000000 210.000000 165 107
2008_001841 0.580180 45.000000 133.000000 476.000000 375.000000 124 48
2008_001862 0.054213 292.000000 28.000000 374.000000 167.000000 157 75
2008_001869 0.709095 137.000000 231.000000 291.000000 375.000000 93 44
2008_001869 0.129219 378.000000 259.000000 500.000000 375.000000 237 21
2008_001910 0.556150 1.000000 220.000000 108.000000 320.000000 28 132
2008_001910 0.256561 42.000000 188.000000 98.000000 233.000000 300 19
2008_001910 0.277437 105.000000 177.000000 147.000000 216.000000 19 118
2008_001928 0.523997 1.000000 248.000000 93.000000 375.000000 255 23
2008_001928 0.468935 79.000000 322.000000 124.000000 375.000000 17 18
2008_002026 0.204917 148.000000 216.000000 275.000000 363.000000 256 108
2008_002071 0.314829 257.000000 127.000000 394.000000 297.000000 223 126
2008_002071 0.241306 81.000000 184.000000 264.000000 333.000000 290 32
2008_002082 0.818668 178.000000 165.000000 224.000000 221.000000 214 156
2008_002082 0.944532 1.000000 165.000000 60.000000 246.000000 212 0
2008_002082 0.873449 227.000000 174.000000 287.000000 240.000000 285 72
2008_002114 0.168445 100.000000 244.000000 248.000000 375.000000 243 44
2008_002114 0.325152 362.000000 195.000000 500.000000 375.000000 310 59
2008_002328 0.164068 304.000000 267.000000 430.000000 375.000000 144 137
2008_002328 0.821354 1.000000 200.000000 329.000000 375.000000 248 116
2008_002379 0.859483 2.000000 241.000000 165.000000 371.000000 136 20
2008_002384 0.741138 40.000000 232.000000 147.000000 375.000000 257 104
2008_002403 0.800912 1.000000 119.000000 282.000000 375.000000 271 100
2008_002438 0.685926 104.000000 68.000000 252.000000 137.000000 241 96
2008_002481 0.819132 206.000000 290.000000 313.000000 377.000000 344 113
2008_002481 0.221580 444.000000 291.000000 500.000000 321.000000 68 135
2008_002485 0.399962 81.000000 189.000000 335.000000 375.000000 150 142
2008_002502 0.042863 20.000000 86.000000 118.000000 322.000000 16 36
2008_002502 0.419884 232.000000 181.000000 327.000000 320.000000 230 45
2008_002508 0.341014 297.000000 151.000000 355.000000 246.000000 62 159
2008_002508 0.024470 318.000000 162.000000 380.000000 268.000000 74 143
2008_002508 0.933367 349.000000 170.000000 422.000000 297.000000 14 95
2008_002508 0.643866 416.000000 172.000000 499.000000 290.000000 217 108
2008_002508 0.884904 390.000000 152.000000 415.000000 172.000000 332 39
2008_002508 0.032592 276.000000 144.000000 318.000000 211.000000 18 146
2008_002508 0.196795 136.000000 161.000000 185.000000 217.000000 149 107
2008_002508 0.174414 136.000000 131.000000 175.000000 157.000000 287 38
2008_002508 0.661565 54.000000 189.000000 157.000000 308.000000 221 169
2008_002508 0.380197 396.000000 162.000000 451.000000 269.000000 77 164
2008_002521 0.906887 211.000000 219.000000 285.000000 367.000000 13 41
2008_002567 0.560786 19.000000 260.000000 56.000000 375.000000 313 105
2008_002567 0.214641 53.000000 275.000000 72.000000 331.000000 0 23
2008_002567 0.318075 68.000000 199.000000 91.000000 245.000000 298 70
2008_002567 0.428178 168.000000 266.000000 204.000000 320.000000 94 53
2008_002567 0.657666 472.000000 253.000000 500.000000 375.000000 69 102
2008_002795 0.956791 412.000000 185.000000 500.000000 375.000000 247 64
2008_002869 0.390228 41.000000 146.000000 407.000000 375.000000 88 135
2008_002920 0.707606 1.000000 128.000000 109.000000 305.000000 304 67
2008_003073 0.750528 58.000000 223.000000 165.000000 333.000000 124 158
2008_003136 0.372938 172.000000 68.000000 226.000000 181.000000 156 72
2008_003178 0.072712 119.000000 84.000000 381.000000 375.000000 160 68
2008_003178 0.304784 224.000000 146.000000 341.000000 314.000000 159 109
2008_003178 0.476880 252.000000 165.000000 305.000000 282.000000 146 18
2008_003178 0.884416 322.000000 174.000000 389.000000 270.000000 105 3
2008_003178 0.154390 441.000000 167.000000 500.000000 287.000000 76 123
2008_003178 0.891408 88.000000 127.000000 244.000000 348.000000 351 90
2008_003245 0.607214 1.000000 140.000000 336.000000 375.000000 262 89
2008_003245 0.796915 142.000000 77.000000 394.000000 335.000000 126 95
2008_003245 0.348152 360.000000 41.000000 500.000000 157.000000 99 53
2008_003280 0.206680 55.000000 288.000000 175.000000 455.000000 315 17
2008_003280 0.726748 25.000000 242.000000 94.000000 351.000000 109 63
2008_003351 0.078559 474.000000 176.000000 500.000000 252.000000 319 9
2008_003351 0.026289 371.000000 139.000000 456.000000 241.000000 5 35
2008_003407 0.919917 9.000000 182.000000 90.000000 288.000000 169 44
2008_003407 0.078074 419.000000 243.000000 500.000000 293.000000 258 88
2008_003407 0.607713 313.000000 221.000000 366.000000 292.000000 191 120
2008_003432 0.816614 286.000000 185.000000 469.000000 358.000000 151 20
2008_003442 0.804133 101.000000 277.000000 173.000000 356.000000 90 92
2008_003472 0.861927 170.000000 107.000000 396.000000 374.000000 184 54
2008_003477 0.900880 362.000000 134.000000 462.000000 208.000000 21 132
2008_003477 0.153814 46.000000 139.000000 155.000000 239.000000 167 84
2008_003477 0.488629 1.000000 148.000000 41.000000 259.000000 346 158
2008_003547 0.925425 1.000000 227.000000 116.000000 459.000000 147 23
2008_003681 0.324061 72.000000 226.000000 249.000000 424.000000 2 34
2008_003753 0.729369 248.000000 225.000000 349.000000 375.000000 18 26
2008_003753 0.236767 1.000000 281.000000 77.000000 375.000000 174 61
2008_003753 0.324255 102.000000 224.000000 160.000000 375.000000 162 33
2008_003753 0.696360 164.000000 215.000000 238.000000 329.000000 95 149
2008_003753 0.287838 150.000000 213.000000 193.000000 320.000000 120 104
2008_003821 0.677080 33.000000 163.000000 231.000000 493.000000 95 47
2008_003838 0.055845 65.000000 11.000000 500.000000 342.000000 187 14
2008_003838 0.284289 382.000000 13.000000 500.000000 186.000000 93 79
2008_003881 0.773955 366.000000 226.000000 473.000000 369.000000 244 171
2008_003881 0.746817 423.000000 198.000000 482.000000 285.000000 229 136
2008_003904 0.392488 8.000000 268.000000 125.000000 315.000000 211 139
2008_003904 0.290202 132.000000 265.000000 255.000000 324.000000 218 45
2008_004003 0.141796 377.000000 219.000000 467.000000 331.000000 7 63
2008_004054 0.829009 472.000000 196.000000 500.000000 281.000000 148 28
2008_004071 0.820633 32.000000 156.000000 160.000000 375.000000 266 18
2008_004124 0.662776 104.000000 100.000000 436.000000 375.000000 82 19
2008_004251 0.623253 25.000000 115.000000 67.000000 163.000000 344 147
2008_004289 0.434377 306.000000 162.000000 491.000000 333.000000 118 50
2008_004289 0.006154 54.000000 31.000000 193.000000 94.000000 126 158
2008_004289 0.304984 184.000000 16.000000 297.000000 65.000000 251 61
2008_004297 0.893074 119.000000 114.000000 257.000000 247.000000 233 166
2008_004297 0.129619 1.000000 240.000000 288.000000 375.000000 359 13
2008_004333 0.686159 45.000000 270.000000 187.000000 375.000000 353 16
2008_004344 0.884416 1.000000 218.000000 147.000000 375.000000 334 26
2008_004384 0.238306 46.000000 244.000000 212.000000 443.000000 7 62
2008_004384 0.794512 1.000000 292.000000 84.000000 500.000000 354 152
2008_004384 0.836511 181.000000 269.000000 375.000000 500.000000 324 140
2008_004408 0.664494 280.000000 280.000000 331.000000 373.000000 116 134
2008_004408 0.908637 384.000000 290.000000 445.000000 375.000000 104 61
2008_004445 0.208770 204.000000 233.000000 295.000000 332.000000 12 125
2008_004445 0.099642 293.000000 266.000000 397.000000 332.000000 297 39
2008_004445 0.799062 280.000000 221.000000 328.000000 254.000000 223 19
2008_004445 0.281589 387.000000 227.000000 476.000000 332.000000 325 56
2008_004460 0.988482 101.000000 272.000000 297.000000 375.000000 2 89
2008_004460 0.600408 376.000000 297.000000 500.000000 375.000000 266 56
2008_004460 0.579329 321.000000 206.000000 394.000000 233.000000 281 20
2008_004487 0.242970 369.000000 181.000000 500.000000 375.000000 313 124
2008_004501 0.067573 360.000000 224.000000 427.000000 375.000000 123 98
2008_004501 0.488974 443.000000 52.000000 500.000000 140.000000 148 43
2008_004541 0.517978 227.000000 344.000000 375.000000 500.000000 290 68
2008_004553 0.207631 1.000000 27.000000 333.000000 500.000000 34 164
2008_004564 0.758373 1.000000 220.000000 246.000000 333.000000 138 119
2008_004579 0.995338 46.000000 1.000000 342.000000 176.000000 62 93
2008_004592 0.043308 314.000000 1.000000 407.000000 98.000000 255 15
2008_004592 0.486799 302.000000 1.000000 500.000000 271.000000 177 80
2008_004592 0.880722 12.000000 1.000000 226.000000 260.000000 60 65
2008_004612 0.907355 118.000000 76.000000 385.000000 331.000000 268 75
2008_004619 0.946587 183.000000 112.000000 272.000000 207.000000 34 33
2008_004632 0.289225 1.000000 290.000000 283.000000 500.000000 36 70
2008_004665 0.417485 293.000000 199.000000 432.000000 313.000000 26 35
2008_004670 0.239713 456.000000 191.000000 500.000000 283.000000 105 126
2008_004670 0.154915 383.000000 160.000000 460.000000 254.000000 345 55
2008_004670 0.443872 375.000000 139.000000 429.000000 230.000000 200 142
2008_004670 0.304441 318.000000 134.000000 373.000000 216.000000 358 79
2008_004670 0.222881 264.000000 131.000000 316.000000 210.000000 89 173
2008_004670 0.270025 242.000000 125.000000 288.000000 166.000000 142 40
2008_004670 0.911030 189.000000 128.000000 239.000000 188.000000 151 180
2008_004670 0.079145 197.000000 115.000000 226.000000 142.000000 198 107
2008_004670 0.463311 88.000000 117.000000 129.000000 164.000000 208 162
2008_004670 0.652236 45.000000 116.000000 86.000000 166.000000 143 19
2008_004720 0.428478 319.000000 113.000000 500.000000 375.000000 357 122
2008_004778 0.745055 63.000000 85.000000 258.000000 400.000000 236 106
2008_004881 0.938041 303.000000 237.000000 352.000000 332.000000 231 91
2008_004887 0.702657 1.000000 289.000000 117.000000 375.000000 218 115
2008_004896 0.712123 206.000000 64.000000 428.000000 320.000000 310 68
2008_004948 0.434676 439.000000 200.000000 496.000000 287.000000 188 65
2008_004982 0.979004 165.000000 102.000000 224.000000 188.000000 248 41
2008_004984 0.338433 305.000000 11.000000 401.000000 154.000000 351 52
2008_005037 0.794922 181.000000 69.000000 331.000000 292.000000 359 142
2008_005068 0.448093 136.000000 293.000000 259.000000 477.000000 228 146
2008_005070 0.513268 385.000000 66.000000 500.000000 250.000000 299 23
2008_005070 0.531900 1.000000 109.000000 56.000000 276.000000 258 45
2008_005070 0.670861 1.000000 273.000000 122.000000 375.000000 138 144
2008_005107 0.576272 1.000000 75.000000 375.000000 500.000000 354 169
2008_005111 0.180845 302.000000 161.000000 374.000000 284.000000 29 74
2008_005111 0.885283 202.000000 147.000000 300.000000 262.000000 358 94
2008_005111 0.095281 203.000000 112.000000 268.000000 189.000000 233 84
2008_005111 0.156003 1.000000 109.000000 34.000000 207.000000 348 112
2008_005167 0.539014 1.000000 1.000000 92.000000 241.000000 143 159
2008_005191 0.183745 263.000000 177.000000 387.000000 375.000000 196 80
2008_005205 0.529510 433.000000 198.000000 500.000000 380.000000 90 51
2008_005205 0.905680 74.000000 240.000000 263.000000 380.000000 202 75
2008_005205 0.288782 1.000000 183.000000 96.000000 348.000000 110 117
2008_005257 0.805918 283.000000 215.000000 435.000000 375.000000 92 64
2008_005257 0.231142 36.000000 183.000000 180.000000 375.000000 194 106
2008_005257 0.980139 164.000000 147.000000 263.000000 310.000000 37 116
2008_005257 0.009385 203.000000 121.000000 244.000000 155.000000 37 34
2008_005257 0.468530 322.000000 126.000000 364.000000 150.000000 302 87
2008_005257 0.544138 303.000000 143.000000 375.000000 177.000000 327 75
2008_005323 0.509416 22.000000 201.000000 193.000000 337.000000 252 14
2008_005347 0.614405 222.000000 308.000000 381.000000 375.000000 175 154
2008_005348 0.164180 1.000000 31.000000 79.000000 162.000000 42 109
2008_005348 0.875211 1.000000 201.000000 140.000000 287.000000 144 96
2008_005417 0.126025 50.000000 266.000000 142.000000 375.000000 237 142
2008_005417 0.109084 133.000000 300.000000 220.000000 375.000000 189 162
2008_005417 0.411232 227.000000 283.000000 313.000000 375.000000 228 15
2008_005445 0.809947 77.000000 252.000000 193.000000 436.000000 257 18
2008_005552 0.621821 1.000000 1.000000 336.000000 500.000000 230 162
2008_005574 0.489269 1.000000 26.000000 286.000000 500.000000 149 117
2008_005574 0.950262 215.000000 32.000000 375.000000 407.000000 34 115
2008_005574 0.591483 178.000000 1.000000 315.000000 179.000000 171 109
2008_005608 0.156552 372.000000 194.000000 500.000000 250.000000 81 120
2008_005608 0.169124 304.000000 251.000000 416.000000 374.000000 279 38
2008_005796 0.162767 12.000000 133.000000 35.000000 160.000000 261 46
2008_005848 0.262978 247.000000 238.000000 375.000000 380.000000 225 45
2008_005857 0.104579 363.000000 91.000000 500.000000 334.000000 304 72
2008_005857 0.874534 1.000000 1.000000 289.000000 375.000000 70 65
2008_005881 0.358428 1.000000 206.000000 115.000000 415.000000 216 46
2008_005881 0.447952 93.000000 186.000000 162.000000 325.000000 320 162
2008_005914 0.178848 479.000000 171.000000 500.000000 200.000000 97 100
2008_005914 0.168105 451.000000 187.000000 480.000000 212.000000 309 42
2008_005914 0.555165 275.000000 200.000000 321.000000 253.000000 10 58
2008_005975 0.024408 65.000000 293.000000 414.000000 375.000000 297 145
2008_005975 0.466052 181.000000 63.000000 367.000000 135.000000 134 89
2008_005975 0.578033 389.000000 80.000000 500.000000 144.000000 15 111
2008_006008 0.136633 170.000000 323.000000 335.000000 500.000000 108 78
2008_006008 0.035303 38.000000 311.000000 179.000000 500.000000 108 137
2008_006008 0.446946 21.000000 270.000000 92.000000 452.000000 97 179
2008_006045 0.031380 1.000000 137.000000 197.000000 300.000000 55 160
2008_006045 0.759675 1.000000 94.000000 264.000000 300.000000 42 45
2008_006045 0.673299 78.000000 77.000000 364.000000 300.000000 323 40
2008_006045 0.874315 152.000000 59.000000 400.000000 300.000000 295 171
2008_006045 0.436896 218.000000 47.000000 400.000000 300.000000 142 169
2008_006045 0.681109 278.000000 34.000000 400.000000 281.000000 59 56
2008_006045 0.599083 331.000000 23.000000 400.000000 139.000000 336 171
2008_006045 0.041032 379.000000 10.000000 400.000000 57.000000 342 73
2008_006120 0.864513 390.000000 223.000000 486.000000 375.000000 106 6
2008_006120 0.137792 1.000000 279.000000 133.000000 375.000000 156 17
2008_006120 0.867740 1.000000 181.000000 31.000000 247.000000 87 40
2008_006151 0.384780 80.000000 93.000000 196.000000 260.000000 275 62
2008_006151 0.333556 76.000000 125.000000 194.000000 309.000000 214 96
2008_006151 0.933940 175.000000 133.000000 313.000000 333.000000 308 48
2008_006151 0.275010 302.000000 117.000000 426.000000 302.000000 140 123
2008_006303 0.533970 85.000000 187.000000 179.000000 314.000000 10 169
2008_006303 0.750873 331.000000 188.000000 421.000000 314.000000 242 109
2008_006307 0.857321 1.000000 1.000000 500.000000 335.000000 353 131
2008_006311 0.146041 254.000000 223.000000 363.000000 375.000000 357 137
2008_006311 0.694551 142.000000 185.000000 237.000000 349.000000 117 5
2008_006311 0.736754 1.000000 216.000000 124.000000 375.000000 345 131
2008_006311 0.574649 383.000000 209.000000 500.000000 375.000000 63 64
2008_006330 0.815444 30.000000 277.000000 166.000000 500.000000 166 150
2008_006330 0.673959 1.000000 269.000000 85.000000 451.000000 117 83
2008_006337 0.019492 245.000000 110.000000 306.000000 195.000000 214 24
2008_006588 0.449137 52.000000 24.000000 149.000000 93.000000 45 40
2008_006588 0.717347 395.000000 246.000000 500.000000 375.000000 192 178
2008_006611 0.636874 419.000000 190.000000 500.000000 343.000000 353 10
2008_006611 0.949407 1.000000 183.000000 157.000000 343.000000 346 49
2008_006611 0.733952 167.000000 185.000000 346.000000 343.000000 325 35
2008_006611 0.314113 204.000000 240.000000 307.000000 294.000000 63 19
2008_006660 0.283917 266.000000 165.000000 354.000000 320.000000 126 72
2008_006660 0.944647 234.000000 192.000000 358.000000 375.000000 113 129
2008_006660 0.596159 373.000000 257.000000 444.000000 369.000000 32 50
2008_006665 0.557239 437.000000 239.000000 500.000000 333.000000 298 141
2008_006684 0.848988 1.000000 96.000000 500.000000 378.000000 13 120
2008_006696 0.258051 18.000000 53.000000 291.000000 422.000000 24 65
2008_006710 0.966589 266.000000 120.000000 341.000000 223.000000 156 55
2008_006792 0.893394 3.000000 60.000000 124.000000 371.000000 47 39
2008_006837 0.356089 229.000000 1.000000 343.000000 207.000000 224 72
2008_006837 0.731701 31.000000 1.000000 174.000000 182.000000 233 132
2008_006837 0.424361 1.000000 66.000000 33.000000 168.000000 345 8
2008_006841 0.780892 226.000000 136.000000 333.000000 286.000000 3 127
2008_006841 0.007564 217.000000 128.000000 251.000000 261.000000 203 4
2008_006841 0.823338 249.000000 127.000000 282.000000 162.000000 356 36
2008_006841 0.110045 393.000000 126.000000 411.000000 150.000000 130 83
2008_006841 0.297102 311.000000 132.000000 392.000000 282.000000 281 82
2008_006841 0.431225 329.000000 122.000000 380.000000 161.000000 129 87
2008_006863 0.006871 1.000000 99.000000 276.000000 375.000000 252 122
2008_006979 0.777536 335.000000 63.000000 494.000000 235.000000 28 83
2008_007006 0.364876 18.000000 19.000000 335.000000 489.000000 294 114
2008_007048 0.066119 182.000000 257.000000 269.000000 427.000000 319 45
2008_007048 0.898326 178.000000 249.000000 251.000000 395.000000 262 138
2008_007048 0.535733 103.000000 247.000000 177.000000 339.000000 276 170
2008_007048 0.522100 99.000000 257.000000 183.000000 428.000000 346 176
2008_007166 0.931229 437.000000 193.000000 500.000000 291.000000 304 162
2008_007166 0.938796 385.000000 201.000000 460.000000 304.000000 165 137
2008_007194 0.446957 41.000000 89.000000 171.000000 312.000000 292 167
2008_007194 0.369639 209.000000 92.000000 337.000000 318.000000 300 178
2008_007194 0.587057 355.000000 88.000000 489.000000 304.000000 61 148
2008_007287 0.253523 127.000000 1.000000 213.000000 134.000000 346 88
2008_007287 0.617075 50.000000 89.000000 106.000000 124.000000 244 165
2008_007287 0.407455 110.000000 80.000000 157.000000 116.000000 116 88
2008_007287 0.879015 1.000000 119.000000 31.000000 169.000000 30 107
2008_007287 0.897008 4.000000 204.000000 304.000000 375.000000 199 54
2008_007287 0.598968 1.000000 169.000000 150.000000 375.000000 286 140
2008_007287 0.547657 247.000000 187.000000 407.000000 375.000000 201 54
2008_007287 0.684774 343.000000 164.000000 468.000000 347.000000 357 87
2008_007287 0.211422 417.000000 142.000000 482.000000 239.000000 173 134
2008_007287 0.708670 282.000000 69.000000 415.000000 187.000000 89 18
2008_007287 0.742843 173.000000 93.000000 319.000000 238.000000 308 142
2008_007287 0.846632 12.000000 153.000000 99.000000 216.000000 38 94
2008_007287 0.272095 216.000000 59.000000 318.000000 155.000000 304 68
2008_007287 0.555131 113.000000 79.000000 231.000000 205.000000 45 124
2008_007293 0.439118 200.000000 276.000000 375.000000 500.000000 3 75
2008_007305 0.589606 279.000000 291.000000 310.000000 313.000000 282 149
2008_007339 0.726193 41.000000 1.000000 275.000000 240.000000 51 107
2008_007378 0.265384 296.000000 1.000000 500.000000 201.000000 154 38
2008_007378 0.827750 38.000000 1.000000 185.000000 92.000000 358 87
2008_007402 0.955547 18.000000 164.000000 79.000000 292.000000 217 147
2008_007402 0.646563 1.000000 193.000000 40.000000 327.000000 234 113
2008_007402 0.898716 8.000000 152.000000 56.000000 258.000000 22 169
2008_007415 0.343546 109.000000 110.000000 300.000000 418.000000 250 56
2008_007452 0.608777 33.000000 34.000000 346.000000 492.000000 27 94
2008_007527 0.169766 82.000000 219.000000 289.000000 375.000000 262 0
2008_007561 0.952066 183.000000 228.000000 379.000000 375.000000 167 65
2008_007585 0.206538 450.000000 169.000000 500.000000 375.000000 336 172
2008_007585 0.592919 1.000000 165.000000 41.000000 258.000000 57 103
2008_007585 0.393851 266.000000 165.000000 304.000000 195.000000 251 55
2008_007617 0.086936 432.000000 206.000000 487.000000 299.000000 121 23
2008_007617 0.992748 1.000000 235.000000 49.000000 375.000000 198 57
2008_007685 0.717227 238.000000 294.000000 391.000000 375.000000 260 103
2008_007685 0.913014 109.000000 332.000000 179.000000 375.000000 352 77
2008_007704 0.047958 150.000000 1.000000 366.000000 142.000000 323 150
2008_007704 0.629126 357.000000 1.000000 500.000000 149.000000 129 53
2008_007706 0.864782 1.000000 56.000000 500.000000 375.000000 49 67
2008_007737 0.999449 245.000000 339.000000 342.000000 500.000000 90 5
2008_007741 0.438195 35.000000 277.000000 111.000000 375.000000 218 44
2008_007768 0.438339 38.000000 125.000000 285.000000 461.000000 265 100
2008_007828 0.808786 196.000000 247.000000 316.000000 377.000000 217 33
2008_007893 0.755050 87.000000 53.000000 290.000000 455.000000 295 88
2008_007922 0.154009 177.000000 228.000000 327.000000 375.000000 146 131
2008_007922 0.152576 282.000000 213.000000 398.000000 367.000000 183 120
2008_007922 0.445944 1.000000 252.000000 109.000000 375.000000 23 61
2008_007922 0.901512 345.000000 175.000000 424.000000 283.000000 273 23
2008_007922 0.422756 54.000000 169.000000 118.000000 290.000000 79 68
2008_007922 0.882277 122.000000 181.000000 183.000000 231.000000 350 32
2008_007922 0.899846 203.000000 172.000000 256.000000 218.000000 198 58
2008_007922 0.807975 251.000000 160.000000 302.000000 214.000000 195 83
2008_007949 0.555517 87.000000 240.000000 152.000000 321.000000 130 175
2008_007949 0.205200 181.000000 321.000000 233.000000 375.000000 277 122
2008_008155 0.041521 371.000000 206.000000 484.000000 337.000000 300 156
2008_008155 0.746707 416.000000 174.000000 490.000000 325.000000 221 49
2008_008224 0.524463 1.000000 323.000000 128.000000 378.000000 176 143
2008_008224 0.364019 412.000000 343.000000 500.000000 378.000000 215 40
2008_008362 0.973690 378.000000 232.000000 466.000000 375.000000 107 153
2008_008365 0.980903 56.000000 227.000000 132.000000 345.000000 225 161
2008_008365 0.404874 91.000000 256.000000 198.000000 375.000000 233 144
2008_008365 0.802929 274.000000 262.000000 389.000000 375.000000 174 12
2008_008365 0.991807 354.000000 231.000000 447.000000 351.000000 126 153
2008_008365 0.054371 184.000000 326.000000 323.000000 375.000000 174 64
2008_008365 0.438084 213.000000 238.000000 283.000000 274.000000 329 127
2008_008388 0.656803 60.000000 287.000000 172.000000 375.000000 349 130
2008_008388 0.060174 338.000000 177.000000 419.000000 266.000000 185 158
2008_008439 0.194693 15.000000 208.000000 138.000000 308.000000 170 56
2008_008439 0.070658 244.000000 200.000000 312.000000 314.000000 54 162
2008_008470 0.012010 62.000000 173.000000 119.000000 263.000000 345 126
2008_008470 0.467288 1.000000 174.000000 40.000000 245.000000 2 154
2008_008470 0.805961 255.000000 165.000000 289.000000 202.000000 301 40
2008_008470 0.937898 269.000000 163.000000 299.000000 202.000000 89 180
2008_008470 0.635490 200.000000 173.000000 234.000000 212.000000 199 164
2008_008470 0.191762 186.000000 164.000000 212.000000 199.000000 281 102
2008_008470 0.998976 131.000000 166.000000 171.000000 193.000000 326 93
2008_008470 0.729947 35.000000 179.000000 80.000000 231.000000 136 37
2008_008536 0.888606 219.000000 124.000000 379.000000 306.000000 113 21
2008_008538 0.417167 286.000000 191.000000 383.000000 271.000000 250 169
2008_008554 0.360404 117.000000 129.000000 212.000000 245.000000 294 145
2008_008554 0.165002 229.000000 126.000000 331.000000 239.000000 329 52
2008_008554 0.001922 325.000000 139.000000 447.000000 256.000000 164 44
2008_008621 0.660336 437.000000 191.000000 500.000000 328.000000 222 119
2008_008621 0.037314 315.000000 105.000000 500.000000 332.000000 245 153
2008_008658 0.690215 294.000000 171.000000 448.000000 342.000000 245 103
2008_008658 0.068555 52.000000 241.000000 252.000000 375.000000 322 48
2009_000096 0.498340 109.000000 113.000000 158.000000 161.000000 113 142
2009_000157 0.264563 66.000000 322.000000 121.000000 366.000000 157 30
2009_000182 0.705521 1.000000 179.000000 18.000000 212.000000 246 147
2009_000182 0.461193 46.000000 154.000000 85.000000 207.000000 208 179
2009_000182 0.655103 138.000000 149.000000 168.000000 193.000000 178 49
2009_000182 0.605436 188.000000 149.000000 207.000000 190.000000 147 54
2009_000182 0.773384 215.000000 148.000000 244.000000 186.000000 285 175
2009_000182 0.153473 206.000000 146.000000 231.000000 186.000000 216 81
2009_000182 0.956182 31.000000 196.000000 375.000000 500.000000 76 126
2009_000182 0.216285 276.000000 144.000000 298.000000 182.000000 229 160
2009_000182 0.025387 257.000000 143.000000 273.000000 169.000000 246 57
2009_000182 0.088707 245.000000 153.000000 261.000000 169.000000 295 78
2009_000182 0.587932 332.000000 163.000000 375.000000 216.000000 337 70
2009_000182 0.366532 301.000000 151.000000 355.000000 193.000000 86 118
2009_000192 0.333798 174.000000 62.000000 306.000000 250.000000 173 72
2009_000198 0.240382 236.000000 100.000000 346.000000 290.000000 96 138
2009_000198 0.274247 15.000000 107.000000 180.000000 339.000000 346 166
2009_000212 0.246993 217.000000 221.000000 298.000000 414.000000 80 45
2009_000212 0.825926 159.000000 215.000000 219.000000 385.000000 86 77
2009_000212 0.808081 72.000000 222.000000 153.000000 411.000000 222 35
2009_000212 0.853031 141.000000 238.000000 226.000000 452.000000 355 27
2009_000214 0.322400 230.000000 179.000000 348.000000 333.000000 86 75
2009_000298 0.098969 1.000000 267.000000 167.000000 500.000000 156 59
2009_000298 0.200996 190.000000 116.000000 331.000000 353.000000 242 9
2009_000298 0.419604 90.000000 105.000000 217.000000 290.000000 180 50
2009_000298 0.886679 16.000000 94.000000 144.000000 264.000000 215 9
2009_000298 0.177417 1.000000 92.000000 83.000000 238.000000 309 15
2009_000298 0.707862 1.000000 254.000000 68.000000 356.000000 5 106
2009_000304 0.966167 1.000000 1.000000 500.000000 375.000000 273 39
2009_000316 0.178459 183.000000 156.000000 247.000000 218.000000 174 11
2009_000316 0.042721 47.000000 232.000000 83.000000 293.000000 122 158
2009_000391 0.827884 1.000000 82.000000 68.000000 283.000000 128 115
2009_000422 0.051151 337.000000 228.000000 408.000000 331.000000 16 142
2009_000422 0.913454 247.000000 225.000000 296.000000 309.000000 107 49
2009_000422 0.736600 1.000000 231.000000 29.000000 303.000000 218 90
2009_000453 0.529551 4.000000 103.000000 500.000000 375.000000 40 159
2009_000483 0.262326 47.000000 8.000000 422.000000 375.000000 2 29
2009_000552 0.028196 80.000000 168.000000 300.000000 494.000000 14 123
2009_000590 0.278529 62.000000 131.000000 224.000000 421.000000 180 87
2009_000624 0.919946 1.000000 95.000000 237.000000 375.000000 213 52
2009_000760 0.368692 66.000000 169.000000 140.000000 279.000000 2 102
2009_000760 0.687251 256.000000 172.000000 312.000000 296.000000 134 4
2009_000760 0.791339 194.000000 172.000000 263.000000 298.000000 200 138
2009_000762 0.366939 146.000000 62.000000 407.000000 459.000000 89 36
2009_000811 0.429894 306.000000 124.000000 486.000000 350.000000 259 23
2009_000811 0.710306 29.000000 137.000000 200.000000 354.000000 6 13
2009_000811 0.912124 299.000000 87.000000 432.000000 267.000000 289 164
2009_000811 0.062137 336.000000 58.000000 397.000000 143.000000 227 24
2009_000811 0.625929 58.000000 92.000000 135.000000 193.000000 280 134
2009_000811 0.794995 81.000000 62.000000 148.000000 147.000000 262 37
2009_000811 0.245721 1.000000 21.000000 55.000000 101.000000 351 76
2009_000811 0.852376 33.000000 11.000000 69.000000 75.000000 173 120
2009_000851 0.696645 52.000000 1.000000 407.000000 336.000000 340 23
2009_000851 0.131198 355.000000 1.000000 500.000000 330.000000 29 19
2009_000928 0.445883 1.000000 78.000000 370.000000 500.000000 185 87
2009_000939 0.668844 82.000000 180.000000 120.000000 242.000000 287 95
2009_001000 0.258802 28.000000 75.000000 46.000000 117.000000 174 60
2009_001000 0.789941 105.000000 36.000000 183.000000 121.000000 351 48
2009_001021 0.616283 62.000000 320.000000 145.000000 470.000000 179 58
2009_001021 0.920025 1.000000 342.000000 93.000000 500.000000 2 11
2009_001028 0.913675 302.000000 246.000000 441.000000 434.000000 326 150
2009_001028 0.693668 26.000000 244.000000 169.000000 434.000000 244 140
2009_001038 0.788887 79.000000 75.000000 318.000000 434.000000 72 81
2009_001057 0.433248 293.000000 70.000000 500.000000 324.000000 1 100
2009_001243 0.839594 83.000000 16.000000 424.000000 375.000000 21 80
2009_001249 0.935637 332.000000 177.000000 407.000000 259.000000 223 133
2009_001249 0.872898 318.000000 176.000000 383.000000 247.000000 117 134
2009_001249 0.652659 218.000000 196.000000 288.000000 279.000000 156 94
2009_001249 0.226002 101.000000 181.000000 178.000000 259.000000 169 33
2009_001249 0.750670 115.000000 176.000000 182.000000 245.000000 148 3
2009_001299 0.542779 32.000000 95.000000 197.000000 295.000000 22 78
2009_001299 0.081069 194.000000 98.000000 331.000000 287.000000 220 79
2009_001299 0.729978 330.000000 96.000000 480.000000 291.000000 102 13
2009_001299 0.481757 476.000000 95.000000 500.000000 290.000000 125 117
2009_001313 0.103040 33.000000 176.000000 142.000000 289.000000 138 59
2009_001313 0.481798 366.000000 156.000000 486.000000 265.000000 133 68
2009_001371 0.849790 365.000000 63.000000 467.000000 259.000000 286 124
2009_001371 0.465442 161.000000 66.000000 284.000000 269.000000 184 154
2009_001371 0.562734 26.000000 77.000000 137.000000 293.000000 95 113
2009_001398 0.420462 80.000000 282.000000 143.000000 308.000000 195 71
2009_001398 0.007323 190.000000 295.000000 211.000000 329.000000 49 53
2009_001398 0.891846 201.000000 313.000000 218.000000 359.000000 336 110
2009_001398 0.553934 3.000000 383.000000 128.000000 464.000000 151 72
2009_001426 0.587210 383.000000 182.000000 479.000000 254.000000 215 91
2009_001426 0.651143 157.000000 191.000000 238.000000 375.000000 48 137
2009_001426 0.274251 249.000000 137.000000 278.000000 198.000000 126 56
2009_001426 0.833034 68.000000 127.000000 139.000000 193.000000 54 60
2009_001426 0.494727 1.000000 171.000000 54.000000 254.000000 84 12
2009_001431 0.091214 38.000000 40.000000 307.000000 473.000000 44 72
2009_001437 0.566305 78.000000 167.000000 188.000000 273.000000 259 62
2009_001437 0.700857 230.000000 149.000000 266.000000 185.000000 236 117
2009_001440 0.633436 1.000000 131.000000 48.000000 263.000000 108 15
2009_001447 0.300269 1.000000 238.000000 203.000000 375.000000 96 161
2009_001447 0.364873 435.000000 211.000000 484.000000 280.000000 257 59
2009_001447 0.264529 270.000000 209.000000 442.000000 279.000000 213 163
2009_001490 0.004461 4.000000 56.000000 418.000000 375.000000 342 133
2009_001575 0.562432 242.000000 271.000000 368.000000 397.000000 306 125
2009_001621 0.077323 111.000000 122.000000 240.000000 262.000000 122 60
2009_001623 0.571954 159.000000 1.000000 222.000000 158.000000 165 118
2009_001623 0.360534 49.000000 1.000000 175.000000 226.000000 145 168
2009_001754 0.441097 262.000000 259.000000 412.000000 375.000000 341 5
2009_001754 0.510167 304.000000 216.000000 407.000000 321.000000 252 127
2009_001754 0.801436 259.000000 204.000000 294.000000 236.000000 220 134
2009_001754 0.855266 122.000000 233.000000 243.000000 375.000000 121 102
2009_001754 0.853431 94.000000 215.000000 192.000000 361.000000 212 91
2009_001754 0.501957 145.000000 194.000000 198.000000 224.000000 246 19
2009_001754 0.907175 1.000000 207.000000 81.000000 303.000000 7 80
2009_001775 0.180380 1.000000 170.000000 193.000000 415.000000 16 170
2009_001784 0.095586 20.000000 1.000000 375.000000 500.000000 133 37
2009_001848 0.100858 316.000000 216.000000 375.000000 315.000000 156 50
2009_001864 0.349601 294.000000 216.000000 353.000000 326.000000 180 43
2009_001976 0.421274 212.000000 175.000000 311.000000 334.000000 201 99
2009_002003 0.280728 116.000000 30.000000 255.000000 246.000000 139 69
2009_002003 0.015690 291.000000 25.000000 406.000000 252.000000 65 23
2009_002055 0.722110 240.000000 228.000000 341.000000 375.000000 271 91
2009_002055 0.193622 114.000000 237.000000 227.000000 375.000000 274 48
2009_002055 0.702147 85.000000 210.000000 129.000000 367.000000 23 77
2009_002055 0.043807 234.000000 212.000000 274.000000 256.000000 352 99
2009_002055 0.542194 4.000000 205.000000 46.000000 316.000000 210 50
2009_002078 0.379941 268.000000 68.000000 319.000000 194.000000 160 21
2009_002078 0.692699 169.000000 63.000000 213.000000 106.000000 275 165
2009_002078 0.646414 127.000000 79.000000 168.000000 118.000000 349 23
2009_002078 0.198351 87.000000 85.000000 145.000000 225.000000 139 101
2009_002078 0.356478 35.000000 96.000000 118.000000 253.000000 142 61
2009_002078 0.501210 100.000000 129.000000 251.000000 338.000000 134 21
2009_002078 0.498536 377.000000 65.000000 439.000000 176.000000 294 62
2009_002078 0.515464 369.000000 83.000000 421.000000 167.000000 42 104
2009_002078 0.344015 315.000000 92.000000 429.000000 257.000000 128 155
2009_002078 0.771163 297.000000 101.000000 430.000000 307.000000 164 43
2009_002111 0.531113 1.000000 235.000000 368.000000 476.000000 98 95
2009_002139 0.048717 399.000000 220.000000 463.000000 335.000000 314 169
2009_002139 0.072634 70.000000 220.000000 184.000000 330.000000 352 114
2009_002169 0.426681 318.000000 46.000000 370.000000 130.000000 76 65
2009_002169 0.629740 15.000000 45.000000 68.000000 135.000000 273 165
2009_002169 0.526111 1.000000 91.000000 34.000000 207.000000 344 136
2009_002169 0.132130 39.000000 333.000000 351.000000 500.000000 306 147
2009_002169 0.397647 142.000000 21.000000 236.000000 45.000000 274 111
2009_002208 0.096206 283.000000 184.000000 389.000000 339.000000 303 7
2009_002208 0.532262 18.000000 174.000000 136.000000 315.000000 341 71
2009_002208 0.663896 106.000000 163.000000 183.000000 283.000000 325 61
2009_002208 0.555454 141.000000 201.000000 253.000000 329.000000 262 40
2009_002252 0.543990 55.000000 32.000000 290.000000 457.000000 164 110
2009_002257 0.879016 1.000000 224.000000 399.000000 500.000000 187 51
2009_002325 0.969085 385.000000 191.000000 500.000000 294.000000 337 145
2009_002325 0.650234 338.000000 179.000000 434.000000 259.000000 189 20
2009_002328 0.942853 1.000000 18.000000 116.000000 143.000000 69 154
2009_002346 0.799034 373.000000 112.000000 500.000000 375.000000 37 53
2009_002374 0.029516 1.000000 1.000000 375.000000 500.000000 159 89
2009_002415 0.741691 70.000000 25.000000 346.000000 500.000000 206 103
2009_002433 0.193495 305.000000 194.000000 340.000000 201.000000 28 142
2009_002433 0.986056 384.000000 201.000000 417.000000 228.000000 191 166
2009_002433 0.753638 390.000000 224.000000 412.000000 311.000000 351 55
2009_002433 0.657844 333.000000 231.000000 392.000000 320.000000 74 155
2009_002433 0.963488 287.000000 247.000000 376.000000 333.000000 37 104
2009_002433 0.703050 198.000000 283.000000 288.000000 333.000000 304 136
2009_002433 0.462113 70.000000 254.000000 178.000000 333.000000 89 7
2009_002444 0.419756 65.000000 335.000000 128.000000 500.000000 42 29
2009_002444 0.279650 91.000000 324.000000 236.000000 500.000000 240 175
2009_002444 0.166662 228.000000 304.000000 328.000000 369.000000 191 168
2009_002444 0.883623 134.000000 322.000000 224.000000 400.000000 284 19
2009_002471 0.756104 1.000000 248.000000 169.000000 375.000000 188 175
2009_002471 0.205614 184.000000 291.000000 316.000000 375.000000 260 0
2009_002471 0.735328 1.000000 201.000000 32.000000 249.000000 94 14
2009_002471 0.136138 123.000000 165.000000 171.000000 193.000000 296 62
2009_002471 0.673621 183.000000 144.000000 226.000000 203.000000 240 149
2009_002471 0.678363 421.000000 143.000000 447.000000 168.000000 50 68
2009_002471 0.267725 301.000000 133.000000 332.000000 153.000000 186 176
2009_002471 0.136630 171.000000 142.000000 241.000000 195.000000 312 67
2009_002487 0.372068 172.000000 150.000000 242.000000 284.000000 30 133
2009_002487 0.294525 255.000000 151.000000 338.000000 291.000000 137 54
2009_002487 0.987852 279.000000 171.000000 382.000000 333.000000 94 83
2009_002487 0.167001 102.000000 160.000000 193.000000 319.000000 139 170
2009_002537 0.856599 300.000000 256.000000 367.000000 359.000000 333 136
2009_002546 0.455472 213.000000 262.000000 279.000000 320.000000 217 19
2009_002546 0.021263 102.000000 274.000000 189.000000 344.000000 236 10
2009_002546 0.514019 451.000000 332.000000 500.000000 375.000000 104 168
2009_002571 0.884512 228.000000 29.000000 329.000000 195.000000 315 68
2009_002571 0.102763 352.000000 1.000000 478.000000 205.000000 193 161
2009_002634 0.361351 427.000000 328.000000 470.000000 375.000000 76 126
2009_002634 0.320143 402.000000 308.000000 439.000000 366.000000 1 69
2009_002634 0.209377 356.000000 299.000000 421.000000 348.000000 142 33
2009_002634 0.172470 352.000000 351.000000 420.000000 375.000000 214 107
2009_002634 0.201724 346.000000 328.000000 383.000000 375.000000 336 10
2009_002634 0.146052 309.000000 312.000000 339.000000 351.000000 183 137
2009_002634 0.056499 283.000000 303.000000 312.000000 338.000000 335 76
2009_002634 0.780087 204.000000 344.000000 274.000000 375.000000 243 50
2009_002634 0.498423 189.000000 328.000000 243.000000 369.000000 347 124
2009_002634 0.538112 171.000000 311.000000 223.000000 368.000000 36 52
2009_002634 0.589571 85.000000 321.000000 136.000000 373.000000 4 51
2009_002634 0.676343 48.000000 337.000000 121.000000 375.000000 62 31
2009_002663 0.967441 182.000000 270.000000 357.000000 375.000000 205 99
2009_002663 0.521016 340.000000 221.000000 459.000000 375.000000 226 58
2009_002663 0.838488 377.000000 182.000000 475.000000 375.000000 311 179
2009_002663 0.939413 104.000000 142.000000 176.000000 214.000000 125 135
2009_002663 0.286163 1.000000 152.000000 53.000000 242.000000 241 87
2009_002663 0.959551 301.000000 144.000000 376.000000 204.000000 214 61
2009_002683 0.676384 128.000000 229.000000 257.000000 355.000000 159 173
2009_002683 0.939877 1.000000 339.000000 143.000000 400.000000 254 172
2009_002698 0.830432 274.000000 267.000000 361.000000 413.000000 300 28
2009_002743 0.523305 1.000000 198.000000 97.000000 375.000000 167 54
2009_002743 0.259832 316.000000 197.000000 456.000000 375.000000 299 97
2009_002743 0.350657 351.000000 150.000000 441.000000 235.000000 127 34
2009_002743 0.384151 287.000000 97.000000 351.000000 181.000000 68 150
2009_002743 0.836747 401.000000 95.000000 431.000000 133.000000 3 56
2009_002744 0.531514 16.000000 107.000000 81.000000 218.000000 101 141
2009_002755 0.283240 131.000000 40.000000 361.000000 374.000000 55 95
2009_002762 0.449636 106.000000 58.000000 480.000000 340.000000 257 132
2009_002785 0.272772 18.000000 130.000000 135.000000 299.000000 66 24
2009_002790 0.667877 123.000000 117.000000 217.000000 203.000000 229 145
2009_002816 0.245875 4.000000 314.000000 174.000000 500.000000 103 26
2009_002816 0.498661 159.000000 301.000000 305.000000 500.000000 249 13
2009_002816 0.575208 268.000000 308.000000 375.000000 500.000000 355 163
2009_002841 0.695331 212.000000 395.000000 229.000000 433.000000 276 134
2009_002978 0.581868 257.000000 276.000000 429.000000 375.000000 244 51
2009_002978 0.015987 319.000000 227.000000 391.000000 307.000000 223 147
2009_002978 0.817337 244.000000 205.000000 313.000000 278.000000 77 178
2009_002978 0.808217 98.000000 211.000000 165.000000 273.000000 228 123
2009_002978 0.029324 35.000000 252.000000 194.000000 375.000000 101 120
2009_002978 0.873164 10.000000 230.000000 148.000000 365.000000 196 95
2009_002995 0.976352 301.000000 54.000000 430.000000 277.000000 68 168
2009_002995 0.527061 1.000000 88.000000 66.000000 266.000000 119 112
2009_003071 0.334270 17.000000 118.000000 158.000000 330.000000 165 65
2009_003071 0.239344 387.000000 110.000000 500.000000 190.000000 30 70
2009_003098 0.137270 1.000000 1.000000 129.000000 106.000000 175 126
2009_003110 0.828731 300.000000 43.000000 481.000000 297.000000 298 167
2009_003123 0.456401 1.000000 230.000000 78.000000 286.000000 175 119
2009_003140 0.926848 247.000000 205.000000 409.000000 375.000000 151 6
2009_003150 0.385748 399.000000 230.000000 495.000000 327.000000 16 86
2009_003150 0.902474 315.000000 248.000000 413.000000 331.000000 192 180
2009_003150 0.485289 213.000000 258.000000 308.000000 331.000000 5 140
2009_003150 0.874418 152.000000 191.000000 216.000000 299.000000 140 148
2009_003191 0.869969 313.000000 305.000000 351.000000 483.000000 359 35
2009_003198 0.816340 220.000000 227.000000 385.000000 375.000000 111 74
2009_003198 0.091217 16.000000 248.000000 198.000000 375.000000 133 77
2009_003198 0.300818 1.000000 240.000000 75.000000 375.000000 240 132
2009_003198 0.985457 91.000000 168.000000 144.000000 222.000000 122 132
2009_003198 0.470738 154.000000 183.000000 214.000000 232.000000 252 16
2009_003198 0.141339 225.000000 186.000000 296.000000 245.000000 229 95
2009_003198 0.794998 1.000000 187.000000 65.000000 249.000000 99 178
2009_003251 0.209133 282.000000 122.000000 341.000000 148.000000 336 63
2009_003251 0.438373 416.000000 111.000000 500.000000 350.000000 245 64
2009_003251 0.391384 1.000000 259.000000 187.000000 375.000000 327 150
2009_003251 0.292137 55.000000 91.000000 105.000000 197.000000 264 52
2009_003320 0.917842 1.000000 220.000000 305.000000 500.000000 107 4
2009_003351 0.497353 272.000000 285.000000 298.000000 332.000000 247 42
2009_003415 0.218583 101.000000 16.000000 399.000000 222.000000 285 68
2009_003415 0.693283 1.000000 1.000000 130.000000 186.000000 260 139
2009_003440 0.511480 171.000000 359.000000 232.000000 374.000000 223 137
2009_003440 0.580644 206.000000 280.000000 266.000000 374.000000 119 0
2009_003440 0.150322 166.000000 213.000000 228.000000 286.000000 62 35
2009_003440 0.471208 245.000000 214.000000 306.000000 285.000000 182 3
2009_003440 0.163559 93.000000 200.000000 160.000000 268.000000 17 80
2009_003440 0.085342 116.000000 192.000000 171.000000 250.000000 206 147
2009_003494 0.351934 137.000000 287.000000 301.000000 500.000000 84 44
2009_003494 0.407215 1.000000 313.000000 103.000000 477.000000 147 21
2009_003494 0.357130 176.000000 307.000000 273.000000 444.000000 243 98
2009_003507 0.131560 252.000000 308.000000 334.000000 468.000000 238 122
2009_003507 0.570224 136.000000 308.000000 249.000000 500.000000 158 169
2009_003507 0.246952 118.000000 340.000000 281.000000 500.000000 208 138
2009_003508 0.570701 358.000000 127.000000 387.000000 166.000000 250 53
2009_003508 0.248884 362.000000 156.000000 390.000000 191.000000 229 72
2009_003508 0.531784 456.000000 255.000000 500.000000 320.000000 337 81
2009_003508 0.439013 413.000000 226.000000 455.000000 280.000000 229 120
2009_003508 0.924926 413.000000 194.000000 448.000000 245.000000 62 125
2009_003508 0.889679 344.000000 172.000000 378.000000 217.000000 133 115
2009_003508 0.465017 355.000000 237.000000 390.000000 289.000000 174 113
2009_003508 0.107892 312.000000 165.000000 340.000000 214.000000 39 20
2009_003508 0.633814 324.000000 265.000000 359.000000 318.000000 160 169
2009_003508 0.306939 286.000000 292.000000 327.000000 346.000000 335 11
2009_003508 0.167828 238.000000 314.000000 274.000000 370.000000 342 2
2009_003508 0.605860 198.000000 314.000000 236.000000 375.000000 272 150
2009_003508 0.741206 258.000000 237.000000 292.000000 293.000000 186 170
2009_003508 0.873826 220.000000 180.000000 249.000000 230.000000 252 134
2009_003508 0.918633 230.000000 136.000000 261.000000 181.000000 347 177
2009_003508 0.820995 174.000000 125.000000 199.000000 164.000000 102 11
2009_003508 0.771327 144.000000 143.000000 169.000000 195.000000 65 6
2009_003508 0.578217 154.000000 212.000000 188.000000 266.000000 195 60
2009_003544 0.420104 78.000000 130.000000 258.000000 440.000000 308 116
2009_003554 0.236274 386.000000 166.000000 470.000000 253.000000 197 33
2009_003671 0.942632 312.000000 199.000000 500.000000 312.000000 74 47
2009_003671 0.388762 411.000000 114.000000 500.000000 221.000000 231 149
2009_003726 0.872796 1.000000 282.000000 13.000000 316.000000 61 133
2009_003726 0.996424 7.000000 280.000000 30.000000 315.000000 128 32
2009_003726 0.928936 26.000000 281.000000 46.000000 314.000000 345 28
2009_003759 0.136395 91.000000 181.000000 131.000000 289.000000 153 40
2009_003759 0.082208 119.000000 195.000000 199.000000 316.000000 94 98
2009_003759 0.454909 180.000000 208.000000 270.000000 331.000000 215 5
2009_003759 0.303102 225.000000 180.000000 289.000000 294.000000 120 170
2009_003759 0.381088 219.000000 172.000000 253.000000 206.000000 154 119
2009_003759 0.305162 125.000000 163.000000 171.000000 188.000000 49 17
2009_003813 0.205933 39.000000 50.000000 324.000000 456.000000 297 113
2009_003835 0.835196 320.000000 213.000000 396.000000 316.000000 353 79
2009_003835 0.006824 248.000000 201.000000 313.000000 304.000000 194 5
2009_003840 0.288737 56.000000 322.000000 213.000000 375.000000 283 81
2009_003840 0.284694 204.000000 244.000000 296.000000 375.000000 311 118
2009_003840 0.174779 20.000000 232.000000 94.000000 277.000000 232 47
2009_003849 0.926407 355.000000 191.000000 498.000000 375.000000 133 97
2009_003884 0.002888 89.000000 197.000000 303.000000 488.000000 270 27
2009_003884 0.672122 1.000000 171.000000 127.000000 381.000000 46 165
2009_003884 0.119383 127.000000 156.000000 219.000000 272.000000 41 173
2009_003884 0.470000 119.000000 148.000000 189.000000 239.000000 177 65
2009_003895 0.264520 1.000000 63.000000 115.000000 131.000000 21 59
2009_003973 0.032442 398.000000 176.000000 480.000000 303.000000 89 171
2009_003973 0.662540 290.000000 175.000000 333.000000 269.000000 326 66
2009_003973 0.685316 191.000000 182.000000 274.000000 302.000000 343 17
2009_003973 0.491835 119.000000 186.000000 227.000000 325.000000 148 20
2009_003973 0.660239 74.000000 212.000000 227.000000 372.000000 166 158
2009_003973 0.645415 302.000000 185.000000 388.000000 325.000000 100 118
2009_003973 0.335172 252.000000 193.000000 365.000000 372.000000 323 159
2009_003991 0.923094 207.000000 120.000000 329.000000 342.000000 154 145
2009_004032 0.584483 91.000000 81.000000 131.000000 145.000000 312 90
2009_004032 0.374360 123.000000 82.000000 136.000000 149.000000 333 30
2009_004092 0.070177 230.000000 177.000000 452.000000 375.000000 93 149
2009_004092 0.618967 68.000000 88.000000 199.000000 222.000000 101 100
2009_004129 0.416746 170.000000 123.000000 322.000000 328.000000 148 47
2009_004131 0.131284 143.000000 204.000000 390.000000 372.000000 138 17
2009_004131 0.840995 77.000000 157.000000 252.000000 375.000000 220 118
2009_004131 0.169764 391.000000 142.000000 495.000000 335.000000 180 55
2009_004140 0.366971 189.000000 167.000000 251.000000 237.000000 18 41
2009_004140 0.778776 99.000000 180.000000 211.000000 327.000000 204 103
2009_004140 0.640678 305.000000 185.000000 390.000000 340.000000 212 20
2009_004140 0.287303 60.000000 206.000000 248.000000 375.000000 26 66
2009_004140 0.757166 285.000000 218.000000 500.000000 375.000000 267 12
2009_004148 0.011988 101.000000 269.000000 212.000000 462.000000 87 42
2009_004152 0.214183 128.000000 144.000000 144.000000 204.000000 48 38
2009_004152 0.097102 321.000000 152.000000 343.000000 239.000000 326 50
2009_004217 0.612673 115.000000 251.000000 215.000000 415.000000 282 120
2009_004243 0.233559 67.000000 169.000000 191.000000 333.000000 124 124
2009_004263 0.216698 1.000000 197.000000 128.000000 458.000000 111 64
2009_004263 0.010019 356.000000 197.000000 500.000000 458.000000 244 132
2009_004263 0.927609 293.000000 211.000000 373.000000 298.000000 128 43
2009_004263 0.685956 116.000000 211.000000 181.000000 301.000000 275 68
2009_004359 0.962056 1.000000 57.000000 106.000000 375.000000 252 106
2009_004377 0.094138 61.000000 122.000000 353.000000 374.000000 281 97
2009_004404 0.463507 238.000000 369.000000 333.000000 500.000000 319 46
2009_004419 0.802849 74.000000 232.000000 370.000000 375.000000 119 136
2009_004419 0.087474 105.000000 164.000000 173.000000 215.000000 289 158
2009_004419 0.335562 49.000000 192.000000 106.000000 293.000000 240 90
2009_004499 0.206718 290.000000 54.000000 339.000000 126.000000 212 63
2009_004499 0.150063 185.000000 64.000000 305.000000 308.000000 94 18
2009_004499 0.153738 1.000000 113.000000 38.000000 266.000000 116 107
2009_004499 0.774260 19.000000 73.000000 186.000000 359.000000 23 1
2009_004499 0.719253 216.000000 80.000000 374.000000 354.000000 246 22
2009_004499 0.681152 363.000000 67.000000 471.000000 308.000000 58 22
2009_004532 0.134942 360.000000 215.000000 500.000000 375.000000 52 10
2009_004532 0.070862 3.000000 139.000000 137.000000 261.000000 5 34
2009_004532 0.515736 139.000000 126.000000 236.000000 200.000000 14 55
2009_004532 0.439600 385.000000 121.000000 485.000000 209.000000 142 179
2009_004536 0.741173 19.000000 17.000000 307.000000 479.000000 55 140
2009_004537 0.292830 35.000000 297.000000 171.000000 490.000000 32 85
2009_004687 0.871262 403.000000 197.000000 500.000000 300.000000 146 77
2009_004718 0.024584 88.000000 70.000000 395.000000 372.000000 255 3
2009_004720 0.926198 3.000000 293.000000 185.000000 375.000000 85 108
2009_004720 0.099138 270.000000 19.000000 349.000000 94.000000 120 80
2009_004720 0.782471 390.000000 19.000000 470.000000 141.000000 257 130
2009_004720 0.800350 99.000000 21.000000 177.000000 107.000000 339 9
2009_004746 0.044721 30.000000 46.000000 225.000000 382.000000 168 50
2009_004769 0.775684 90.000000 415.000000 249.000000 500.000000 284 162
2009_004769 0.191193 275.000000 395.000000 375.000000 500.000000 301 62
2009_004769 0.021463 33.000000 328.000000 125.000000 357.000000 136 46
2009_004784 0.202589 152.000000 218.000000 264.000000 332.000000 106 43
2009_004784 0.124314 306.000000 276.000000 371.000000 332.000000 125 97
2009_004784 0.407010 435.000000 85.000000 500.000000 164.000000 69 88
2009_004823 0.807136 110.000000 211.000000 236.000000 343.000000 265 54
2009_004849 0.334212 101.000000 158.000000 219.000000 318.000000 329 138
2009_004859 0.615624 2.000000 25.000000 129.000000 375.000000 259 6
2009_004869 0.055210 111.000000 18.000000 473.000000 333.000000 40 9
2009_004922 0.525214 81.000000 123.000000 261.000000 334.000000 9 172
2009_004974 0.738906 123.000000 88.000000 267.000000 168.000000 272 106
2009_005062 0.493647 39.000000 172.000000 186.000000 399.000000 115 153
2009_005079 0.666829 21.000000 1.000000 342.000000 500.000000 41 146
2009_005080 0.418628 287.000000 164.000000 370.000000 278.000000 137 129
2009_005080 0.298828 1.000000 163.000000 61.000000 217.000000 20 105
2009_005080 0.315622 98.000000 231.000000 232.000000 375.000000 147 105
2009_005080 0.107493 80.000000 207.000000 185.000000 375.000000 53 178
2009_005165 0.922407 250.000000 293.000000 375.000000 500.000000 120 7
2009_005165 0.543456 1.000000 99.000000 106.000000 323.000000 134 178
2009_005171 0.215496 291.000000 293.000000 477.000000 375.000000 203 34
2009_005171 0.936873 434.000000 216.000000 500.000000 281.000000 175 40
2009_005171 0.814933 267.000000 217.000000 327.000000 303.000000 100 172
2009_005171 0.341013 149.000000 174.000000 260.000000 375.000000 126 4
2009_005171 0.969253 4.000000 181.000000 145.000000 375.000000 138 17
2009_005202 0.507031 322.000000 227.000000 500.000000 375.000000 68 30
2009_005202 0.367012 30.000000 168.000000 250.000000 375.000000 183 9
2009_005202 0.435132 250.000000 53.000000 321.000000 102.000000 211 179
2009_005202 0.152540 278.000000 102.000000 430.000000 291.000000 251 3
2009_005202 0.029327 28.000000 69.000000 111.000000 160.000000 324 8
2009_005204 0.219301 1.000000 133.000000 332.000000 500.000000 207 61
2009_005205 0.371648 119.000000 145.000000 143.000000 169.000000 325 123
2009_005205 0.237699 276.000000 147.000000 299.000000 174.000000 144 37
2009_005205 0.781649 282.000000 170.000000 318.000000 246.000000 318 166
2009_005205 0.201856 98.000000 165.000000 132.000000 245.000000 87 105
2009_005205 0.910739 53.000000 215.000000 111.000000 320.000000 46 124
2009_005205 0.225121 298.000000 220.000000 359.000000 323.000000 270 148
2009_005205 0.935786 6.000000 265.000000 194.000000 500.000000 139 75
2009_005205 0.621192 204.000000 298.000000 375.000000 500.000000 38 96
2009_005216 0.408387 1.000000 16.000000 333.000000 500.000000 101 36
2009_005257 0.893525 295.000000 214.000000 440.000000 374.000000 131 29
2009_005257 0.210427 50.000000 199.000000 177.000000 324.000000 159 121
2009_005286 0.495932 267.000000 141.000000 350.000000 215.000000 170 9
2009_005286 0.747996 310.000000 141.000000 431.000000 226.000000 97 123
2009_005288 0.732246 1.000000 208.000000 78.000000 336.000000 141 101
2009_005300 0.070604 222.000000 263.000000 339.000000 461.000000 220 105
2010_000001 0.406143 294.000000 13.000000 410.000000 236.000000 135 6
2010_000001 0.975956 418.000000 198.000000 500.000000 290.000000 237 104
2010_000001 0.569458 362.000000 1.000000 498.000000 80.000000 159 140
2010_000003 0.407552 17.000000 52.000000 455.000000 375.000000 8 92
2010_000015 0.438550 342.000000 32.000000 500.000000 375.000000 79 41
2010_000015 0.284335 404.000000 192.000000 500.000000 375.000000 331 57
2010_000090 0.813524 11.000000 1.000000 464.000000 375.000000 131 90
2010_000178 0.301121 321.000000 237.000000 430.000000 338.000000 85 4
2010_000178 0.136395 153.000000 296.000000 215.000000 364.000000 107 149
2010_000178 0.552942 191.000000 250.000000 306.000000 372.000000 293 155
2010_000349 0.713645 72.000000 198.000000 112.000000 278.000000 7 91
2010_000384 0.701185 23.000000 1.000000 421.000000 333.000000 251 161
2010_000431 0.819740 3.000000 243.000000 146.000000 490.000000 337 2
2010_000435 0.653330 164.000000 205.000000 311.000000 363.000000 12 93
2010_000435 0.603051 379.000000 183.000000 500.000000 307.000000 271 50
2010_000470 0.786063 248.000000 13.000000 375.000000 291.000000 320 116
2010_000485 0.877440 47.000000 168.000000 292.000000 488.000000 177 73
2010_000497 0.010670 40.000000 1.000000 234.000000 221.000000 255 149
2010_000497 0.856217 4.000000 1.000000 141.000000 219.000000 34 98
2010_000602 0.637921 300.000000 127.000000 343.000000 184.000000 95 140
2010_000602 0.767987 155.000000 169.000000 221.000000 213.000000 261 161
2010_000602 0.153564 47.000000 170.000000 112.000000 198.000000 74 8
2010_000639 0.220789 1.000000 1.000000 113.000000 304.000000 259 23
2010_000646 0.089786 1.000000 272.000000 123.000000 375.000000 163 84
2010_000646 0.166525 124.000000 178.000000 197.000000 282.000000 182 14
2010_000669 0.305054 53.000000 267.000000 122.000000 316.000000 269 60
2010_000669 0.968970 1.000000 314.000000 111.000000 374.000000 295 177
2010_000705 0.292098 317.000000 207.000000 448.000000 307.000000 208 42
2010_000705 0.199702 197.000000 292.000000 500.000000 375.000000 243 103
2010_000754 0.149664 13.000000 233.000000 139.000000 333.000000 345 61
2010_000754 0.771914 185.000000 234.000000 335.000000 333.000000 118 20
2010_000754 0.079192 284.000000 216.000000 406.000000 333.000000 285 106
2010_000754 0.353391 284.000000 194.000000 382.000000 333.000000 69 140
2010_000754 0.698148 81.000000 205.000000 155.000000 236.000000 302 24
2010_000754 0.338947 165.000000 198.000000 216.000000 224.000000 69 71
2010_000761 0.629524 78.000000 8.000000 356.000000 288.000000 332 151
2010_000761 0.064899 337.000000 226.000000 471.000000 333.000000 312 39
2010_000821 0.517349 249.000000 202.000000 340.000000 375.000000 244 96
2010_000821 0.823201 399.000000 195.000000 459.000000 255.000000 92 154
2010_000821 0.944119 476.000000 209.000000 500.000000 261.000000 6 85
2010_000821 0.535552 335.000000 239.000000 453.000000 375.000000 165 153
2010_000915 0.504360 157.000000 305.000000 193.000000 404.000000 156 4
2010_000944 0.285203 68.000000 312.000000 321.000000 375.000000 316 163
2010_000968 0.317961 25.000000 138.000000 233.000000 355.000000 48 0
2010_001188 0.673584 1.000000 290.000000 160.000000 374.000000 191 149
2010_001189 0.168512 52.000000 174.000000 166.000000 300.000000 329 136
2010_001216 0.598488 358.000000 1.000000 500.000000 265.000000 347 63
2010_001343 0.333399 54.000000 172.000000 142.000000 243.000000 263 157
2010_001343 0.466389 266.000000 207.000000 333.000000 297.000000 167 30
2010_001343 0.639930 1.000000 222.000000 117.000000 456.000000 164 23
2010_001343 0.175846 11.000000 266.000000 174.000000 500.000000 323 77
2010_001455 0.060173 115.000000 305.000000 224.000000 442.000000 106 11
2010_001455 0.563051 15.000000 301.000000 122.000000 464.000000 10 99
2010_001455 0.671103 97.000000 305.000000 151.000000 434.000000 110 136
2010_001455 0.518088 1.000000 302.000000 35.000000 442.000000 338 87
2010_001528 0.766495 388.000000 228.000000 493.000000 375.000000 284 103
2010_001535 0.608114 367.000000 97.000000 500.000000 251.000000 331 38
2010_001535 0.203092 307.000000 116.000000 490.000000 303.000000 168 111
2010_001535 0.226608 54.000000 221.000000 298.000000 349.000000 244 3
2010_001574 0.533313 54.000000 119.000000 134.000000 219.000000 329 138
2010_001574 0.012018 125.000000 124.000000 214.000000 250.000000 25 36
2010_001579 0.445309 1.000000 191.000000 76.000000 260.000000 348 150
2010_001579 0.488611 291.000000 177.000000 336.000000 245.000000 357 143
2010_001680 0.831110 1.000000 1.000000 146.000000 133.000000 47 38
2010_001680 0.159873 409.000000 221.000000 500.000000 375.000000 117 133
2010_001680 0.714390 349.000000 1.000000 468.000000 60.000000 263 10
2010_001682 0.593098 368.000000 162.000000 396.000000 253.000000 44 177
2010_001682 0.930512 384.000000 124.000000 472.000000 296.000000 97 78
2010_001682 0.659111 385.000000 202.000000 432.000000 375.000000 183 12
2010_001682 0.775228 165.000000 121.000000 230.000000 199.000000 162 26
2010_001699 0.900461 258.000000 84.000000 421.000000 358.000000 191 16
2010_001712 0.640056 22.000000 236.000000 93.000000 375.000000 313 10
2010_001731 0.666720 109.000000 37.000000 385.000000 469.000000 320 63
2010_001823 0.017031 127.000000 333.000000 235.000000 500.000000 164 80
2010_001823 0.478774 239.000000 366.000000 333.000000 500.000000 310 169
2010_001851 0.404135 37.000000 211.000000 131.000000 355.000000 205 179
2010_001851 0.689023 218.000000 199.000000 309.000000 337.000000 79 156
2010_001857 0.169077 57.000000 210.000000 258.000000 414.000000 62 2
2010_001862 0.709140 202.000000 95.000000 456.000000 375.000000 74 162
2010_001907 0.661447 1.000000 144.000000 168.000000 331.000000 47 77
2010_001907 0.210647 390.000000 76.000000 500.000000 156.000000 116 108
2010_002017 0.713345 309.000000 52.000000 500.000000 375.000000 68 37
2010_002050 0.481757 1.000000 1.000000 135.000000 223.000000 91 49
2010_002050 0.637734 39.000000 1.000000 203.000000 102.000000 79 64
2010_002050 0.617389 257.000000 1.000000 347.000000 71.000000 270 89
2010_002086 0.141789 3.000000 1.000000 500.000000 333.000000 115 54
2010_002199 0.908832 69.000000 263.000000 155.000000 351.000000 304 52
2010_002199 0.283904 219.000000 254.000000 306.000000 350.000000 41 110
2010_002211 0.052151 121.000000 407.000000 212.000000 470.000000 183 97
2010_002269 0.918339 444.000000 268.000000 500.000000 306.000000 157 39
2010_002319 0.359623 26.000000 150.000000 239.000000 385.000000 249 21
2010_002336 0.561445 172.000000 144.000000 375.000000 496.000000 110 54
2010_002336 0.791171 1.000000 156.000000 157.000000 412.000000 287 85
2010_002336 0.357523 195.000000 103.000000 323.000000 357.000000 151 133
2010_002336 0.019577 24.000000 138.000000 195.000000 340.000000 342 135
2010_002337 0.347754 1.000000 101.000000 223.000000 321.000000 272 164
2010_002366 0.094353 183.000000 331.000000 309.000000 453.000000 26 154
2010_002366 0.522012 89.000000 308.000000 149.000000 349.000000 198 165
2010_002366 0.691189 1.000000 326.000000 123.000000 500.000000 19 79
2010_002366 0.459712 143.000000 354.000000 303.000000 500.000000 94 161
2010_002370 0.849694 170.000000 224.000000 325.000000 375.000000 84 35
2010_002370 0.107088 184.000000 191.000000 293.000000 320.000000 267 119
2010_002370 0.650630 201.000000 172.000000 282.000000 249.000000 301 82
2010_002370 0.603830 122.000000 163.000000 188.000000 238.000000 326 20
2010_002370 0.905672 8.000000 162.000000 75.000000 236.000000 6 16
2010_002383 0.235877 139.000000 142.000000 271.000000 317.000000 197 116
2010_002538 0.645751 238.000000 336.000000 305.000000 407.000000 223 14
2010_002538 0.970324 154.000000 336.000000 220.000000 406.000000 63 111
2010_002603 0.457887 235.000000 248.000000 375.000000 500.000000 241 60
2010_002603 0.989192 6.000000 237.000000 107.000000 422.000000 9 94
2010_002603 0.590730 74.000000 186.000000 117.000000 251.000000 260 71
2010_002603 0.145546 251.000000 214.000000 341.000000 341.000000 206 91
2010_002605 0.141870 117.000000 44.000000 335.000000 346.000000 105 90
2010_002605 0.809380 272.000000 176.000000 375.000000 433.000000 146 107
2010_002605 0.757180 31.000000 200.000000 177.000000 449.000000 169 121
2010_002605 0.769927 96.000000 246.000000 165.000000 395.000000 66 112
2010_002639 0.488780 210.000000 120.000000 269.000000 163.000000 152 79
2010_002639 0.501544 71.000000 144.000000 144.000000 172.000000 78 150
2010_002639 0.820802 18.000000 174.000000 123.000000 315.000000 37 66
2010_002639 0.736625 10.000000 236.000000 155.000000 375.000000 44 117
2010_002639 0.958604 253.000000 151.000000 311.000000 196.000000 256 19
2010_002639 0.098783 357.000000 174.000000 435.000000 243.000000 153 101
2010_002639 0.308470 312.000000 279.000000 485.000000 375.000000 174 28
2010_002693 0.663060 1.000000 270.000000 203.000000 500.000000 47 62
2010_002714 0.576596 351.000000 96.000000 412.000000 177.000000 186 143
2010_002714 0.908679 121.000000 100.000000 335.000000 190.000000 24 45
2010_002721 0.323655 382.000000 64.000000 471.000000 281.000000 320 178
2010_002721 0.652082 222.000000 152.000000 473.000000 375.000000 355 110
2010_002721 0.610447 1.000000 133.000000 231.000000 375.000000 216 144
2010_002728 0.059914 135.000000 174.000000 276.000000 373.000000 136 31
2010_002728 0.013084 277.000000 166.000000 413.000000 368.000000 55 69
2010_002871 0.955604 242.000000 81.000000 354.000000 229.000000 348 57
2010_002877 0.277810 95.000000 195.000000 141.000000 302.000000 10 71
2010_002877 0.445664 340.000000 213.000000 414.000000 338.000000 130 140
2010_002877 0.530815 118.000000 211.000000 192.000000 336.000000 21 9
2010_002877 0.932433 197.000000 226.000000 268.000000 338.000000 276 111
2010_002881 0.326217 54.000000 106.000000 250.000000 331.000000 281 136
2010_002921 0.511238 121.000000 255.000000 336.000000 374.000000 188 116
2010_002921 0.982569 1.000000 210.000000 117.000000 374.000000 238 42
2010_002958 0.985284 168.000000 195.000000 332.000000 447.000000 31 74
2010_002958 0.011220 1.000000 114.000000 255.000000 384.000000 175 110
2010_003103 0.217347 6.000000 229.000000 230.000000 450.000000 277 133
2010_003154 0.078639 147.000000 288.000000 271.000000 375.000000 143 47
2010_003154 0.515296 289.000000 270.000000 402.000000 375.000000 79 87
2010_003154 0.402176 144.000000 246.000000 240.000000 375.000000 302 74
2010_003154 0.133750 273.000000 239.000000 330.000000 348.000000 343 60
2010_003287 0.487525 181.000000 174.000000 231.000000 271.000000 250 166
2010_003287 0.188469 38.000000 213.000000 124.000000 375.000000 182 1
2010_003302 0.792457 184.000000 212.000000 366.000000 375.000000 281 110
2010_003302 0.081434 31.000000 206.000000 157.000000 375.000000 302 124
2010_003325 0.569914 164.000000 1.000000 500.000000 344.000000 290 24
2010_003379 0.934828 351.000000 242.000000 500.000000 375.000000 207 3
2010_003398 0.421773 107.000000 45.000000 298.000000 375.000000 221 120
2010_003401 0.408893 112.000000 211.000000 275.000000 333.000000 253 85
2010_003409 0.117263 425.000000 218.000000 457.000000 271.000000 356 87
2010_003409 0.316379 271.000000 232.000000 320.000000 312.000000 309 62
2010_003409 0.531433 215.000000 226.000000 243.000000 310.000000 136 157
2010_003520 0.723680 281.000000 447.000000 375.000000 500.000000 9 45
2010_003520 0.189409 21.000000 392.000000 127.000000 500.000000 156 47
2010_003520 0.033001 103.000000 372.000000 186.000000 491.000000 77 89
2010_003531 0.274707 298.000000 268.000000 401.000000 375.000000 134 64
2010_003531 0.131684 164.000000 251.000000 302.000000 374.000000 95 134
2010_003531 0.342846 88.000000 245.000000 176.000000 374.000000 289 55
2010_003531 0.772143 64.000000 221.000000 118.000000 375.000000 237 7
2010_003531 0.062019 223.000000 218.000000 277.000000 259.000000 248 167
2010_003531 0.846529 297.000000 221.000000 352.000000 271.000000 247 131
2010_003531 0.048919 385.000000 227.000000 458.000000 277.000000 199 152
2010_003540 0.874429 437.000000 196.000000 470.000000 245.000000 273 122
2010_003540 0.453945 452.000000 196.000000 495.000000 264.000000 119 93
2010_003540 0.046426 250.000000 180.000000 284.000000 218.000000 65 153
2010_003540 0.903274 320.000000 178.000000 343.000000 218.000000 188 42
2010_003540 0.857084 1.000000 190.000000 47.000000 254.000000 195 18
2010_003540 0.217498 1.000000 196.000000 24.000000 262.000000 15 26
2010_003563 0.025324 32.000000 174.000000 271.000000 500.000000 280 64
2010_003579 0.788562 1.000000 1.000000 375.000000 419.000000 300 65
2010_003632 0.545244 454.000000 254.000000 500.000000 300.000000 317 122
2010_003632 0.090939 444.000000 310.000000 500.000000 375.000000 324 18
2010_003632 0.166066 1.000000 297.000000 79.000000 374.000000 12 58
2010_003728 0.754333 351.000000 208.000000 473.000000 303.000000 359 75
2010_003729 0.912260 100.000000 326.000000 355.000000 375.000000 250 139
2010_003861 0.072879 357.000000 111.000000 500.000000 302.000000 112 37
2010_003971 0.644086 9.000000 141.000000 286.000000 500.000000 211 98
2010_003971 0.162550 209.000000 347.000000 410.000000 500.000000 215 81
2010_003976 0.143146 351.000000 138.000000 500.000000 276.000000 275 177
2010_004023 0.070450 27.000000 128.000000 463.000000 333.000000 298 159
2010_004095 0.733737 1.000000 215.000000 123.000000 345.000000 172 133
2010_004125 0.560833 148.000000 150.000000 187.000000 203.000000 294 96
2010_004125 0.021103 24.000000 320.000000 169.000000 375.000000 125 99
2010_004125 0.836320 123.000000 253.000000 231.000000 375.000000 265 150
2010_004125 0.094925 63.000000 166.000000 157.000000 247.000000 12 164
2010_004173 0.016366 1.000000 293.000000 214.000000 500.000000 306 94
2010_004207 0.721787 38.000000 110.000000 457.000000 474.000000 47 107
2010_004229 0.232437 72.000000 166.000000 215.000000 369.000000 13 32
2010_004229 0.589379 178.000000 137.000000 230.000000 276.000000 257 139
2010_004278 0.983929 283.000000 78.000000 493.000000 357.000000 314 82
2010_004278 0.596744 1.000000 122.000000 235.000000 368.000000 94 124
2010_004278 0.683768 15.000000 18.000000 187.000000 190.000000 101 50
2010_004278 0.369373 249.000000 14.000000 354.000000 52.000000 292 14
2010_004345 0.993735 387.000000 167.000000 500.000000 335.000000 290 172
2010_004345 0.338446 265.000000 130.000000 379.000000 285.000000 153 78
2010_004387 0.755700 130.000000 1.000000 267.000000 175.000000 164 139
2010_004509 0.375417 319.000000 125.000000 409.000000 220.000000 357 37
2010_004509 0.323962 247.000000 123.000000 329.000000 220.000000 255 29
2010_004543 0.328388 338.000000 123.000000 378.000000 218.000000 291 39
2010_004753 0.073540 47.000000 1.000000 500.000000 375.000000 166 63
2010_004763 0.567635 319.000000 1.000000 500.000000 306.000000 182 49
2010_004763 0.423612 1.000000 128.000000 169.000000 295.000000 10 110
2010_004763 0.290785 1.000000 1.000000 325.000000 363.000000 232 55
2010_004763 0.122461 349.000000 35.000000 441.000000 271.000000 155 99
2010_004775 0.106923 206.000000 224.000000 297.000000 351.000000 47 41
2010_004775 0.683496 321.000000 236.000000 355.000000 277.000000 33 34
2010_004778 0.941817 1.000000 223.000000 153.000000 375.000000 195 94
2010_004778 0.424442 318.000000 286.000000 500.000000 375.000000 230 129
2010_004783 0.802128 402.000000 152.000000 500.000000 306.000000 89 168
2010_004783 0.906654 1.000000 179.000000 115.000000 347.000000 274 11
2010_004786 0.545242 5.000000 83.000000 309.000000 375.000000 236 171
2010_004786 0.421535 273.000000 114.000000 500.000000 375.000000 110 16
2010_004786 0.983924 31.000000 110.000000 155.000000 201.000000 132 153
2010_004813 0.999067 11.000000 14.000000 224.000000 304.000000 19 64
2010_004825 0.104580 125.000000 252.000000 264.000000 500.000000 149 69
2010_004825 0.376576 52.000000 234.000000 141.000000 428.000000 212 26
2010_004825 0.242934 246.000000 238.000000 303.000000 389.000000 337 126
2010_004825 0.369959 308.000000 346.000000 374.000000 465.000000 267 59
2010_004825 0.287567 274.000000 235.000000 346.000000 362.000000 177 36
2010_004889 0.478113 114.000000 44.000000 500.000000 346.000000 105 77
2010_004889 0.289976 23.000000 22.000000 433.000000 317.000000 335 151
2010_004889 0.864808 1.000000 1.000000 206.000000 122.000000 345 130
2010_004889 0.960015 1.000000 1.000000 124.000000 117.000000 188 9
2010_004889 0.979136 1.000000 1.000000 328.000000 245.000000 242 12
2010_004889 0.173420 1.000000 1.000000 43.000000 65.000000 106 171
2010_004909 0.850537 430.000000 218.000000 500.000000 374.000000 0 158
2010_004909 0.628119 328.000000 107.000000 405.000000 156.000000 121 18
2010_004909 0.880606 18.000000 153.000000 113.000000 254.000000 144 167
2010_004909 0.209053 91.000000 127.000000 170.000000 216.000000 223 161
2010_004952 0.090453 1.000000 147.000000 26.000000 209.000000 93 1
2010_004952 0.775434 238.000000 78.000000 332.000000 325.000000 214 54
2010_004982 0.283340 286.000000 110.000000 366.000000 259.000000 231 32
2010_004992 0.144256 161.000000 249.000000 371.000000 490.000000 49 101
2010_004992 0.850324 236.000000 55.000000 375.000000 324.000000 308 5
2010_004992 0.056390 80.000000 32.000000 224.000000 300.000000 84 136
2010_005008 0.994603 151.000000 1.000000 295.000000 98.000000 255 33
2010_005021 0.271514 100.000000 1.000000 500.000000 375.000000 186 97
2010_005044 0.515419 90.000000 127.000000 327.000000 500.000000 136 92
2010_005052 0.215126 25.000000 4.000000 325.000000 500.000000 169 28
2010_005188 0.182345 159.000000 147.000000 324.000000 364.000000 232 109
2010_005222 0.974538 323.000000 149.000000 462.000000 362.000000 312 95
2010_005222 0.607605 120.000000 132.000000 223.000000 270.000000 103 171
2010_005243 0.591157 175.000000 241.000000 322.000000 333.000000 280 11
2010_005243 0.532835 344.000000 297.000000 419.000000 333.000000 324 92
2010_005243 0.463058 418.000000 175.000000 464.000000 244.000000 287 118
2010_005372 0.514322 66.000000 311.000000 225.000000 500.000000 201 134
2010_005398 0.924859 313.000000 153.000000 357.000000 186.000000 43 48
2010_005398 0.937265 250.000000 155.000000 297.000000 186.000000 212 97
2010_005398 0.557116 173.000000 163.000000 243.000000 238.000000 92 164
2010_005398 0.139706 397.000000 158.000000 464.000000 284.000000 266 123
2010_005398 0.076212 280.000000 177.000000 340.000000 313.000000 350 76
2010_005398 0.570353 330.000000 173.000000 420.000000 312.000000 39 175
2010_005493 0.218204 16.000000 94.000000 326.000000 461.000000 174 116
2010_005493 0.633619 10.000000 1.000000 227.000000 229.000000 250 44
2010_005620 0.969658 2.000000 237.000000 135.000000 344.000000 346 131
2010_005626 0.446790 256.000000 176.000000 333.000000 231.000000 274 95
2010_005637 0.443406 1.000000 47.000000 309.000000 366.000000 230 55
2010_005637 0.319021 165.000000 15.000000 384.000000 240.000000 239 148
2010_005654 0.157446 264.000000 268.000000 382.000000 374.000000 237 91
2010_005654 0.870622 85.000000 258.000000 142.000000 374.000000 110 19
2010_005666 0.946069 158.000000 1.000000 272.000000 129.000000 244 149
2010_005754 0.555995 72.000000 244.000000 262.000000 500.000000 227 92
2010_005764 0.852017 93.000000 69.000000 171.000000 262.000000 355 113
2010_005764 0.243831 384.000000 66.000000 500.000000 269.000000 176 4
2010_005843 0.474312 70.000000 237.000000 155.000000 388.000000 198 18
2010_005843 0.110386 128.000000 246.000000 328.000000 500.000000 63 59
2010_005853 0.767617 104.000000 13.000000 279.000000 288.000000 154 129
2010_005882 0.332498 353.000000 168.000000 500.000000 357.000000 334 136
2010_005882 0.267340 1.000000 171.000000 156.000000 369.000000 317 95
2010_005884 0.170775 296.000000 179.000000 391.000000 253.000000 61 8
2010_005894 0.834149 304.000000 127.000000 467.000000 340.000000 333 20
2010_005894 0.598568 75.000000 79.000000 204.000000 217.000000 55 154
2010_005901 0.787386 92.000000 209.000000 128.000000 241.000000 71 144
2010_005901 0.602812 126.000000 213.000000 169.000000 249.000000 34 31
2010_005901 0.789300 187.000000 223.000000 234.000000 259.000000 117 48
2010_005901 0.697433 240.000000 225.000000 307.000000 272.000000 222 124
2010_005901 0.606886 319.000000 236.000000 402.000000 294.000000 336 22
2010_005901 0.221869 1.000000 323.000000 69.000000 375.000000 176 95
2010_005901 0.199114 408.000000 299.000000 486.000000 375.000000 269 46
2010_005938 0.036340 1.000000 27.000000 116.000000 242.000000 314 5
2010_006000 0.979386 303.000000 190.000000 354.000000 273.000000 158 12
2010_006010 0.327906 271.000000 262.000000 345.000000 316.000000 226 118
2010_006010 0.200028 145.000000 244.000000 209.000000 275.000000 171 3
2010_006041 0.310749 78.000000 156.000000 256.000000 344.000000 309 12
2010_006056 0.914600 1.000000 117.000000 69.000000 216.000000 298 110
2010_006056 0.958202 1.000000 216.000000 33.000000 309.000000 318 44
2010_006056 0.464850 296.000000 124.000000 333.000000 316.000000 163 160
2010_006056 0.728435 273.000000 112.000000 303.000000 209.000000 211 2
2010_006056 0.596256 195.000000 145.000000 314.000000 375.000000 150 21
2010_006056 0.691412 70.000000 212.000000 213.000000 375.000000 2 169
2011_000009 0.658332 208.000000 197.000000 438.000000 375.000000 98 136
2011_000016 0.060216 31.000000 178.000000 94.000000 270.000000 102 96
2011_000016 0.466639 64.000000 192.000000 116.000000 300.000000 244 166
2011_000016 0.011573 99.000000 210.000000 182.000000 333.000000 133 165
2011_000016 0.821237 124.000000 236.000000 222.000000 372.000000 335 125
2011_000016 0.704999 170.000000 274.000000 324.000000 374.000000 309 20
2011_000016 0.313732 346.000000 207.000000 410.000000 252.000000 199 94
2011_000016 0.671067 254.000000 189.000000 301.000000 214.000000 58 58
2011_000016 0.760315 184.000000 171.000000 216.000000 190.000000 189 109
2011_000036 0.764688 1.000000 213.000000 142.000000 375.000000 59 89
2011_000037 0.679808 77.000000 234.000000 166.000000 375.000000 108 151
2011_000065 0.837817 190.000000 142.000000 425.000000 373.000000 118 97
2011_000065 0.607479 329.000000 40.000000 500.000000 283.000000 87 4
2011_000065 0.919941 1.000000 123.000000 212.000000 374.000000 194 41
2011_000071 0.697628 330.000000 211.000000 500.000000 356.000000 337 88
2011_000082 0.009450 297.000000 132.000000 459.000000 335.000000 186 51
2011_000098 0.155092 54.000000 193.000000 213.000000 375.000000 105 120
2011_000098 0.605728 61.000000 139.000000 125.000000 201.000000 81 158
2011_000124 0.218546 51.000000 28.000000 342.000000 487.000000 233 12
2011_000202 0.070616 1.000000 129.000000 375.000000 500.000000 281 113
2011_000213 0.947530 11.000000 16.000000 249.000000 382.000000 237 94
2011_000226 0.398518 176.000000 239.000000 359.000000 500.000000 8 131
2011_000226 0.758046 258.000000 237.000000 375.000000 471.000000 247 13
2011_000226 0.500775 1.000000 247.000000 202.000000 500.000000 18 116
2011_000226 0.274568 214.000000 221.000000 269.000000 262.000000 191 133
2011_000226 0.960094 20.000000 219.000000 68.000000 253.000000 86 137
2011_000226 0.096802 1.000000 221.000000 19.000000 247.000000 60 68
2011_000253 0.730205 239.000000 235.000000 320.000000 361.000000 336 145
2011_000288 0.361690 1.000000 164.000000 220.000000 500.000000 286 103
2011_000338 0.901999 94.000000 263.000000 224.000000 375.000000 58 160
2011_000338 0.496225 126.000000 238.000000 183.000000 344.000000 273 65
2011_000338 0.143057 1.000000 277.000000 140.000000 375.000000 237 52
2011_000338 0.139538 1.000000 241.000000 32.000000 280.000000 111 63
2011_000518 0.051184 345.000000 140.000000 455.000000 249.000000 78 100
2011_000518 0.879273 310.000000 108.000000 343.000000 149.000000 150 128
2011_000518 0.815421 345.000000 114.000000 398.000000 162.000000 217 84
2011_000518 0.138016 235.000000 119.000000 285.000000 151.000000 116 68
2011_000530 0.233686 341.000000 173.000000 375.000000 267.000000 235 5
2011_000575 0.981064 93.000000 2.000000 232.000000 336.000000 352 170
2011_000575 0.423406 155.000000 121.000000 448.000000 375.000000 24 35
2011_000607 0.625909 356.000000 259.000000 473.000000 375.000000 193 83
2011_000608 0.710352 1.000000 296.000000 152.000000 375.000000 181 143
2011_000661 0.625603 1.000000 1.000000 489.000000 375.000000 205 28
2011_000666 0.723174 362.000000 262.000000 442.000000 322.000000 333 177
2011_000745 0.129060 147.000000 104.000000 253.000000 247.000000 68 155
2011_000745 0.649699 171.000000 90.000000 200.000000 117.000000 268 9
2011_000745 0.171725 335.000000 92.000000 365.000000 130.000000 21 166
2011_000809 0.671595 29.000000 102.000000 280.000000 351.000000 32 55
2011_000813 0.039560 79.000000 17.000000 374.000000 500.000000 74 175
2011_000843 0.405016 9.000000 98.000000 371.000000 375.000000 177 115
2011_000917 0.214581 13.000000 242.000000 173.000000 500.000000 21 113
2011_000917 0.796108 234.000000 250.000000 347.000000 426.000000 227 71
2011_000917 0.702483 117.000000 243.000000 252.000000 462.000000 316 140
2011_000919 0.078309 252.000000 160.000000 345.000000 319.000000 151 116
2011_000919 0.406951 281.000000 197.000000 461.000000 375.000000 137 79
2011_000919 0.737898 73.000000 161.000000 188.000000 355.000000 99 42
2011_000919 0.035833 81.000000 220.000000 266.000000 375.000000 317 139
2011_000932 0.246189 365.000000 231.000000 488.000000 375.000000 200 106
2011_000932 0.301836 371.000000 192.000000 475.000000 307.000000 143 145
2011_000957 0.449977 113.000000 170.000000 367.000000 375.000000 176 141
2011_000957 0.086629 150.000000 130.000000 362.000000 234.000000 300 122
2011_000965 0.207679 119.000000 238.000000 231.000000 375.000000 353 102
2011_001032 0.025782 359.000000 166.000000 414.000000 238.000000 34 11
2011_001032 0.845939 414.000000 156.000000 499.000000 237.000000 120 100
2011_001032 0.210636 288.000000 162.000000 348.000000 231.000000 226 108
2011_001032 0.328917 232.000000 164.000000 277.000000 223.000000 91 117
2011_001032 0.452696 255.000000 165.000000 296.000000 191.000000 188 22
2011_001032 0.061912 252.000000 165.000000 290.000000 201.000000 357 72
2011_001032 0.740127 185.000000 159.000000 224.000000 195.000000 105 99
2011_001071 0.628669 1.000000 56.000000 202.000000 294.000000 115 89
2011_001071 0.136881 244.000000 23.000000 384.000000 293.000000 271 125
2011_001106 0.529622 2.000000 282.000000 188.000000 500.000000 327 68
2011_001106 0.817646 53.000000 188.000000 137.000000 269.000000 356 172
2011_001106 0.444496 228.000000 227.000000 375.000000 500.000000 153 147
2011_001111 0.238916 199.000000 237.000000 375.000000 500.000000 137 127
2011_001137 0.283592 149.000000 155.000000 234.000000 250.000000 63 43
2011_001137 0.942499 313.000000 161.000000 405.000000 242.000000 15 99
2011_001167 0.695976 388.000000 232.000000 437.000000 300.000000 284 43
2011_001167 0.331893 247.000000 231.000000 306.000000 303.000000 5 138
2011_001167 0.384165 140.000000 242.000000 242.000000 373.000000 116 138
2011_001167 0.220633 130.000000 281.000000 239.000000 373.000000 79 101
2011_001167 0.020395 263.000000 328.000000 367.000000 373.000000 59 72
2011_001167 0.044860 31.000000 219.000000 114.000000 317.000000 152 1
2011_001167 0.600350 179.000000 200.000000 238.000000 274.000000 68 36
2011_001167 0.550750 41.000000 191.000000 83.000000 243.000000 83 102
2011_001221 0.148359 307.000000 368.000000 405.000000 430.000000 122 178
2011_001223 0.524301 134.000000 246.000000 277.000000 402.000000 306 142
2011_001223 0.998590 24.000000 230.000000 130.000000 383.000000 7 47
2011_001223 0.641613 239.000000 222.000000 294.000000 352.000000 256 39
2011_001226 0.787968 271.000000 117.000000 345.000000 231.000000 44 100
2011_001226 0.587107 271.000000 107.000000 406.000000 197.000000 149 15
2011_001276 0.865262 249.000000 384.000000 299.000000 500.000000 230 23
2011_001295 0.311472 306.000000 318.000000 375.000000 485.000000 176 50
2011_001304 0.444139 289.000000 150.000000 492.000000 352.000000 240 90
2011_001305 0.015223 360.000000 121.000000 454.000000 246.000000 117 102
2011_001305 0.481772 269.000000 78.000000 309.000000 127.000000 199 168
2011_001319 0.143466 269.000000 173.000000 385.000000 312.000000 118 145
2011_001330 0.465510 241.000000 156.000000 330.000000 312.000000 28 80
2011_001330 0.533090 289.000000 192.000000 428.000000 373.000000 265 126
2011_001330 0.402240 357.000000 135.000000 409.000000 159.000000 74 28
2011_001330 0.926744 100.000000 129.000000 219.000000 168.000000 158 176
2011_001330 0.560227 423.000000 101.000000 500.000000 167.000000 111 155
2011_001346 0.787971 156.000000 157.000000 328.000000 253.000000 196 152
2011_001346 0.370152 102.000000 241.000000 324.000000 375.000000 193 0
2011_001366 0.146777 309.000000 166.000000 456.000000 372.000000 157 114
2011_001366 0.053982 91.000000 221.000000 269.000000 375.000000 204 73
2011_001366 0.457556 69.000000 91.000000 172.000000 260.000000 49 70
2011_001366 0.607156 289.000000 71.000000 399.000000 165.000000 119 154
2011_001370 0.767380 19.000000 208.000000 166.000000 295.000000 71 26
2011_001370 0.056611 340.000000 211.000000 444.000000 357.000000 235 62
2011_001404 0.535503 430.000000 26.000000 500.000000 129.000000 151 83
2011_001404 0.382405 427.000000 133.000000 500.000000 240.000000 298 180
2011_001404 0.679937 452.000000 98.000000 500.000000 167.000000 68 179
2011_001447 0.648705 1.000000 57.000000 237.000000 375.000000 337 115
2011_001447 0.593066 205.000000 53.000000 500.000000 368.000000 138 5
2011_001521 0.061962 1.000000 2.000000 285.000000 289.000000 263 118
2011_001524 0.495833 233.000000 95.000000 322.000000 225.000000 55 136
2011_001524 0.186366 277.000000 107.000000 389.000000 269.000000 138 52
2011_001567 0.139152 334.000000 116.000000 419.000000 263.000000 341 72
2011_001567 0.548450 232.000000 101.000000 301.000000 232.000000 195 5
2011_001567 0.162785 1.000000 179.000000 213.000000 333.000000 143 137
2011_001573 0.085334 43.000000 166.000000 221.000000 333.000000 169 107
2011_001665 0.133818 99.000000 129.000000 168.000000 195.000000 179 140
2011_001665 0.513148 4.000000 129.000000 81.000000 271.000000 252 150
2011_001665 0.973022 161.000000 120.000000 229.000000 183.000000 2 64
2011_001665 0.360979 1.000000 209.000000 55.000000 333.000000 52 139
2011_001665 0.407239 264.000000 103.000000 294.000000 154.000000 101 98
2011_001665 0.112509 445.000000 92.000000 489.000000 181.000000 331 64
2011_001665 0.813111 480.000000 91.000000 500.000000 178.000000 92 28
2011_001678 0.664118 1.000000 169.000000 167.000000 375.000000 227 119
2011_001719 0.097313 136.000000 177.000000 182.000000 220.000000 197 51
2011_001719 0.598784 29.000000 174.000000 77.000000 204.000000 299 57
2011_001719 0.261000 238.000000 188.000000 296.000000 244.000000 169 118
2011_001785 0.973479 50.000000 192.000000 78.000000 270.000000 102 124
2011_001785 0.901328 70.000000 194.000000 108.000000 282.000000 102 154
2011_001785 0.259131 102.000000 198.000000 146.000000 300.000000 302 135
2011_001785 0.842375 141.000000 203.000000 218.000000 323.000000 341 152
2011_001785 0.851166 204.000000 209.000000 302.000000 361.000000 280 85
2011_001785 0.729087 151.000000 186.000000 184.000000 207.000000 335 4
2011_001785 0.984498 182.000000 187.000000 223.000000 211.000000 168 106
2011_001785 0.344855 233.000000 188.000000 274.000000 214.000000 305 176
2011_001785 0.336489 274.000000 190.000000 340.000000 219.000000 100 57
2011_001785 0.915859 361.000000 193.000000 420.000000 246.000000 197 51
2011_001785 0.183005 354.000000 134.000000 497.000000 375.000000 241 141
2011_001812 0.618373 62.000000 45.000000 293.000000 452.000000 51 10
2011_001819 0.022618 257.000000 201.000000 383.000000 298.000000 212 68
2011_001834 0.787172 156.000000 57.000000 316.000000 317.000000 57 91
2011_001842 0.795180 374.000000 293.000000 498.000000 375.000000 274 168
2011_001842 0.132860 1.000000 248.000000 126.000000 375.000000 164 62
2011_001847 0.118007 225.000000 288.000000 332.000000 457.000000 202 37
2011_001847 0.725843 2.000000 307.000000 153.000000 500.000000 276 82
2011_001847 0.557388 26.000000 227.000000 162.000000 368.000000 38 79
2011_001847 0.351330 193.000000 221.000000 291.000000 399.000000 308 164
2011_001856 0.657593 388.000000 174.000000 475.000000 302.000000 134 18
2011_001862 0.393405 267.000000 184.000000 315.000000 258.000000 79 156
2011_001862 0.067439 250.000000 178.000000 284.000000 254.000000 163 33
2011_001862 0.463419 211.000000 178.000000 259.000000 250.000000 282 144
2011_001900 0.180491 210.000000 97.000000 500.000000 422.000000 307 113
2011_001932 0.315606 48.000000 156.000000 129.000000 225.000000 11 23
2011_001941 0.148569 207.000000 257.000000 272.000000 338.000000 263 139
2011_001941 0.717103 153.000000 280.000000 226.000000 353.000000 286 30
2011_001941 0.815830 84.000000 266.000000 154.000000 343.000000 28 71
2011_001941 0.316681 87.000000 351.000000 223.000000 375.000000 191 171
2011_001941 0.392261 402.000000 352.000000 492.000000 375.000000 208 34
2011_001941 0.908571 364.000000 310.000000 474.000000 375.000000 360 62
2011_001941 0.481277 344.000000 293.000000 412.000000 375.000000 251 5
2011_001941 0.154091 320.000000 274.000000 400.000000 360.000000 244 72
2011_001941 0.959295 306.000000 264.000000 359.000000 334.000000 202 171
2011_001941 0.654080 1.000000 236.000000 48.000000 306.000000 356 150
2011_001941 0.761925 5.000000 237.000000 40.000000 264.000000 313 155
2011_001946 0.508895 83.000000 213.000000 134.000000 336.000000 59 14
2011_002038 0.311971 122.000000 44.000000 385.000000 353.000000 33 79
2011_002041 0.869492 123.000000 91.000000 257.000000 281.000000 136 179
2011_002045 0.048492 16.000000 166.000000 91.000000 351.000000 341 46
2011_002045 0.596022 402.000000 173.000000 500.000000 352.000000 299 124
2011_002108 0.055756 162.000000 189.000000 214.000000 266.000000 77 96
2011_002108 0.327775 198.000000 186.000000 227.000000 253.000000 155 34
2011_002124 0.256984 120.000000 205.000000 245.000000 331.000000 338 153
2011_002163 0.782224 388.000000 44.000000 500.000000 243.000000 136 132
2011_002163 0.067072 224.000000 36.000000 352.000000 222.000000 4 40
2011_002200 0.277482 5.000000 196.000000 104.000000 375.000000 254 158
2011_002200 0.374769 451.000000 191.000000 500.000000 375.000000 249 25
2011_002241 0.694899 17.000000 124.000000 224.000000 375.000000 301 125
2011_002241 0.650968 153.000000 94.000000 240.000000 164.000000 307 53
2011_002241 0.780789 327.000000 99.000000 457.000000 340.000000 108 170
2011_002241 0.793673 220.000000 143.000000 438.000000 375.000000 297 133
2011_002260 0.159556 43.000000 228.000000 185.000000 375.000000 146 24
2011_002260 0.543991 177.000000 280.000000 334.000000 375.000000 294 5
2011_002270 0.460268 397.000000 24.000000 463.000000 113.000000 296 171
2011_002270 0.195857 472.000000 86.000000 500.000000 189.000000 25 94
2011_002270 0.165316 2.000000 30.000000 52.000000 135.000000 108 176
2011_002270 0.474103 1.000000 100.000000 49.000000 193.000000 280 61
2011_002358 0.861720 1.000000 175.000000 131.000000 367.000000 36 11
2011_002358 0.393840 1.000000 332.000000 76.000000 375.000000 26 159
2011_002358 0.032351 362.000000 331.000000 500.000000 375.000000 158 63
2011_002358 0.641060 470.000000 138.000000 500.000000 222.000000 261 64
2011_002386 0.485872 210.000000 133.000000 460.000000 359.000000 278 122
2011_002391 0.028333 347.000000 212.000000 449.000000 343.000000 292 14
2011_002391 0.808037 285.000000 207.000000 340.000000 301.000000 156 26
2011_002391 0.421675 1.000000 336.000000 177.000000 375.000000 1 17
2011_002509 0.371487 102.000000 196.000000 155.000000 297.000000 85 172
2011_002509 0.576280 161.000000 199.000000 200.000000 297.000000 177 48
2011_002531 0.660741 264.000000 107.000000 321.000000 260.000000 187 176
2011_002531 0.422876 176.000000 117.000000 256.000000 290.000000 305 16
2011_002531 0.731446 254.000000 123.000000 354.000000 296.000000 15 108
2011_002531 0.676503 188.000000 147.000000 294.000000 332.000000 246 11
2011_002575 0.726500 16.000000 145.000000 176.000000 341.000000 111 63
2011_002575 0.438931 312.000000 111.000000 476.000000 338.000000 39 45
2011_002640 0.435469 350.000000 244.000000 431.000000 333.000000 211 55
2011_002640 0.658420 46.000000 218.000000 153.000000 333.000000 112 165
2011_002640 0.035293 1.000000 186.000000 12.000000 243.000000 64 116
2011_002640 0.384515 1.000000 177.000000 62.000000 329.000000 282 0
2011_002641 0.434759 1.000000 158.000000 205.000000 261.000000 242 7
2011_002644 0.191036 410.000000 198.000000 455.000000 256.000000 63 105
2011_002644 0.001841 334.000000 196.000000 368.000000 252.000000 138 159
2011_002644 0.821409 365.000000 200.000000 411.000000 258.000000 245 51
2011_002714 0.951081 305.000000 181.000000 364.000000 235.000000 106 70
2011_002714 0.932589 382.000000 181.000000 439.000000 231.000000 301 160
2011_002750 0.713610 249.000000 196.000000 379.000000 375.000000 47 63
2011_002805 0.220504 176.000000 231.000000 269.000000 336.000000 225 150
2011_002805 0.028035 157.000000 252.000000 294.000000 450.000000 115 39
2011_002805 0.030791 69.000000 228.000000 154.000000 334.000000 245 52
2011_002805 0.071623 27.000000 246.000000 162.000000 443.000000 102 20
2011_002805 0.843501 298.000000 240.000000 374.000000 315.000000 209 2
2011_002810 0.162403 17.000000 254.000000 91.000000 342.000000 24 87
2011_002810 0.656410 2.000000 230.000000 30.000000 283.000000 152 155
2011_002870 0.411930 261.000000 6.000000 492.000000 375.000000 346 71
2011_002887 0.669312 192.000000 43.000000 402.000000 360.000000 281 162
2011_002887 0.271206 21.000000 21.000000 167.000000 299.000000 62 58
2011_002933 0.309470 201.000000 221.000000 241.000000 318.000000 83 126
2011_002933 0.619773 235.000000 228.000000 252.000000 324.000000 351 155
2011_002933 0.626196 195.000000 213.000000 236.000000 295.000000 317 55
2011_002933 0.582954 227.000000 209.000000 253.000000 225.000000 228 54
2011_002933 0.875137 1.000000 251.000000 91.000000 304.000000 39 144
2011_002933 0.938562 138.000000 275.000000 189.000000 392.000000 233 10
2011_002933 0.375118 106.000000 349.000000 191.000000 500.000000 21 45
2011_002971 0.941974 88.000000 160.000000 250.000000 335.000000 149 30
2011_002994 0.640155 297.000000 193.000000 365.000000 309.000000 46 136
2011_002994 0.955548 125.000000 183.000000 159.000000 263.000000 110 21
2011_002994 0.392890 148.000000 193.000000 207.000000 304.000000 297 27
2011_002994 0.875654 192.000000 205.000000 256.000000 314.000000 167 133
2011_002994 0.622915 252.000000 204.000000 314.000000 317.000000 351 130
2011_002994 0.898682 215.000000 189.000000 259.000000 207.000000 303 68
2011_002994 0.421410 260.000000 189.000000 304.000000 206.000000 284 164
2011_003011 0.612739 76.000000 17.000000 281.000000 456.000000 25 163
2011_003076 0.994522 39.000000 212.000000 125.000000 351.000000 270 104
2011_003076 0.166703 131.000000 189.000000 183.000000 308.000000 60 128
2011_003079 0.551481 82.000000 281.000000 231.000000 488.000000 29 114
2011_003097 0.046642 1.000000 111.000000 236.000000 330.000000 278 10
2011_003103 0.185260 126.000000 145.000000 239.000000 312.000000 210 137
2011_003103 0.604939 286.000000 145.000000 335.000000 247.000000 193 103
2011_003166 0.178949 317.000000 1.000000 500.000000 162.000000 15 49
2011_003201 0.917633 186.000000 168.000000 286.000000 271.000000 190 132
2011_003201 0.847394 240.000000 153.000000 310.000000 258.000000 11 148
2011_003201 0.075637 15.000000 215.000000 78.000000 314.000000 169 67
2011_003242 0.590129 324.000000 198.000000 352.000000 266.000000 61 121
2011_003242 0.791944 297.000000 177.000000 320.000000 223.000000 240 81
2011_003242 0.072557 100.000000 208.000000 133.000000 273.000000 164 161
2011_003242 0.321098 125.000000 181.000000 152.000000 238.000000 229 146
2011_003242 0.534216 162.000000 143.000000 175.000000 179.000000 193 156
2011_003242 0.881507 168.000000 136.000000 180.000000 163.000000 286 106
2011_003242 0.929496 178.000000 130.000000 189.000000 145.000000 160 17
2011_003242 0.690944 259.000000 131.000000 278.000000 173.000000 151 95
2011_003242 0.792789 1.000000 149.000000 17.000000 194.000000 20 61
