2008_000034 12.860437 6.00 234.00 45.00 362.00 0.00 188.57
2008_000051 9.039494 182.00 102.00 193.00 136.00 0.00 171.43
2008_000051 8.180979 120.00 70.00 138.00 109.00 0.00 188.57
2008_000145 7.769320 201.00 249.00 247.00 375.00 0.00 188.57
2008_000272 14.809124 51.00 197.00 74.00 272.00 0.00 188.57
2008_000398 8.040931 1.00 272.00 26.00 385.00 0.00 171.43
2008_000522 7.928296 299.00 99.00 375.00 197.00 0.00 222.86
2008_000677 9.523083 243.00 144.00 262.00 201.00 342.86 188.57
2008_000691 5.024999 332.00 246.00 375.00 331.00 342.86 171.43
2008_000705 9.299973 455.00 232.00 475.00 285.00 0.00 171.43
2008_000705 10.745997 475.00 231.00 497.00 286.00 0.00 171.43
2008_000795 8.140167 216.00 291.00 252.00 332.00 342.86 171.43
2008_000885 11.776432 95.00 181.00 125.00 273.00 342.86 188.57
2008_000911 13.953407 76.00 198.00 147.00 438.00 0.00 188.57
2008_001060 6.602103 13.00 163.00 64.00 258.00 0.00 171.43
2008_001077 10.926213 359.00 31.00 394.00 139.00 342.86 188.57
2008_001199 8.684363 395.00 238.00 420.00 284.00 0.00 188.57
2008_001199 11.451256 235.00 215.00 282.00 307.00 0.00 188.57
2008_001199 9.160582 223.00 178.00 244.00 219.00 0.00 188.57
2008_001304 8.534858 1.00 256.00 19.00 309.00 0.00 188.57
2008_001304 7.717711 13.00 254.00 34.00 309.00 0.00 188.57
2008_001304 8.614723 26.00 255.00 49.00 309.00 0.00 188.57
2008_001304 8.818626 43.00 254.00 63.00 308.00 0.00 188.57
2008_001304 8.256338 58.00 255.00 76.00 308.00 0.00 188.57
2008_001304 9.153042 73.00 254.00 93.00 308.00 0.00 188.57
2008_001304 9.922302 88.00 253.00 106.00 307.00 342.86 188.57
2008_001304 8.847324 102.00 252.00 120.00 306.00 0.00 188.57
2008_001304 7.706271 116.00 254.00 135.00 307.00 0.00 188.57
2008_001304 8.802421 131.00 252.00 150.00 306.00 0.00 188.57
2008_001304 9.532331 146.00 250.00 165.00 305.00 0.00 188.57
2008_001304 9.185030 162.00 250.00 180.00 304.00 0.00 188.57
2008_001304 10.331649 177.00 251.00 194.00 304.00 0.00 188.57
2008_001304 9.488586 190.00 250.00 209.00 304.00 0.00 188.57
2008_001304 8.596609 206.00 249.00 222.00 304.00 0.00 188.57
2008_001304 9.072030 220.00 249.00 237.00 303.00 342.86 188.57
2008_001304 10.723978 235.00 249.00 253.00 304.00 342.86 188.57
2008_001304 10.054867 313.00 55.00 330.00 99.00 0.00 171.43
2008_001333 8.950633 257.00 123.00 275.00 176.00 0.00 171.43
2008_001333 8.389647 235.00 133.00 253.00 182.00 342.86 188.57
2008_001486 10.589048 320.00 109.00 364.00 201.00 0.00 171.43
2008_001593 6.292542 116.00 54.00 286.00 181.00 0.00 137.14
2008_001594 7.049624 5.00 109.00 23.00 148.00 342.86 171.43
2008_001636 7.545892 273.00 146.00 290.00 188.00 0.00 171.43
2008_001636 6.419143 290.00 147.00 305.00 187.00 0.00 171.43
2008_001638 8.888922 338.00 276.00 350.00 314.00 342.86 171.43
2008_001910 9.727890 276.00 210.00 313.00 319.00 342.86 188.57
2008_001928 7.296040 398.00 238.00 420.00 278.00 342.86 171.43
2008_002082 7.157749 399.00 143.00 407.00 169.00 342.86 171.43
2008_002082 9.575863 404.00 143.00 413.00 170.00 0.00 171.43
2008_002153 9.542462 214.00 135.00 250.00 236.00 0.00 171.43
2008_002153 8.897679 242.00 130.00 269.00 222.00 0.00 171.43
2008_002292 6.882126 1.00 1.00 500.00 375.00 0.00 137.14
2008_002330 11.108673 127.00 79.00 157.00 173.00 342.86 188.57
2008_002330 9.422106 252.00 103.00 284.00 177.00 342.86 188.57
2008_002372 8.237127 1.00 1.00 344.00 480.00 0.00 205.71
2008_002378 8.125861 487.00 207.00 500.00 285.00 342.86 171.43
2008_002467 6.141708 68.00 50.00 182.00 312.00 342.86 171.43
2008_002467 8.808625 222.00 89.00 309.00 298.00 0.00 154.29
2008_002467 9.194383 359.00 87.00 447.00 309.00 0.00 171.43
2008_002567 8.799937 247.00 166.00 270.00 225.00 0.00 171.43
2008_002606 6.087488 148.00 317.00 257.00 372.00 0.00 137.14
2008_002775 12.244917 96.00 162.00 188.00 375.00 342.86 205.71
2008_002864 9.991711 164.00 168.00 192.00 245.00 342.86 205.71
2008_002864 10.479167 211.00 157.00 230.00 229.00 0.00 188.57
2008_002864 9.269178 269.00 150.00 310.00 258.00 0.00 188.57
2008_002870 6.918506 109.00 1.00 214.00 197.00 0.00 154.29
2008_003076 7.186428 314.00 164.00 350.00 238.00 342.86 154.29
2008_003076 8.253902 411.00 1.00 435.00 53.00 0.00 171.43
2008_003076 7.834452 370.00 3.00 389.00 51.00 0.00 171.43
2008_003076 7.877657 385.00 8.00 413.00 54.00 342.86 171.43
2008_003186 8.679305 114.00 150.00 155.00 293.00 342.86 188.57
2008_003280 9.022264 328.00 279.00 347.00 340.00 342.86 171.43
2008_003280 10.768075 338.00 276.00 352.00 333.00 0.00 171.43
2008_003289 8.795362 255.00 215.00 278.00 292.00 342.86 171.43
2008_003289 10.315561 84.00 212.00 102.00 291.00 0.00 188.57
2008_003289 11.188328 219.00 214.00 236.00 276.00 0.00 188.57
2008_003467 5.859092 13.00 11.00 168.00 325.00 342.86 154.29
2008_003514 5.440578 257.00 166.00 278.00 195.00 0.00 171.43
2008_003514 5.869763 264.00 173.00 285.00 201.00 0.00 171.43
2008_003591 10.570166 346.00 1.00 478.00 290.00 342.86 205.71
2008_003621 10.375334 458.00 151.00 472.00 198.00 342.86 171.43
2008_003722 8.421883 232.00 151.00 299.00 287.00 342.86 171.43
2008_003722 8.789781 80.00 203.00 146.00 343.00 342.86 205.71
2008_003904 10.745987 155.00 164.00 166.00 186.00 0.00 188.57
2008_003969 7.717207 34.00 88.00 163.00 375.00 342.86 188.57
2008_004016 10.480096 168.00 264.00 235.00 400.00 342.86 171.43
2008_004090 9.819898 195.00 235.00 268.00 375.00 0.00 188.57
2008_004126 9.219526 341.00 241.00 419.00 367.00 342.86 171.43
2008_004178 7.982113 411.00 115.00 487.00 314.00 342.86 188.57
2008_004308 12.347980 1.00 122.00 33.00 243.00 0.00 171.43
2008_004384 6.996868 136.00 270.00 155.00 339.00 0.00 171.43
2008_004389 8.437595 25.00 329.00 49.00 375.00 0.00 188.57
2008_004431 10.140239 218.00 170.00 238.00 232.00 0.00 171.43
2008_004460 9.477737 250.00 126.00 265.00 163.00 0.00 171.43
2008_004487 6.530766 232.00 149.00 249.00 182.00 342.86 171.43
2008_004501 8.372515 283.00 78.00 311.00 173.00 0.00 188.57
2008_004564 9.170874 437.00 147.00 467.00 249.00 0.00 171.43
2008_004564 9.397549 318.00 182.00 339.00 245.00 0.00 171.43
2008_004659 17.809298 142.00 1.00 317.00 500.00 0.00 205.71
2008_004778 5.225317 63.00 172.00 117.00 216.00 342.86 222.86
2008_004795 10.067446 237.00 128.00 258.00 170.00 0.00 171.43
2008_004795 10.885470 103.00 97.00 128.00 167.00 342.86 154.29
2008_004814 12.154902 15.00 34.00 61.00 130.00 0.00 171.43
2008_004898 9.309978 17.00 94.00 53.00 173.00 0.00 171.43
2008_004926 11.873243 172.00 233.00 290.00 375.00 0.00 171.43
2008_004926 9.972301 316.00 191.00 354.00 306.00 342.86 171.43
2008_004926 5.442019 17.00 115.00 43.00 172.00 0.00 171.43
2008_004948 11.547272 266.00 225.00 287.00 293.00 0.00 188.57
2008_004948 7.759215 151.00 233.00 182.00 321.00 0.00 188.57
2008_004948 13.349146 14.00 304.00 46.00 375.00 0.00 188.57
2008_004948 9.766883 106.00 339.00 129.00 375.00 0.00 171.43
2008_004948 11.253562 157.00 200.00 178.00 257.00 342.86 188.57
2008_004979 9.118593 176.00 55.00 222.00 228.00 0.00 205.71
2008_004982 12.451797 241.00 1.00 336.00 318.00 342.86 188.57
2008_005023 11.541252 244.00 191.00 278.00 290.00 0.00 188.57
2008_005023 7.951805 218.00 223.00 246.00 289.00 0.00 188.57
2008_005089 5.976201 325.00 303.00 360.00 374.00 0.00 171.43
2008_005089 7.168163 375.00 270.00 409.00 346.00 342.86 171.43
2008_005089 7.127824 225.00 272.00 249.00 321.00 0.00 171.43
2008_005140 9.686056 202.00 60.00 306.00 430.00 0.00 188.57
2008_005182 8.896797 111.00 1.00 211.00 257.00 342.86 171.43
2008_005204 8.414375 96.00 10.00 127.00 154.00 342.86 171.43
2008_005204 5.917655 173.00 11.00 207.00 144.00 342.86 171.43
2008_005204 7.559799 245.00 13.00 280.00 133.00 0.00 188.57
2008_005204 6.961555 368.00 17.00 390.00 119.00 342.86 171.43
2008_005204 16.009844 27.00 7.00 109.00 278.00 0.00 188.57
2008_005204 13.742186 108.00 8.00 188.00 270.00 0.00 188.57
2008_005204 8.891158 187.00 10.00 264.00 265.00 342.86 171.43
2008_005204 10.645500 262.00 12.00 332.00 254.00 0.00 188.57
2008_005204 9.418215 323.00 14.00 384.00 244.00 0.00 188.57
2008_005204 8.024643 378.00 15.00 442.00 237.00 0.00 171.43
2008_005204 6.792188 435.00 18.00 493.00 229.00 342.86 188.57
2008_005257 11.279525 383.00 133.00 406.00 200.00 0.00 171.43
2008_005347 10.694167 378.00 197.00 401.00 262.00 0.00 188.57
2008_005399 9.376179 134.00 198.00 160.00 287.00 0.00 171.43
2008_005399 10.009314 164.00 192.00 185.00 281.00 0.00 171.43
2008_005399 9.198694 177.00 198.00 203.00 277.00 0.00 171.43
2008_005399 12.296248 191.00 184.00 212.00 270.00 0.00 171.43
2008_005399 14.099091 204.00 183.00 227.00 258.00 0.00 171.43
2008_005399 10.118330 222.00 195.00 242.00 250.00 0.00 171.43
2008_005399 9.763774 233.00 179.00 267.00 249.00 0.00 171.43
2008_005646 12.429317 259.00 298.00 306.00 375.00 342.86 188.57
2008_005677 13.427772 229.00 100.00 242.00 145.00 0.00 171.43
2008_005677 12.132578 220.00 105.00 235.00 152.00 342.86 171.43
2008_005677 9.033384 207.00 89.00 222.00 152.00 0.00 171.43
2008_005812 10.193048 65.00 105.00 123.00 268.00 0.00 188.57
2008_005869 10.667843 48.00 243.00 79.00 336.00 0.00 188.57
2008_005881 5.856721 188.00 180.00 244.00 257.00 0.00 102.86
2008_005904 8.088183 251.00 1.00 452.00 304.00 0.00 188.57
2008_005939 8.886869 1.00 323.00 46.00 433.00 0.00 171.43
2008_006024 11.815600 256.00 225.00 346.00 375.00 342.86 171.43
2008_006027 9.408400 153.00 265.00 217.00 375.00 342.86 171.43
2008_006052 8.479012 157.00 1.00 461.00 137.00 0.00 205.71
2008_006072 8.371881 96.00 1.00 328.00 487.00 0.00 222.86
2008_006104 7.991360 90.00 47.00 265.00 486.00 342.86 154.29
2008_006120 6.713243 216.00 190.00 242.00 257.00 0.00 171.43
2008_006120 8.524279 159.00 202.00 183.00 243.00 342.86 188.57
2008_006120 7.045074 135.00 185.00 163.00 242.00 0.00 171.43
2008_006120 10.365322 184.00 215.00 206.00 289.00 0.00 171.43
2008_006120 8.211553 159.00 241.00 177.00 298.00 342.86 171.43
2008_006144 9.624350 162.00 1.00 305.00 359.00 342.86 171.43
2008_006144 10.485224 371.00 156.00 438.00 375.00 0.00 188.57
2008_006144 9.988747 1.00 213.00 51.00 375.00 0.00 171.43
2008_006144 9.440288 1.00 1.00 105.00 330.00 0.00 171.43
2008_006144 7.596947 98.00 63.00 154.00 238.00 342.86 171.43
2008_006144 11.214176 255.00 1.00 323.00 285.00 0.00 171.43
2008_006148 6.623847 97.00 287.00 169.00 375.00 342.86 154.29
2008_006282 7.141417 1.00 121.00 105.00 372.00 342.86 188.57
2008_006282 6.690443 64.00 101.00 160.00 337.00 342.86 188.57
2008_006282 7.965636 106.00 78.00 192.00 297.00 342.86 171.43
2008_006282 8.717375 170.00 61.00 244.00 275.00 0.00 188.57
2008_006282 8.329458 231.00 47.00 298.00 257.00 0.00 188.57
2008_006282 8.227519 289.00 42.00 356.00 251.00 0.00 188.57
2008_006282 10.147945 353.00 36.00 412.00 244.00 0.00 188.57
2008_006282 9.004597 404.00 38.00 470.00 261.00 342.86 188.57
2008_006605 7.705728 103.00 262.00 138.00 358.00 0.00 171.43
2008_006605 7.778374 93.00 247.00 117.00 355.00 342.86 171.43
2008_006605 7.826914 76.00 257.00 104.00 352.00 0.00 171.43
2008_006701 7.201324 50.00 179.00 158.00 500.00 0.00 171.43
2008_006701 10.819775 185.00 172.00 312.00 500.00 0.00 171.43
2008_006701 12.045080 152.00 176.00 259.00 500.00 342.86 171.43
2008_006731 8.472046 86.00 381.00 141.00 493.00 342.86 205.71
2008_006792 10.225699 113.00 1.00 294.00 487.00 0.00 188.57
2008_006815 8.727396 171.00 30.00 302.00 461.00 342.86 188.57
2008_006815 8.810396 47.00 46.00 176.00 458.00 0.00 171.43
2008_006890 6.999534 294.00 97.00 427.00 363.00 0.00 171.43
2008_006941 8.989033 167.00 28.00 258.00 250.00 0.00 137.14
2008_006952 8.176590 224.00 159.00 243.00 195.00 342.86 171.43
2008_007134 11.830935 86.00 455.00 130.00 500.00 0.00 171.43
2008_007134 7.642344 146.00 463.00 178.00 500.00 0.00 205.71
2008_007134 8.469780 202.00 465.00 235.00 500.00 342.86 171.43
2008_007134 8.573578 254.00 327.00 310.00 493.00 342.86 205.71
2008_007134 9.005619 78.00 175.00 142.00 357.00 342.86 205.71
2008_007134 9.151982 139.00 172.00 193.00 359.00 0.00 188.57
2008_007134 16.063663 196.00 174.00 250.00 364.00 342.86 188.57
2008_007134 9.102219 258.00 174.00 312.00 361.00 0.00 188.57
2008_007134 9.569748 83.00 321.00 141.00 482.00 342.86 205.71
2008_007134 7.551578 141.00 324.00 195.00 485.00 0.00 188.57
2008_007134 10.494645 80.00 17.00 140.00 221.00 342.86 171.43
2008_007134 10.151344 141.00 14.00 195.00 224.00 342.86 171.43
2008_007134 8.875228 198.00 12.00 253.00 222.00 342.86 171.43
2008_007134 11.087494 259.00 9.00 314.00 221.00 0.00 188.57
2008_007219 7.743769 94.00 77.00 183.00 226.00 342.86 188.57
2008_007585 8.000341 75.00 153.00 102.00 236.00 0.00 171.43
2008_007585 8.872313 2.00 225.00 37.00 328.00 342.86 171.43
2008_007591 7.755705 446.00 1.00 489.00 86.00 0.00 171.43
2008_007591 7.401591 413.00 1.00 447.00 81.00 0.00 171.43
2008_007591 10.574915 378.00 1.00 416.00 79.00 0.00 171.43
2008_007591 7.577273 346.00 1.00 379.00 82.00 0.00 171.43
2008_007591 7.427588 312.00 1.00 348.00 78.00 0.00 171.43
2008_007591 8.390591 290.00 1.00 321.00 78.00 0.00 171.43
2008_007591 9.179672 271.00 1.00 291.00 76.00 0.00 171.43
2008_007591 5.880179 156.00 14.00 167.00 52.00 0.00 171.43
2008_007704 9.344330 276.00 30.00 322.00 167.00 0.00 188.57
2008_007737 6.895700 154.00 185.00 202.00 328.00 342.86 188.57
2008_007737 9.433800 96.00 211.00 131.00 308.00 0.00 171.43
2008_007811 11.356135 102.00 50.00 333.00 500.00 0.00 137.14
2008_007923 10.811792 178.00 319.00 244.00 490.00 0.00 188.57
2008_007923 10.625753 113.00 357.00 189.00 500.00 342.86 188.57
2008_007954 11.278023 398.00 93.00 456.00 229.00 342.86 205.71
2008_007954 7.540994 92.00 1.00 228.00 361.00 342.86 205.71
2008_007966 6.865919 166.00 205.00 189.00 292.00 342.86 188.57
2008_007966 11.337270 267.00 116.00 289.00 163.00 342.86 188.57
2008_007986 12.020874 100.00 265.00 148.00 360.00 0.00 188.57
2008_008362 6.867385 199.00 246.00 215.00 284.00 0.00 171.43
2008_008362 7.292856 180.00 235.00 196.00 264.00 0.00 171.43
2008_008388 9.144314 352.00 208.00 373.00 268.00 0.00 188.57
2008_008700 15.494840 114.00 1.00 249.00 500.00 0.00 171.43
2009_000121 8.672693 86.00 1.00 181.00 210.00 0.00 154.29
2009_000121 6.730117 212.00 1.00 332.00 202.00 342.86 137.14
2009_000121 5.815155 313.00 1.00 375.00 190.00 342.86 154.29
2009_000121 9.922870 130.00 17.00 278.00 481.00 342.86 171.43
2009_000171 7.671169 293.00 323.00 315.00 401.00 0.00 171.43
2009_000201 8.682628 156.00 76.00 245.00 411.00 0.00 188.57
2009_000247 5.653777 181.00 113.00 218.00 148.00 342.86 171.43
2009_000247 9.270662 355.00 96.00 374.00 171.00 0.00 171.43
2009_000247 10.908184 405.00 98.00 430.00 159.00 342.86 171.43
2009_000247 10.651270 181.00 135.00 218.00 251.00 0.00 188.57
2009_000247 11.716537 55.00 113.00 75.00 170.00 0.00 171.43
2009_000247 11.045075 66.00 136.00 103.00 207.00 0.00 188.57
2009_000257 7.503047 446.00 48.00 500.00 173.00 342.86 171.43
2009_000328 10.239728 203.00 276.00 220.00 321.00 0.00 188.57
2009_000411 7.575103 230.00 208.00 256.00 254.00 0.00 171.43
2009_000414 6.657940 111.00 207.00 283.00 433.00 0.00 137.14
2009_000552 5.022748 144.00 128.00 188.00 169.00 0.00 171.43
2009_000573 5.582711 228.00 180.00 278.00 236.00 0.00 154.29
2009_000742 8.604008 127.00 100.00 188.00 344.00 0.00 171.43
2009_000763 6.949141 186.00 191.00 278.00 415.00 0.00 188.57
2009_000783 6.671334 419.00 6.00 500.00 159.00 342.86 188.57
2009_000783 5.808951 423.00 258.00 500.00 375.00 342.86 188.57
2009_000783 11.453689 1.00 49.00 125.00 249.00 0.00 205.71
2009_000783 9.218678 80.00 1.00 141.00 74.00 342.86 205.71
2009_000840 12.205114 149.00 113.00 226.00 387.00 0.00 188.57
2009_000992 6.294488 157.00 1.00 331.00 246.00 0.00 154.29
2009_001011 10.498099 187.00 110.00 225.00 235.00 342.86 171.43
2009_001011 8.764252 106.00 77.00 144.00 270.00 0.00 171.43
2009_001011 7.327100 59.00 74.00 107.00 273.00 0.00 188.57
2009_001011 9.830418 4.00 92.00 52.00 268.00 0.00 171.43
2009_001024 4.959559 207.00 154.00 297.00 217.00 0.00 154.29
2009_001024 10.453396 449.00 316.00 492.00 375.00 342.86 188.57
2009_001054 6.690817 1.00 1.00 81.00 80.00 342.86 188.57
2009_001106 8.553718 431.00 232.00 452.00 285.00 0.00 188.57
2009_001120 5.909139 303.00 310.00 400.00 374.00 342.86 188.57
2009_001181 8.470654 238.00 293.00 255.00 333.00 0.00 171.43
2009_001207 10.230152 139.00 72.00 198.00 333.00 0.00 171.43
2009_001278 12.407815 205.00 143.00 247.00 296.00 0.00 188.57
2009_001309 5.475010 9.00 216.00 244.00 500.00 342.86 137.14
2009_001398 9.267599 157.00 301.00 183.00 397.00 342.86 188.57
2009_001398 10.139415 5.00 304.00 38.00 386.00 342.86 171.43
2009_001414 12.580832 391.00 96.00 442.00 262.00 342.86 188.57
2009_001414 10.747231 99.00 90.00 141.00 214.00 0.00 188.57
2009_001414 10.008856 125.00 81.00 152.00 176.00 0.00 171.43
2009_001593 8.322697 103.00 39.00 250.00 461.00 0.00 154.29
2009_001743 6.433328 156.00 227.00 255.00 289.00 0.00 120.00
2009_001799 8.763059 376.00 234.00 456.00 375.00 342.86 171.43
2009_001799 8.151453 272.00 238.00 353.00 375.00 0.00 171.43
2009_001799 9.840530 255.00 238.00 300.00 375.00 0.00 171.43
2009_001799 10.260798 181.00 180.00 221.00 375.00 0.00 171.43
2009_001799 8.687520 133.00 234.00 210.00 375.00 0.00 171.43
2009_001799 9.874680 9.00 227.00 127.00 375.00 0.00 188.57
2009_001799 10.555751 1.00 193.00 29.00 324.00 0.00 171.43
2009_001810 5.709933 50.00 245.00 238.00 485.00 342.86 137.14
2009_001818 8.057098 144.00 13.00 265.00 455.00 0.00 171.43
2009_001848 13.052008 132.00 8.00 250.00 479.00 0.00 188.57
2009_001907 10.970047 172.00 12.00 287.00 309.00 0.00 205.71
2009_002137 8.706785 184.00 163.00 248.00 280.00 0.00 205.71
2009_002185 8.402541 225.00 76.00 276.00 272.00 0.00 154.29
2009_002185 6.613291 12.00 53.00 35.00 99.00 0.00 154.29
2009_002185 6.694518 24.00 56.00 45.00 102.00 342.86 171.43
2009_002185 8.123001 37.00 55.00 54.00 106.00 0.00 171.43
2009_002328 12.291744 128.00 15.00 190.00 144.00 0.00 171.43
2009_002372 7.380208 75.00 65.00 112.00 140.00 0.00 171.43
2009_002372 18.194033 157.00 149.00 179.00 229.00 0.00 188.57
2009_002372 10.217936 269.00 145.00 292.00 208.00 0.00 188.57
2009_002372 5.895932 284.00 116.00 337.00 188.00 342.86 154.29
2009_002433 7.124247 320.00 181.00 329.00 201.00 0.00 171.43
2009_002433 10.038479 296.00 194.00 309.00 227.00 0.00 171.43
2009_002433 10.835291 238.00 198.00 250.00 234.00 0.00 171.43
2009_002464 7.089150 204.00 136.00 500.00 375.00 0.00 137.14
2009_002475 8.848448 50.00 10.00 163.00 311.00 0.00 222.86
2009_002521 11.797308 94.00 61.00 186.00 430.00 342.86 188.57
2009_002573 13.632974 74.00 71.00 91.00 112.00 0.00 171.43
2009_002594 10.077751 190.00 118.00 267.00 258.00 0.00 205.71
2009_002649 12.066370 103.00 14.00 251.00 489.00 0.00 188.57
2009_002675 7.371650 1.00 1.00 123.00 375.00 0.00 171.43
2009_002675 7.734203 78.00 1.00 402.00 375.00 0.00 137.14
2009_002675 9.127809 343.00 1.00 499.00 375.00 0.00 171.43
2009_002732 5.372733 208.00 204.00 320.00 274.00 0.00 137.14
2009_002749 11.077261 16.00 37.00 93.00 432.00 0.00 188.57
2009_002790 6.629340 312.00 116.00 323.00 165.00 342.86 171.43
2009_002790 8.425715 324.00 114.00 338.00 163.00 0.00 171.43
2009_002856 8.778416 107.00 104.00 213.00 434.00 0.00 171.43
2009_002940 9.915406 112.00 112.00 184.00 332.00 0.00 205.71
2009_002940 7.268561 184.00 105.00 246.00 313.00 0.00 205.71
2009_002940 9.699976 240.00 96.00 302.00 296.00 0.00 205.71
2009_002940 8.244984 294.00 78.00 342.00 265.00 0.00 188.57
2009_002940 5.084595 320.00 88.00 405.00 274.00 0.00 205.71
2009_002940 10.480468 92.00 85.00 146.00 296.00 342.86 188.57
2009_002940 6.319585 158.00 75.00 211.00 152.00 342.86 205.71
2009_002940 7.280505 223.00 71.00 266.00 135.00 0.00 205.71
2009_002940 7.435815 341.00 67.00 388.00 114.00 342.86 171.43
2009_002940 8.304466 1.00 1.00 22.00 158.00 0.00 171.43
2009_002940 7.251424 12.00 1.00 93.00 149.00 0.00 154.29
2009_002940 7.469379 15.00 146.00 85.00 276.00 0.00 188.57
2009_002940 10.178995 1.00 161.00 24.00 288.00 0.00 171.43
2009_002940 8.973248 1.00 299.00 27.00 375.00 0.00 171.43
2009_002940 4.868690 19.00 274.00 84.00 375.00 0.00 171.43
2009_002940 7.569141 121.00 332.00 176.00 375.00 342.86 171.43
2009_002940 5.037610 179.00 324.00 233.00 375.00 342.86 171.43
2009_002940 6.245445 235.00 317.00 282.00 375.00 342.86 205.71
2009_002940 5.402951 286.00 299.00 330.00 375.00 342.86 188.57
2009_002940 6.941869 321.00 291.00 375.00 375.00 0.00 188.57
2009_002940 6.564610 371.00 275.00 417.00 375.00 0.00 171.43
2009_003003 14.926023 204.00 47.00 345.00 500.00 0.00 171.43
2009_003114 12.746414 3.00 1.00 176.00 500.00 0.00 171.43
2009_003144 9.106907 169.00 270.00 200.00 375.00 0.00 171.43
2009_003144 12.767720 259.00 255.00 288.00 365.00 0.00 171.43
2009_003144 10.883642 290.00 258.00 314.00 341.00 0.00 171.43
2009_003144 7.862209 454.00 243.00 474.00 293.00 0.00 171.43
2009_003154 5.951015 205.00 190.00 232.00 240.00 0.00 154.29
2009_003154 10.677416 229.00 184.00 244.00 232.00 0.00 171.43
2009_003154 9.871737 203.00 180.00 213.00 233.00 342.86 171.43
2009_003154 8.272915 216.00 175.00 227.00 188.00 342.86 171.43
2009_003154 7.716400 206.00 175.00 218.00 189.00 0.00 171.43
2009_003191 9.438853 145.00 223.00 235.00 496.00 342.86 188.57
2009_003191 10.702206 1.00 261.00 40.00 493.00 0.00 171.43
2009_003214 5.903396 290.00 242.00 371.00 280.00 17.14 154.29
2009_003269 6.374244 114.00 166.00 225.00 313.00 0.00 137.14
2009_003347 8.842697 210.00 110.00 283.00 315.00 342.86 171.43
2009_003517 13.589853 115.00 37.00 240.00 489.00 342.86 205.71
2009_003588 13.622393 1.00 1.00 195.00 500.00 0.00 188.57
2009_003588 7.667132 232.00 158.00 391.00 500.00 0.00 188.57
2009_003664 10.596650 314.00 210.00 363.00 342.00 0.00 171.43
2009_003795 10.277487 156.00 222.00 179.00 304.00 0.00 188.57
2009_003795 9.706970 386.00 247.00 409.00 345.00 342.86 188.57
2009_003899 11.735511 84.00 31.00 208.00 372.00 342.86 171.43
2009_003914 6.159722 5.00 1.00 123.00 162.00 0.00 188.57
2009_003965 10.200601 355.00 87.00 375.00 158.00 342.86 171.43
2009_004031 6.632256 73.00 1.00 497.00 333.00 0.00 171.43
2009_004050 9.624000 388.00 357.00 413.00 375.00 342.86 171.43
2009_004085 10.328938 116.00 236.00 155.00 370.00 342.86 188.57
2009_004247 3.685073 84.00 191.00 317.00 247.00 0.00 154.29
2009_004309 7.813327 418.00 169.00 452.00 239.00 0.00 171.43
2009_004324 3.968697 139.00 107.00 448.00 219.00 342.86 154.29
2009_004332 7.546358 197.00 195.00 354.00 500.00 0.00 171.43
2009_004518 5.362783 322.00 185.00 345.00 225.00 342.86 171.43
2009_004537 9.793205 148.00 264.00 167.00 311.00 0.00 171.43
2009_004542 16.784475 100.00 64.00 217.00 461.00 342.86 188.57
2009_004542 16.411865 121.00 11.00 176.00 205.00 342.86 171.43
2009_004551 6.609189 203.00 189.00 249.00 239.00 0.00 188.57
2009_004551 6.978916 254.00 191.00 285.00 244.00 342.86 171.43
2009_004579 9.968529 31.00 14.00 153.00 493.00 342.86 171.43
2009_004579 13.099388 190.00 14.00 314.00 495.00 0.00 171.43
2009_004749 7.410064 369.00 1.00 485.00 348.00 342.86 171.43
2009_004749 11.419971 164.00 1.00 331.00 375.00 0.00 171.43
2009_004856 10.802082 23.00 1.00 243.00 333.00 342.86 205.71
2009_005038 8.842665 92.00 270.00 166.00 500.00 0.00 205.71
2009_005038 8.444118 297.00 155.00 315.00 194.00 0.00 171.43
2009_005082 6.435711 333.00 124.00 399.00 179.00 0.00 120.00
2009_005150 9.783798 9.00 8.00 247.00 497.00 342.86 188.57
2009_005171 7.835946 172.00 158.00 182.00 180.00 342.86 171.43
2009_005171 9.139008 2.00 159.00 12.00 201.00 0.00 171.43
2009_005171 7.074100 120.00 166.00 138.00 184.00 342.86 171.43
2009_005190 13.862854 124.00 113.00 187.00 356.00 0.00 171.43
2009_005288 10.548213 127.00 225.00 159.00 316.00 342.86 171.43
2009_005302 12.257671 36.00 103.00 87.00 274.00 342.86 188.57
2009_005302 14.660439 108.00 107.00 156.00 279.00 342.86 188.57
2009_005302 9.617674 161.00 108.00 211.00 284.00 342.86 171.43
2009_005302 8.902801 213.00 112.00 261.00 291.00 342.86 171.43
2009_005302 8.679419 276.00 110.00 325.00 294.00 342.86 171.43
2009_005302 8.607301 336.00 106.00 391.00 296.00 342.86 171.43
2009_005302 12.821864 389.00 111.00 444.00 297.00 342.86 171.43
2009_005302 12.900606 451.00 113.00 500.00 293.00 0.00 171.43
2010_000050 8.112721 138.00 51.00 374.00 483.00 0.00 171.43
2010_000213 10.184021 22.00 1.00 488.00 404.00 0.00 222.86
2010_000256 9.691357 247.00 128.00 270.00 204.00 342.86 188.57
2010_000325 12.267256 22.00 170.00 100.00 400.00 0.00 171.43
2010_000325 12.284969 312.00 96.00 332.00 161.00 342.86 188.57
2010_000352 8.870321 91.00 240.00 123.00 360.00 342.86 188.57
2010_000426 7.622989 71.00 1.00 428.00 333.00 0.00 171.43
2010_000449 7.252561 192.00 136.00 203.00 162.00 0.00 171.43
2010_000573 12.644371 203.00 175.00 221.00 251.00 0.00 171.43
2010_000697 11.766189 45.00 239.00 81.00 333.00 342.86 171.43
2010_000738 9.485305 60.00 147.00 77.00 190.00 0.00 171.43
2010_000805 10.732609 74.00 105.00 255.00 375.00 0.00 188.57
2010_000866 7.928945 459.00 56.00 474.00 114.00 342.86 171.43
2010_000897 16.817287 259.00 135.00 350.00 311.00 342.86 171.43
2010_000915 9.563485 188.00 283.00 242.00 433.00 342.86 171.43
2010_000944 12.708361 386.00 195.00 411.00 267.00 0.00 171.43
2010_000944 12.810291 111.00 199.00 132.00 272.00 0.00 171.43
2010_001188 10.061563 10.00 113.00 35.00 213.00 342.86 171.43
2010_001188 8.317536 36.00 150.00 57.00 212.00 0.00 171.43
2010_001188 7.000477 70.00 156.00 86.00 214.00 0.00 171.43
2010_001188 7.509212 95.00 157.00 112.00 216.00 0.00 171.43
2010_001188 9.293043 114.00 156.00 131.00 215.00 0.00 171.43
2010_001188 7.399925 181.00 166.00 198.00 216.00 342.86 171.43
2010_001188 8.298822 161.00 162.00 176.00 217.00 342.86 171.43
2010_001188 6.681322 139.00 161.00 152.00 216.00 342.86 171.43
2010_001219 7.523709 127.00 68.00 234.00 357.00 342.86 154.29
2010_001367 7.532669 298.00 271.00 400.00 356.00 342.86 188.57
2010_001463 8.134045 210.00 120.00 314.00 464.00 342.86 188.57
2010_001535 7.936682 53.00 274.00 126.00 375.00 0.00 205.71
2010_001680 13.674223 233.00 145.00 282.00 250.00 342.86 205.71
2010_001682 9.995134 114.00 182.00 154.00 250.00 342.86 171.43
2010_001819 12.035013 362.00 79.00 395.00 248.00 0.00 171.43
2010_001819 7.924017 278.00 85.00 317.00 249.00 342.86 171.43
2010_001819 10.178988 193.00 67.00 225.00 247.00 342.86 154.29
2010_001823 9.583116 317.00 328.00 327.00 356.00 0.00 171.43
2010_001830 8.943707 1.00 11.00 143.00 500.00 342.86 171.43
2010_001877 5.114429 124.00 203.00 218.00 292.00 0.00 222.86
2010_002017 8.803031 287.00 103.00 348.00 264.00 342.86 171.43
2010_002244 6.499768 82.00 1.00 384.00 379.00 342.86 171.43
2010_002244 8.500316 238.00 1.00 500.00 378.00 342.86 171.43
2010_002269 11.037260 16.00 246.00 92.00 375.00 0.00 188.57
2010_002269 15.996185 168.00 273.00 214.00 375.00 342.86 188.57
2010_002269 8.444353 417.00 242.00 439.00 322.00 342.86 171.43
2010_002373 6.173160 9.00 304.00 69.00 408.00 0.00 205.71
2010_002373 6.233627 85.00 276.00 129.00 370.00 342.86 188.57
2010_002388 9.341805 132.00 203.00 231.00 500.00 0.00 171.43
2010_002539 6.932318 242.00 388.00 279.00 499.00 0.00 188.57
2010_002586 8.478686 431.00 55.00 452.00 137.00 342.86 171.43
2010_002668 5.639760 40.00 116.00 459.00 243.00 342.86 154.29
2010_002807 6.048193 94.00 249.00 136.00 269.00 0.00 154.29
2010_002858 8.513844 232.00 27.00 288.00 132.00 0.00 205.71
2010_002871 10.214823 402.00 56.00 421.00 85.00 342.86 171.43
2010_002879 8.819964 23.00 435.00 70.00 500.00 342.86 240.00
2010_002956 10.195228 191.00 99.00 330.00 347.00 342.86 205.71
2010_003091 10.282826 183.00 206.00 218.00 338.00 0.00 188.57
2010_003091 7.901510 304.00 176.00 322.00 242.00 0.00 171.43
2010_003092 10.788006 242.00 150.00 390.00 340.00 0.00 188.57
2010_003092 10.106550 393.00 11.00 459.00 184.00 342.86 171.43
2010_003199 11.516016 31.00 199.00 470.00 313.00 342.86 154.29
2010_003368 10.782228 355.00 98.00 386.00 205.00 0.00 188.57
2010_003468 12.797330 178.00 83.00 283.00 485.00 342.86 188.57
2010_003597 10.129719 181.00 233.00 201.00 290.00 342.86 171.43
2010_003603 9.188667 145.00 414.00 176.00 450.00 0.00 171.43
2010_003731 9.497631 236.00 204.00 260.00 277.00 342.86 171.43
2010_003762 10.651699 101.00 24.00 161.00 205.00 342.86 188.57
2010_003762 11.070457 163.00 33.00 222.00 201.00 0.00 188.57
2010_003779 9.712206 84.00 1.00 217.00 488.00 342.86 188.57
2010_003781 9.968794 8.00 18.00 62.00 166.00 0.00 188.57
2010_003828 8.190973 17.00 262.00 35.00 315.00 0.00 171.43
2010_003912 10.624987 189.00 154.00 215.00 208.00 0.00 171.43
2010_004054 7.836403 128.00 152.00 333.00 314.00 0.00 188.57
2010_004054 5.717349 219.00 114.00 286.00 180.00 0.00 222.86
2010_004056 5.390380 4.00 217.00 185.00 389.00 0.00 154.29
2010_004254 9.769440 144.00 227.00 183.00 344.00 342.86 171.43
2010_004290 7.432217 153.00 1.00 230.00 114.00 342.86 188.57
2010_004290 7.759557 236.00 2.00 325.00 139.00 0.00 188.57
2010_004290 9.687368 7.00 1.00 228.00 333.00 0.00 222.86
2010_004447 9.985775 39.00 344.00 74.00 458.00 0.00 188.57
2010_004460 8.996162 66.00 254.00 115.00 370.00 0.00 188.57
2010_004488 4.992803 91.00 94.00 405.00 287.00 0.00 171.43
2010_004520 7.048388 81.00 23.00 246.00 481.00 342.86 171.43
2010_004529 5.053739 47.00 50.00 441.00 259.00 325.71 137.14
2010_004545 7.507849 238.00 35.00 259.00 78.00 342.86 171.43
2010_004551 10.901657 84.00 56.00 256.00 498.00 342.86 188.57
2010_004778 8.770673 237.00 165.00 252.00 220.00 0.00 171.43
2010_004786 12.561779 208.00 154.00 241.00 240.00 0.00 171.43
2010_004828 9.822615 327.00 1.00 383.00 210.00 342.86 171.43
2010_004828 9.003296 147.00 1.00 210.00 217.00 342.86 171.43
2010_004866 7.604161 169.00 96.00 228.00 295.00 342.86 171.43
2010_004894 5.104146 339.00 17.00 369.00 60.00 0.00 154.29
2010_004909 9.891777 248.00 137.00 280.00 225.00 342.86 171.43
2010_005079 7.364786 182.00 200.00 223.00 259.00 0.00 171.43
2010_005158 8.866251 419.00 313.00 441.00 375.00 0.00 171.43
2010_005369 11.486877 265.00 106.00 277.00 149.00 0.00 171.43
2010_005379 8.566513 123.00 372.00 162.00 499.00 342.86 171.43
2010_005379 11.198843 150.00 386.00 192.00 500.00 0.00 171.43
2010_005379 9.313626 179.00 369.00 226.00 500.00 0.00 188.57
2010_005379 5.849545 227.00 370.00 278.00 500.00 342.86 188.57
2010_005379 9.789873 288.00 376.00 330.00 500.00 342.86 188.57
2010_005379 10.206692 322.00 370.00 364.00 500.00 342.86 171.43
2010_005379 8.720344 318.00 368.00 342.00 442.00 342.86 171.43
2010_005379 5.873781 237.00 364.00 279.00 500.00 342.86 188.57
2010_005441 6.082041 267.00 165.00 397.00 290.00 342.86 171.43
2010_005496 10.374493 112.00 57.00 327.00 338.00 342.86 154.29
2010_005582 7.162490 53.00 101.00 138.00 158.00 0.00 222.86
2010_005747 8.492749 288.00 20.00 300.00 68.00 342.86 171.43
2010_005762 5.135703 1.00 1.00 238.00 375.00 0.00 188.57
2010_005853 9.550132 296.00 168.00 336.00 380.00 342.86 171.43
2010_005883 12.149290 104.00 59.00 230.00 443.00 0.00 171.43
2010_005883 8.899239 247.00 126.00 333.00 312.00 342.86 171.43
2010_005883 9.030750 290.00 1.00 320.00 110.00 342.86 171.43
2010_006000 8.006454 249.00 172.00 309.00 304.00 0.00 171.43
2010_006021 8.281769 131.00 115.00 218.00 391.00 342.86 171.43
2010_006056 11.062969 248.00 177.00 272.00 250.00 0.00 188.57
2011_000009 10.697172 306.00 78.00 329.00 146.00 342.86 171.43
2011_000066 4.468250 1.00 84.00 498.00 375.00 0.00 154.29
2011_000165 8.807604 302.00 10.00 316.00 49.00 342.86 171.43
2011_000206 11.272903 374.00 228.00 414.00 371.00 0.00 188.57
2011_000206 10.264889 158.00 246.00 205.00 375.00 342.86 171.43
2011_000257 7.114181 102.00 1.00 194.00 222.00 342.86 188.57
2011_000332 7.622983 154.00 105.00 170.00 145.00 0.00 188.57
2011_000344 10.095044 132.00 153.00 192.00 292.00 0.00 188.57
2011_000438 7.194993 164.00 313.00 209.00 375.00 342.86 171.43
2011_000622 12.094435 2.00 173.00 38.00 368.00 0.00 171.43
2011_000622 8.670032 21.00 49.00 82.00 354.00 0.00 171.43
2011_000622 10.758348 81.00 263.00 131.00 391.00 342.86 188.57
2011_000622 7.141838 91.00 2.00 158.00 336.00 0.00 171.43
2011_000622 9.151028 119.00 98.00 238.00 385.00 0.00 188.57
2011_000745 6.390410 247.00 1.00 318.00 130.00 0.00 171.43
2011_000747 10.151058 229.00 174.00 243.00 226.00 0.00 171.43
2011_000747 8.296061 214.00 172.00 229.00 227.00 0.00 171.43
2011_000747 9.818789 187.00 173.00 201.00 226.00 342.86 171.43
2011_000747 8.080249 174.00 177.00 190.00 227.00 0.00 171.43
2011_000747 8.769413 157.00 177.00 172.00 228.00 342.86 171.43
2011_000747 8.921900 137.00 184.00 154.00 229.00 0.00 171.43
2011_000747 10.922201 152.00 245.00 167.00 297.00 0.00 171.43
2011_000747 10.947256 138.00 245.00 154.00 297.00 0.00 171.43
2011_000747 10.659950 122.00 245.00 135.00 297.00 0.00 171.43
2011_000747 8.194571 111.00 252.00 129.00 298.00 0.00 188.57
2011_000747 9.309771 96.00 245.00 110.00 297.00 0.00 171.43
2011_000747 11.127001 85.00 248.00 100.00 299.00 0.00 171.43
2011_000747 10.581327 65.00 250.00 81.00 299.00 342.86 171.43
2011_000747 11.914585 35.00 251.00 51.00 299.00 0.00 171.43
2011_000747 10.361970 23.00 251.00 37.00 296.00 342.86 171.43
2011_000747 7.196795 106.00 244.00 118.00 295.00 342.86 171.43
2011_000843 6.987615 258.00 239.00 331.00 297.00 0.00 205.71
2011_000933 5.847810 191.00 258.00 234.00 316.00 342.86 188.57
2011_000951 6.911651 35.00 28.00 132.00 317.00 0.00 188.57
2011_000953 9.041012 349.00 240.00 380.00 304.00 342.86 171.43
2011_001008 11.267172 201.00 110.00 249.00 199.00 0.00 171.43
2011_001008 7.777071 1.00 99.00 17.00 146.00 0.00 171.43
2011_001058 7.600484 212.00 256.00 254.00 333.00 0.00 188.57
2011_001295 8.044386 79.00 256.00 125.00 424.00 0.00 188.57
2011_001305 9.333100 18.00 230.00 79.00 375.00 0.00 188.57
2011_001305 10.760721 129.00 191.00 163.00 266.00 0.00 171.43
2011_001305 9.678761 205.00 160.00 233.00 272.00 0.00 188.57
2011_001305 14.565325 214.00 182.00 256.00 318.00 342.86 188.57
2011_001327 9.994589 253.00 197.00 295.00 309.00 342.86 154.29
2011_001521 9.191317 212.00 261.00 331.00 475.00 0.00 171.43
2011_001720 7.804613 188.00 188.00 370.00 333.00 342.86 205.71
2011_001720 7.132152 260.00 53.00 435.00 333.00 342.86 188.57
2011_001720 6.338942 334.00 1.00 486.00 151.00 0.00 205.71
2011_001720 6.356439 136.00 1.00 283.00 332.00 342.86 205.71
2011_001720 8.675933 11.00 103.00 190.00 333.00 0.00 205.71
2011_001720 6.263089 32.00 194.00 175.00 333.00 0.00 171.43
2011_001720 7.265754 1.00 1.00 101.00 238.00 0.00 188.57
2011_001720 7.784339 74.00 1.00 170.00 119.00 0.00 188.57
2011_001819 9.623424 95.00 62.00 116.00 119.00 0.00 171.43
2011_001820 8.819574 349.00 224.00 393.00 340.00 0.00 188.57
2011_001845 8.302984 233.00 88.00 254.00 144.00 342.86 188.57
2011_001847 9.552576 186.00 208.00 204.00 270.00 0.00 171.43
2011_001914 7.885571 416.00 313.00 446.00 375.00 342.86 205.71
2011_001914 13.853252 290.00 156.00 316.00 202.00 342.86 188.57
2011_001919 4.509048 442.00 149.00 493.00 179.00 0.00 222.86
2011_001975 9.728880 396.00 182.00 423.00 251.00 342.86 188.57
2011_002044 5.878796 403.00 298.00 460.00 375.00 0.00 171.43
2011_002044 6.581617 352.00 297.00 406.00 375.00 0.00 205.71
2011_002088 4.350762 9.00 60.00 469.00 232.00 342.86 154.29
2011_002098 4.574900 146.00 80.00 293.00 173.00 342.86 137.14
2011_002158 13.400289 117.00 245.00 160.00 357.00 0.00 205.71
2011_002158 3.398908 179.00 258.00 235.00 306.00 342.86 120.00
2011_002158 5.019889 205.00 263.00 245.00 314.00 0.00 137.14
2011_002163 7.935808 203.00 217.00 306.00 281.00 0.00 154.29
2011_002185 10.275629 271.00 117.00 298.00 179.00 342.86 171.43
2011_002185 8.316533 42.00 95.00 95.00 200.00 0.00 188.57
2011_002185 7.897332 175.00 107.00 206.00 213.00 342.86 188.57
2011_002185 9.564451 104.00 93.00 134.00 192.00 342.86 171.43
2011_002185 10.766700 146.00 105.00 176.00 206.00 0.00 188.57
2011_002185 10.219851 122.00 92.00 142.00 185.00 0.00 171.43
2011_002185 7.815264 84.00 97.00 114.00 175.00 342.86 171.43
2011_002185 10.322077 139.00 97.00 154.00 186.00 342.86 171.43
2011_002185 7.608081 165.00 86.00 202.00 145.00 342.86 188.57
2011_002185 7.975234 130.00 81.00 163.00 129.00 0.00 171.43
2011_002185 9.449343 230.00 133.00 250.00 171.00 342.86 171.43
2011_002185 9.219543 250.00 137.00 265.00 173.00 342.86 171.43
2011_002301 9.486712 126.00 73.00 175.00 276.00 0.00 171.43
2011_002301 10.355274 167.00 59.00 239.00 286.00 0.00 171.43
2011_002324 5.616960 2.00 1.00 452.00 375.00 0.00 154.29
2011_002358 9.540794 325.00 239.00 349.00 297.00 0.00 188.57
2011_002482 5.788201 41.00 116.00 75.00 195.00 0.00 171.43
2011_002482 7.597930 251.00 282.00 279.00 367.00 0.00 188.57
2011_002482 8.366312 294.00 79.00 309.00 102.00 0.00 171.43
2011_002498 5.283879 190.00 423.00 253.00 470.00 342.86 188.57
2011_002542 10.010904 205.00 134.00 223.00 189.00 0.00 188.57
2011_002575 6.867206 304.00 109.00 328.00 163.00 0.00 188.57
2011_002610 9.939773 104.00 105.00 123.00 166.00 0.00 171.43
2011_002610 12.320455 272.00 101.00 288.00 164.00 0.00 171.43
2011_002610 9.125694 202.00 100.00 222.00 168.00 342.86 188.57
2011_002640 10.115259 238.00 165.00 251.00 204.00 342.86 171.43
2011_002641 9.106055 108.00 140.00 205.00 171.00 342.86 154.29
2011_002830 8.631534 184.00 272.00 211.00 318.00 0.00 205.71
2011_002863 9.894020 405.00 155.00 494.00 371.00 342.86 171.43
2011_002890 6.781543 95.00 108.00 257.00 317.00 0.00 222.86
2011_002890 6.618231 1.00 1.00 121.00 174.00 0.00 222.86
2011_002890 7.628920 65.00 1.00 220.00 197.00 0.00 222.86
2011_002890 6.514994 174.00 1.00 342.00 149.00 0.00 188.57
2011_002890 7.608145 220.00 114.00 375.00 298.00 342.86 222.86
2011_002890 6.816182 12.00 279.00 148.00 500.00 342.86 240.00
2011_002890 6.255208 119.00 271.00 285.00 476.00 0.00 240.00
2011_002890 6.765848 194.00 430.00 315.00 500.00 342.86 257.14
2011_002890 5.520899 308.00 402.00 375.00 500.00 342.86 188.57
2011_002890 7.409881 229.00 255.00 375.00 451.00 342.86 222.86
2011_002897 10.888561 473.00 202.00 500.00 284.00 342.86 171.43
2011_002967 6.720515 207.00 104.00 470.00 187.00 342.86 137.14
2011_003050 7.634892 212.00 138.00 230.00 180.00 342.86 171.43
2011_003050 8.466698 201.00 143.00 216.00 181.00 0.00 171.43
2011_003152 4.918027 168.00 271.00 186.00 324.00 342.86 205.71
2011_003152 13.146149 76.00 243.00 96.00 276.00 0.00 188.57
2011_003152 10.723122 5.00 265.00 31.00 334.00 0.00 188.57
2011_003166 10.605527 190.00 53.00 214.00 114.00 0.00 171.43
2011_003168 4.897839 365.00 48.00 416.00 80.00 0.00 154.29
2011_003240 4.580168 255.00 124.00 328.00 162.00 0.00 171.43
2011_003254 7.765512 130.00 259.00 148.00 305.00 0.00 171.43
2011_003262 9.039842 283.00 106.00 307.00 194.00 342.86 171.43
2011_003262 10.649426 223.00 97.00 248.00 173.00 342.86 171.43
2011_003262 9.064554 215.00 154.00 253.00 272.00 342.86 171.43
2011_003271 9.510057 98.00 1.00 499.00 405.00 0.00 171.43
