2008_000082 8.136240 128.00 239.00 346.00 361.00 240.00 188.57
2008_000203 5.792077 354.00 156.00 411.00 261.00 342.86 171.43
2008_000328 4.514697 151.00 185.00 274.00 439.00 17.14 154.29
2008_000378 7.990050 15.00 182.00 228.00 333.00 205.71 171.43
2008_000516 1.639273 205.00 82.00 440.00 347.00 257.14 188.57
2008_000547 16.069225 124.00 168.00 200.00 238.00 308.57 171.43
2008_000782 5.860492 5.00 124.00 254.00 500.00 0.00 171.43
2008_000803 6.110561 432.00 11.00 461.00 64.00 0.00 171.43
2008_000806 1.825935 247.00 185.00 446.00 375.00 342.86 188.57
2008_000811 5.033682 30.00 136.00 268.00 331.00 0.00 171.43
2008_000811 12.944418 312.00 101.00 475.00 360.00 342.86 171.43
2008_000858 8.254349 12.00 51.00 382.00 328.00 291.43 188.57
2008_000858 3.189508 284.00 16.00 453.00 211.00 308.57 188.57
2008_001007 3.948871 95.00 208.00 327.00 375.00 0.00 188.57
2008_001150 5.671253 109.00 270.00 208.00 343.00 120.00 188.57
2008_001168 6.243824 1.00 25.00 490.00 296.00 85.71 188.57
2008_001177 6.695426 214.00 165.00 351.00 270.00 51.43 188.57
2008_001406 2.523882 1.00 4.00 181.00 191.00 102.86 154.29
2008_001406 4.645514 83.00 1.00 385.00 173.00 240.00 188.57
2008_001406 6.088973 78.00 38.00 466.00 260.00 240.00 154.29
2008_001586 1.821911 36.00 270.00 88.00 315.00 154.29 188.57
2008_001727 6.496098 303.00 192.00 360.00 244.00 0.00 171.43
2008_001727 3.635700 212.00 180.00 267.00 228.00 0.00 171.43
2008_002047 6.393022 88.00 204.00 128.00 232.00 205.71 171.43
2008_002115 6.181286 231.00 1.00 500.00 319.00 188.57 188.57
2008_002179 2.591566 262.00 9.00 315.00 49.00 257.14 188.57
2008_002179 2.187407 283.00 2.00 332.00 38.00 257.14 188.57
2008_002191 4.751580 1.00 305.00 82.00 468.00 0.00 188.57
2008_002191 3.438579 21.00 217.00 107.00 360.00 0.00 188.57
2008_002191 6.324698 216.00 219.00 264.00 295.00 154.29 188.57
2008_002209 4.551643 291.00 205.00 451.00 320.00 137.14 171.43
2008_002240 7.190780 24.00 12.00 141.00 333.00 342.86 171.43
2008_002240 7.232717 139.00 9.00 244.00 333.00 0.00 171.43
2008_002240 3.542225 226.00 1.00 350.00 331.00 325.71 171.43
2008_002240 1.663767 329.00 1.00 462.00 333.00 308.57 171.43
2008_002374 1.524178 187.00 130.00 450.00 232.00 120.00 205.71
2008_002383 7.100891 81.00 16.00 249.00 417.00 342.86 171.43
2008_002401 4.498176 455.00 219.00 500.00 258.00 17.14 188.57
2008_002696 1.643387 90.00 1.00 500.00 375.00 342.86 188.57
2008_002752 4.096037 1.00 274.00 286.00 375.00 51.43 188.57
2008_002752 6.450485 199.00 147.00 402.00 263.00 274.29 188.57
2008_002926 6.540348 41.00 25.00 468.00 300.00 291.43 188.57
2008_003053 4.760382 7.00 1.00 483.00 375.00 205.71 188.57
2008_003152 7.776256 23.00 92.00 368.00 349.00 34.29 188.57
2008_003249 8.120389 90.00 168.00 353.00 309.00 257.14 171.43
2008_003320 7.526029 80.00 147.00 393.00 347.00 68.57 188.57
2008_003333 8.775821 115.00 141.00 310.00 271.00 34.29 171.43
2008_003334 7.148411 84.00 131.00 234.00 251.00 308.57 171.43
2008_003451 17.809193 152.00 195.00 390.00 386.00 34.29 171.43
2008_003479 6.566585 55.00 139.00 305.00 469.00 171.43 171.43
2008_003618 2.323357 333.00 188.00 500.00 375.00 342.86 188.57
2008_003618 6.149879 159.00 151.00 334.00 260.00 291.43 188.57
2008_003820 8.650974 1.00 86.00 424.00 360.00 291.43 188.57
2008_003827 8.347316 20.00 61.00 473.00 299.00 240.00 154.29
2008_003844 3.127358 269.00 108.00 345.00 197.00 17.14 171.43
2008_004345 11.132093 100.00 18.00 406.00 374.00 325.71 188.57
2008_004371 8.389906 250.00 17.00 395.00 263.00 325.71 171.43
2008_004399 10.725769 260.00 154.00 328.00 266.00 342.86 171.43
2008_004549 7.458496 32.00 99.00 437.00 356.00 240.00 154.29
2008_004554 3.264206 288.00 105.00 360.00 175.00 0.00 171.43
2008_004599 6.836102 85.00 77.00 402.00 314.00 0.00 171.43
2008_004615 7.812608 12.00 1.00 485.00 375.00 51.43 205.71
2008_004615 6.515738 1.00 1.00 352.00 290.00 51.43 205.71
2008_004615 3.978228 1.00 1.00 303.00 182.00 85.71 188.57
2008_004729 15.580326 380.00 172.00 482.00 255.00 308.57 171.43
2008_004729 1.591354 297.00 135.00 376.00 246.00 0.00 171.43
2008_004832 13.051935 79.00 91.00 245.00 403.00 342.86 171.43
2008_004832 2.103922 237.00 108.00 324.00 213.00 85.71 171.43
2008_004832 3.231221 5.00 143.00 125.00 237.00 308.57 171.43
2008_004940 6.322789 42.00 71.00 500.00 333.00 34.29 188.57
2008_004940 3.054860 1.00 57.00 331.00 333.00 205.71 188.57
2008_005032 6.045161 290.00 178.00 386.00 375.00 171.43 171.43
2008_005049 5.084071 101.00 146.00 337.00 331.00 51.43 205.71
2008_005139 5.483270 49.00 272.00 101.00 366.00 0.00 171.43
2008_005139 6.978284 235.00 176.00 288.00 255.00 0.00 171.43
2008_005139 4.561778 120.00 82.00 151.00 125.00 0.00 171.43
2008_005139 5.791568 123.00 174.00 182.00 242.00 188.57 188.57
2008_005243 3.781195 237.00 149.00 327.00 241.00 325.71 188.57
2008_005245 10.176670 31.00 179.00 301.00 372.00 51.43 188.57
2008_005245 4.986629 38.00 152.00 185.00 237.00 51.43 188.57
2008_005245 8.179500 280.00 170.00 343.00 238.00 34.29 171.43
2008_005374 5.388956 36.00 91.00 464.00 343.00 102.86 188.57
2008_005422 7.412960 71.00 70.00 448.00 317.00 51.43 205.71
2008_005423 3.538079 187.00 163.00 447.00 299.00 137.14 188.57
2008_005427 4.733536 48.00 83.00 356.00 333.00 205.71 188.57
2008_005637 4.947537 6.00 103.00 484.00 307.00 85.71 171.43
2008_005790 3.644182 125.00 117.00 217.00 253.00 342.86 171.43
2008_005915 1.534830 1.00 80.00 500.00 375.00 120.00 171.43
2008_006017 11.852921 62.00 45.00 392.00 374.00 325.71 188.57
2008_006042 1.761139 1.00 212.00 361.00 500.00 120.00 188.57
2008_006205 6.910450 95.00 93.00 265.00 325.00 17.14 171.43
2008_006441 8.860344 8.00 21.00 407.00 319.00 222.86 188.57
2008_006458 11.403299 21.00 139.00 236.00 439.00 17.14 171.43
2008_006517 6.728115 1.00 1.00 418.00 375.00 342.86 188.57
2008_006526 4.915561 1.00 176.00 85.00 298.00 188.57 171.43
2008_006526 5.110987 14.00 163.00 106.00 252.00 188.57 171.43
2008_006686 7.598296 20.00 35.00 476.00 282.00 257.14 171.43
2008_006708 7.947677 207.00 37.00 382.00 163.00 51.43 171.43
2008_006776 4.368721 61.00 102.00 450.00 333.00 308.57 205.71
2008_006874 3.354177 125.00 210.00 307.00 500.00 0.00 171.43
2008_006944 7.886439 107.00 138.00 406.00 309.00 257.14 171.43
2008_006987 11.634815 158.00 107.00 344.00 246.00 0.00 154.29
2008_006989 5.509981 257.00 162.00 406.00 260.00 102.86 171.43
2008_007181 4.676702 116.00 193.00 383.00 375.00 342.86 171.43
2008_007181 2.529483 50.00 251.00 110.00 302.00 137.14 188.57
2008_007184 3.350275 40.00 181.00 114.00 242.00 34.29 171.43
2008_007184 5.770123 203.00 118.00 279.00 193.00 34.29 171.43
2008_007190 9.942478 96.00 196.00 262.00 456.00 171.43 171.43
2008_007241 4.873443 101.00 23.00 376.00 362.00 308.57 171.43
2008_007264 14.492847 47.00 47.00 454.00 346.00 34.29 188.57
2008_007336 6.583867 4.00 202.00 316.00 500.00 0.00 171.43
2008_007344 12.578200 333.00 132.00 466.00 355.00 17.14 188.57
2008_007348 13.996940 264.00 228.00 352.00 297.00 34.29 171.43
2008_007409 2.777205 97.00 192.00 151.00 223.00 291.43 171.43
2008_007459 1.272017 1.00 84.00 487.00 457.00 257.14 188.57
2008_007488 9.532758 143.00 228.00 226.00 300.00 308.57 171.43
2008_007558 5.786907 80.00 11.00 413.00 369.00 188.57 205.71
2008_007716 6.916189 65.00 121.00 290.00 368.00 188.57 188.57
2008_007739 9.604869 82.00 10.00 429.00 361.00 137.14 188.57
2008_007935 2.480250 34.00 88.00 132.00 180.00 154.29 188.57
2008_007942 8.198997 318.00 125.00 395.00 268.00 0.00 171.43
2008_007955 7.900942 33.00 94.00 219.00 322.00 342.86 171.43
2008_007955 7.248488 159.00 169.00 259.00 289.00 342.86 171.43
2008_007955 7.509945 228.00 70.00 423.00 313.00 325.71 171.43
2008_008127 9.454951 246.00 160.00 389.00 325.00 17.14 171.43
2008_008141 6.146288 438.00 189.00 479.00 221.00 308.57 171.43
2008_008177 3.012234 291.00 122.00 418.00 329.00 154.29 188.57
2008_008177 5.688221 1.00 116.00 50.00 248.00 188.57 188.57
2008_008177 4.430246 134.00 120.00 304.00 299.00 205.71 188.57
2008_008246 12.827993 137.00 213.00 342.00 375.00 308.57 171.43
2008_008450 7.398651 339.00 130.00 475.00 342.00 342.86 171.43
2008_008450 6.348483 155.00 116.00 302.00 343.00 17.14 188.57
2008_008450 7.056160 1.00 138.00 194.00 319.00 17.14 188.57
2008_008466 4.769682 217.00 186.00 275.00 270.00 154.29 171.43
2008_008552 3.973629 67.00 108.00 448.00 337.00 85.71 171.43
2009_000074 2.605771 73.00 21.00 397.00 320.00 222.86 171.43
2009_000184 8.315960 29.00 33.00 483.00 328.00 240.00 171.43
2009_000276 2.789110 1.00 1.00 500.00 375.00 205.71 171.43
2009_000402 4.894222 46.00 22.00 468.00 323.00 274.29 154.29
2009_000611 11.143954 19.00 1.00 468.00 342.00 291.43 188.57
2009_000637 3.637426 34.00 114.00 290.00 326.00 291.43 154.29
2009_000637 2.930666 208.00 126.00 393.00 294.00 325.71 188.57
2009_000676 5.242001 1.00 1.00 461.00 288.00 222.86 188.57
2009_000676 2.442076 13.00 1.00 345.00 128.00 291.43 171.43
2009_000719 7.855908 101.00 140.00 432.00 318.00 51.43 171.43
2009_000719 2.774812 31.00 133.00 154.00 286.00 51.43 171.43
2009_000726 4.266173 382.00 169.00 435.00 231.00 137.14 171.43
2009_000730 2.964493 72.00 75.00 362.00 227.00 308.57 188.57
2009_000825 4.521405 232.00 207.00 473.00 333.00 308.57 188.57
2009_000825 2.596449 27.00 219.00 281.00 333.00 291.43 188.57
2009_000858 4.642659 94.00 115.00 484.00 375.00 222.86 188.57
2009_000858 2.459941 54.00 74.00 320.00 283.00 120.00 188.57
2009_000858 2.981401 1.00 81.00 57.00 177.00 0.00 171.43
2009_000858 3.260651 315.00 8.00 344.00 44.00 205.71 171.43
2009_000858 3.326877 274.00 4.00 314.00 38.00 34.29 171.43
2009_000858 1.642149 12.00 23.00 51.00 68.00 0.00 188.57
2009_000897 6.079250 152.00 105.00 336.00 420.00 342.86 171.43
2009_001061 7.252454 1.00 1.00 500.00 375.00 0.00 171.43
2009_001121 4.895460 245.00 146.00 345.00 200.00 291.43 188.57
2009_001320 1.471395 1.00 1.00 482.00 375.00 342.86 154.29
2009_001370 4.572332 129.00 226.00 161.00 272.00 154.29 171.43
2009_001427 12.581335 282.00 89.00 489.00 315.00 34.29 171.43
2009_001645 7.410262 7.00 28.00 269.00 497.00 17.14 188.57
2009_001645 3.944031 1.00 45.00 95.00 258.00 0.00 171.43
2009_001646 7.209826 57.00 35.00 488.00 296.00 51.43 205.71
2009_001646 1.650489 1.00 2.00 211.00 125.00 222.86 188.57
2009_001759 8.934965 25.00 134.00 212.00 375.00 17.14 188.57
2009_001759 6.395350 371.00 117.00 500.00 273.00 17.14 188.57
2009_001759 12.381919 263.00 129.00 370.00 229.00 17.14 171.43
2009_001759 2.311610 206.00 119.00 282.00 201.00 325.71 188.57
2009_001764 10.196782 129.00 164.00 265.00 385.00 0.00 171.43
2009_001764 3.110114 173.00 58.00 200.00 135.00 342.86 171.43
2009_001805 4.238932 1.00 188.00 412.00 336.00 85.71 171.43
2009_001973 10.650612 15.00 11.00 474.00 446.00 308.57 171.43
2009_001984 8.459636 21.00 17.00 485.00 311.00 240.00 188.57
2009_002131 7.944198 176.00 104.00 461.00 282.00 51.43 171.43
2009_002239 8.469095 159.00 51.00 453.00 500.00 171.43 171.43
2009_002317 8.198581 82.00 71.00 351.00 264.00 17.14 205.71
2009_002335 6.985637 26.00 179.00 308.00 466.00 205.71 188.57
2009_002382 14.898083 7.00 170.00 313.00 478.00 34.29 188.57
2009_002382 4.618121 327.00 269.00 375.00 343.00 171.43 171.43
2009_002382 4.200862 1.00 199.00 53.00 269.00 308.57 188.57
2009_002399 5.023954 1.00 1.00 240.00 212.00 342.86 171.43
2009_002399 4.502941 29.00 1.00 500.00 375.00 51.43 188.57
2009_002569 11.479024 213.00 153.00 376.00 315.00 0.00 154.29
2009_002569 8.995270 130.00 20.00 253.00 143.00 342.86 154.29
2009_002651 7.374640 176.00 123.00 403.00 297.00 17.14 154.29
2009_002665 2.883789 9.00 1.00 500.00 375.00 342.86 188.57
2009_002806 2.022670 16.00 187.00 209.00 341.00 17.14 188.57
2009_002806 2.891401 179.00 187.00 500.00 341.00 291.43 188.57
2009_002894 6.243670 1.00 98.00 252.00 500.00 342.86 171.43
2009_002902 7.206767 63.00 57.00 448.00 357.00 308.57 205.71
2009_003020 7.114994 337.00 196.00 405.00 241.00 257.14 171.43
2009_003196 7.208887 197.00 199.00 420.00 323.00 120.00 188.57
2009_003238 6.241315 114.00 137.00 355.00 263.00 102.86 171.43
2009_003346 4.513597 1.00 206.00 161.00 459.00 325.71 188.57
2009_003346 6.345248 180.00 199.00 334.00 464.00 17.14 171.43
2009_003351 7.487751 70.00 270.00 165.00 330.00 51.43 188.57
2009_003411 14.531847 64.00 118.00 324.00 482.00 17.14 188.57
2009_003560 5.089115 271.00 172.00 290.00 202.00 342.86 171.43
2009_003560 3.541437 273.00 159.00 291.00 183.00 154.29 171.43
2009_003560 5.905139 213.00 258.00 244.00 294.00 154.29 171.43
2009_003560 4.790007 200.00 238.00 227.00 266.00 0.00 171.43
2009_003576 8.470263 134.00 108.00 231.00 299.00 0.00 188.57
2009_003598 6.880287 34.00 44.00 474.00 300.00 68.57 171.43
2009_003747 4.654185 1.00 1.00 500.00 375.00 51.43 188.57
2009_003802 9.556376 83.00 17.00 334.00 357.00 205.71 188.57
2009_003944 1.503621 1.00 1.00 500.00 375.00 137.14 188.57
2009_004043 9.796400 92.00 91.00 470.00 282.00 291.43 205.71
2009_004093 7.328430 15.00 102.00 494.00 339.00 257.14 171.43
2009_004175 5.576367 346.00 216.00 376.00 264.00 171.43 171.43
2009_004175 4.667240 325.00 170.00 344.00 203.00 188.57 188.57
2009_004175 4.363003 78.00 157.00 95.00 170.00 171.43 171.43
2009_004175 4.878057 128.00 162.00 149.00 177.00 171.43 171.43
2009_004207 7.853330 1.00 1.00 500.00 361.00 68.57 188.57
2009_004207 3.620791 166.00 1.00 278.00 58.00 342.86 171.43
2009_004207 2.711319 270.00 1.00 337.00 55.00 342.86 171.43
2009_004207 2.010055 321.00 1.00 360.00 41.00 0.00 188.57
2009_004241 1.928648 270.00 1.00 500.00 207.00 222.86 188.57
2009_004241 6.574743 106.00 1.00 475.00 375.00 308.57 171.43
2009_004455 6.845384 97.00 68.00 292.00 306.00 0.00 188.57
2009_004455 7.873779 279.00 67.00 388.00 217.00 17.14 171.43
2009_004502 6.465092 51.00 106.00 415.00 292.00 68.57 171.43
2009_004738 6.688789 210.00 64.00 493.00 231.00 34.29 205.71
2009_004801 8.908954 277.00 145.00 361.00 220.00 0.00 171.43
2009_004845 5.926409 21.00 24.00 440.00 375.00 34.29 188.57
2009_004849 2.650190 168.00 45.00 433.00 180.00 257.14 171.43
2009_004857 3.909258 1.00 45.00 108.00 314.00 0.00 171.43
2009_004857 11.922640 45.00 30.00 408.00 500.00 17.14 188.57
2009_004868 5.779647 298.00 101.00 421.00 324.00 325.71 154.29
2009_004868 15.077455 89.00 101.00 250.00 297.00 325.71 154.29
2009_004987 4.193378 107.00 152.00 369.00 301.00 308.57 171.43
2009_005078 4.749318 121.00 125.00 368.00 264.00 308.57 154.29
2009_005086 7.397825 241.00 179.00 466.00 333.00 51.43 188.57
2010_000027 10.404219 3.00 68.00 351.00 474.00 17.14 188.57
2010_000035 5.714589 14.00 6.00 486.00 317.00 85.71 171.43
2010_000087 7.423913 1.00 58.00 465.00 323.00 68.57 171.43
2010_000262 4.094085 26.00 84.00 100.00 191.00 205.71 171.43
2010_000433 8.192906 31.00 32.00 257.00 324.00 325.71 171.43
2010_000510 12.658615 61.00 180.00 294.00 393.00 17.14 171.43
2010_000583 9.273893 44.00 14.00 427.00 363.00 17.14 188.57
2010_000695 5.614063 162.00 128.00 345.00 232.00 274.29 188.57
2010_000744 9.824985 24.00 41.00 469.00 318.00 102.86 188.57
2010_000829 3.847546 4.00 83.00 80.00 130.00 85.71 171.43
2010_000927 11.362700 17.00 9.00 477.00 340.00 240.00 188.57
2010_000929 5.722123 95.00 279.00 156.00 327.00 291.43 154.29
2010_001234 2.783267 1.00 1.00 422.00 269.00 325.71 171.43
2010_001251 4.800735 1.00 15.00 428.00 374.00 205.71 188.57
2010_001313 10.642544 18.00 158.00 146.00 330.00 34.29 188.57
2010_001553 3.828755 1.00 34.00 294.00 500.00 188.57 188.57
2010_001614 8.640680 70.00 98.00 271.00 463.00 171.43 188.57
2010_001828 3.429770 25.00 119.00 500.00 339.00 257.14 188.57
2010_001986 1.683569 237.00 161.00 280.00 211.00 0.00 154.29
2010_002128 8.461986 108.00 173.00 397.00 361.00 291.43 188.57
2010_002172 8.754354 2.00 9.00 500.00 322.00 240.00 188.57
2010_002251 10.206690 1.00 166.00 359.00 374.00 274.29 188.57
2010_002271 11.369097 34.00 10.00 439.00 368.00 308.57 171.43
2010_002396 7.657859 129.00 115.00 319.00 332.00 0.00 188.57
2010_002408 11.977243 44.00 98.00 295.00 436.00 325.71 188.57
2010_002629 9.394160 137.00 127.00 352.00 270.00 85.71 188.57
2010_002991 6.893715 193.00 303.00 415.00 492.00 137.14 188.57
2010_003200 9.142973 25.00 65.00 459.00 304.00 240.00 171.43
2010_003207 6.277056 24.00 96.00 226.00 359.00 325.71 171.43
2010_003303 7.142984 209.00 107.00 494.00 302.00 274.29 171.43
2010_003303 12.270742 48.00 119.00 272.00 354.00 308.57 171.43
2010_003314 3.587149 104.00 221.00 287.00 356.00 85.71 171.43
2010_003314 2.194701 226.00 213.00 365.00 348.00 51.43 171.43
2010_003316 2.577865 1.00 1.00 500.00 333.00 85.71 171.43
2010_003605 7.145811 49.00 5.00 457.00 333.00 291.43 171.43
2010_003695 4.502739 34.00 91.00 480.00 281.00 51.43 205.71
2010_003745 9.649866 69.00 57.00 472.00 325.00 51.43 205.71
2010_003745 5.325722 71.00 10.00 315.00 199.00 51.43 205.71
2010_003947 3.919213 11.00 48.00 490.00 301.00 274.29 188.57
2010_004042 14.924662 72.00 27.00 295.00 230.00 17.14 188.57
2010_004143 8.685492 5.00 3.00 469.00 375.00 205.71 188.57
2010_004219 6.825871 43.00 42.00 454.00 360.00 222.86 205.71
2010_004219 2.116807 1.00 27.00 242.00 227.00 291.43 205.71
2010_004219 1.912907 300.00 1.00 376.00 41.00 0.00 171.43
2010_004337 4.164004 347.00 219.00 389.00 287.00 171.43 171.43
2010_004355 11.483656 130.00 1.00 441.00 344.00 308.57 188.57
2010_004422 6.207025 53.00 7.00 456.00 292.00 102.86 188.57
2010_004624 1.323102 1.00 105.00 62.00 273.00 0.00 171.43
2010_004697 2.159532 129.00 156.00 500.00 338.00 102.86 205.71
2010_004854 2.074297 173.00 65.00 315.00 135.00 51.43 188.57
2010_004894 1.740353 202.00 13.00 500.00 281.00 325.71 171.43
2010_004941 13.035731 22.00 115.00 310.00 474.00 325.71 188.57
2010_005136 2.737528 20.00 1.00 499.00 333.00 325.71 188.57
2010_005160 8.230400 98.00 147.00 306.00 334.00 222.86 171.43
2010_005160 9.860832 322.00 141.00 496.00 343.00 137.14 188.57
2010_005160 7.310018 45.00 111.00 115.00 273.00 154.29 171.43
2010_005252 3.840211 1.00 145.00 258.00 277.00 34.29 171.43
2010_005272 7.455704 40.00 1.00 499.00 331.00 51.43 205.71
2010_005346 6.737084 46.00 58.00 383.00 296.00 291.43 188.57
2010_005366 6.731161 44.00 108.00 493.00 343.00 257.14 171.43
2010_005433 5.152801 84.00 48.00 370.00 375.00 342.86 188.57
2010_005501 10.095594 107.00 117.00 353.00 289.00 291.43 188.57
2010_005501 7.097222 185.00 79.00 361.00 231.00 291.43 188.57
2010_005572 4.883327 53.00 13.00 298.00 477.00 171.43 188.57
2010_005620 4.049206 384.00 57.00 411.00 101.00 0.00 171.43
2010_005731 9.942562 38.00 33.00 463.00 316.00 274.29 171.43
2010_005849 9.000683 16.00 5.00 287.00 500.00 342.86 171.43
2010_005997 4.846421 295.00 116.00 340.00 166.00 17.14 188.57
2010_005997 9.221602 201.00 127.00 283.00 258.00 0.00 171.43
2010_005997 8.299470 400.00 144.00 500.00 375.00 0.00 188.57
2010_006051 11.384550 73.00 102.00 443.00 356.00 51.43 171.43
2011_000034 7.804536 76.00 13.00 483.00 333.00 120.00 188.57
2011_000060 17.152056 104.00 39.00 363.00 346.00 325.71 188.57
2011_000214 5.698440 231.00 181.00 322.00 299.00 137.14 188.57
2011_000214 5.841925 179.00 177.00 230.00 229.00 154.29 171.43
2011_000314 5.629628 115.00 120.00 477.00 417.00 34.29 188.57
2011_000314 2.818578 68.00 74.00 388.00 296.00 34.29 188.57
2011_000314 4.399629 30.00 96.00 193.00 277.00 205.71 171.43
2011_000315 1.430501 2.00 1.00 375.00 500.00 120.00 171.43
2011_000332 3.126940 321.00 111.00 480.00 259.00 120.00 188.57
2011_000455 2.938053 76.00 186.00 475.00 333.00 51.43 205.71
2011_000487 5.108491 1.00 1.00 330.00 495.00 0.00 171.43
2011_000512 13.065376 91.00 6.00 431.00 368.00 325.71 171.43
2011_000512 4.066569 1.00 1.00 86.00 375.00 0.00 171.43
2011_000618 12.806854 16.00 112.00 374.00 375.00 34.29 188.57
2011_000770 10.357406 59.00 20.00 308.00 403.00 0.00 188.57
2011_000770 2.983742 185.00 333.00 257.00 383.00 34.29 171.43
2011_000927 1.562730 22.00 120.00 261.00 248.00 291.43 188.57
2011_001040 8.273350 40.00 1.00 495.00 272.00 51.43 205.71
2011_001203 1.748362 203.00 145.00 429.00 281.00 137.14 188.57
2011_001203 4.816892 121.00 128.00 317.00 255.00 51.43 205.71
2011_001203 2.803995 334.00 118.00 426.00 190.00 120.00 188.57
2011_001266 8.363161 22.00 12.00 476.00 356.00 308.57 171.43
2011_001290 12.491716 55.00 46.00 375.00 311.00 34.29 188.57
2011_001311 3.501764 296.00 90.00 347.00 137.00 154.29 171.43
2011_001311 4.157569 103.00 84.00 147.00 139.00 188.57 171.43
2011_001508 10.450747 46.00 23.00 500.00 364.00 120.00 188.57
2011_001524 6.825046 2.00 14.00 292.00 346.00 308.57 188.57
2011_001876 1.617282 151.00 107.00 499.00 333.00 17.14 154.29
2011_002093 6.293839 1.00 105.00 377.00 500.00 222.86 171.43
2011_002093 3.639533 1.00 92.00 377.00 352.00 222.86 171.43
2011_002093 1.898431 1.00 52.00 321.00 187.00 222.86 188.57
2011_002093 1.047742 1.00 39.00 289.00 118.00 222.86 188.57
2011_002093 1.797310 1.00 1.00 275.00 93.00 222.86 188.57
2011_002102 6.967562 1.00 111.00 326.00 495.00 17.14 188.57
2011_002116 3.011905 190.00 145.00 378.00 246.00 308.57 188.57
2011_002322 3.820563 206.00 151.00 383.00 357.00 17.14 188.57
2011_002357 4.677666 1.00 1.00 303.00 482.00 0.00 171.43
2011_002479 9.827890 1.00 1.00 471.00 339.00 51.43 188.57
2011_002479 5.068663 401.00 1.00 500.00 155.00 342.86 154.29
2011_002495 7.225685 1.00 195.00 41.00 324.00 342.86 188.57
2011_002760 10.366821 14.00 99.00 486.00 398.00 51.43 171.43
2011_002786 9.533876 74.00 1.00 383.00 319.00 17.14 188.57
2011_002796 1.707042 31.00 70.00 500.00 375.00 325.71 188.57
2011_002796 3.064036 1.00 110.00 79.00 334.00 342.86 171.43
2011_002796 3.027050 259.00 88.00 328.00 160.00 17.14 171.43
2011_002796 2.178897 379.00 86.00 448.00 204.00 342.86 188.57
2011_002796 2.326022 229.00 81.00 272.00 165.00 0.00 171.43
2011_003013 7.950694 96.00 101.00 374.00 284.00 120.00 188.57
2011_003019 3.117647 189.00 229.00 386.00 375.00 205.71 188.57
2011_003019 3.714989 87.00 342.00 193.00 375.00 102.86 188.57
2011_003027 2.087665 1.00 10.00 500.00 374.00 0.00 154.29
