2008_000090 2.068445 455.00 88.00 500.00 142.00 34.29 188.57
2008_000090 3.359612 342.00 83.00 392.00 153.00 137.14 171.43
2008_000133 6.753602 20.00 30.00 500.00 332.00 85.71 188.57
2008_000194 4.539858 192.00 183.00 310.00 277.00 240.00 188.57
2008_000466 2.893493 40.00 90.00 318.00 257.00 222.86 171.43
2008_000466 2.750202 62.00 90.00 400.00 301.00 240.00 171.43
2008_000562 9.358365 132.00 176.00 394.00 350.00 308.57 188.57
2008_000725 6.028011 110.00 82.00 193.00 240.00 17.14 171.43
2008_000803 8.362457 55.00 79.00 90.00 181.00 171.43 171.43
2008_000803 7.301325 164.00 87.00 264.00 177.00 17.14 188.57
2008_000803 5.176653 373.00 115.00 411.00 224.00 342.86 171.43
2008_000803 7.557159 277.00 93.00 332.00 208.00 325.71 171.43
2008_001225 9.915140 130.00 175.00 255.00 289.00 308.57 188.57
2008_001225 8.401367 237.00 187.00 335.00 287.00 308.57 171.43
2008_001225 7.510998 319.00 191.00 427.00 288.00 308.57 188.57
2008_001226 2.391086 191.00 23.00 500.00 421.00 342.86 188.57
2008_001231 2.557411 225.00 110.00 313.00 250.00 205.71 188.57
2008_001404 11.560380 91.00 267.00 245.00 500.00 17.14 188.57
2008_001531 2.881329 77.00 135.00 349.00 300.00 0.00 188.57
2008_001914 1.832417 154.00 265.00 474.00 375.00 291.43 205.71
2008_002269 4.350798 22.00 23.00 416.00 334.00 325.71 188.57
2008_002269 1.969280 409.00 64.00 500.00 292.00 137.14 171.43
2008_002322 7.393424 120.00 155.00 295.00 297.00 120.00 154.29
2008_002384 0.985483 368.00 224.00 500.00 366.00 188.57 188.57
2008_002631 3.692264 89.00 238.00 246.00 500.00 342.86 171.43
2008_002701 7.745593 27.00 10.00 500.00 331.00 85.71 154.29
2008_002714 3.764034 1.00 258.00 332.00 500.00 34.29 188.57
2008_002715 2.794371 64.00 390.00 354.00 500.00 342.86 188.57
2008_002883 9.368645 8.00 26.00 496.00 334.00 257.14 171.43
2008_002932 4.416346 24.00 281.00 161.00 375.00 342.86 188.57
2008_003072 5.097023 178.00 230.00 199.00 257.00 342.86 171.43
2008_003108 3.530542 1.00 184.00 83.00 324.00 205.71 171.43
2008_003205 2.332814 109.00 151.00 356.00 314.00 51.43 205.71
2008_003270 9.670556 1.00 37.00 492.00 361.00 257.14 171.43
2008_003351 0.835895 421.00 105.00 500.00 205.00 342.86 171.43
2008_003351 5.146728 307.00 117.00 361.00 233.00 342.86 188.57
2008_003395 5.930496 113.00 372.00 264.00 497.00 34.29 188.57
2008_003713 4.689062 14.00 1.00 444.00 371.00 0.00 188.57
2008_003768 4.983839 78.00 135.00 370.00 343.00 85.71 188.57
2008_003812 4.151570 111.00 1.00 375.00 500.00 342.86 188.57
2008_003940 4.359185 1.00 1.00 142.00 375.00 0.00 188.57
2008_003940 3.366229 10.00 1.00 313.00 375.00 0.00 171.43
2008_004040 8.227777 274.00 196.00 402.00 296.00 51.43 188.57
2008_004040 7.381531 206.00 204.00 253.00 299.00 342.86 171.43
2008_004101 3.833364 92.00 240.00 260.00 375.00 342.86 188.57
2008_004142 4.376479 113.00 163.00 196.00 216.00 68.57 171.43
2008_004142 6.220930 197.00 164.00 275.00 214.00 85.71 171.43
2008_004142 6.395176 309.00 154.00 393.00 208.00 51.43 188.57
2008_004363 6.544376 102.00 178.00 344.00 336.00 51.43 188.57
2008_004482 3.966802 51.00 175.00 118.00 282.00 308.57 188.57
2008_004592 7.549353 20.00 14.00 474.00 284.00 257.14 188.57
2008_004654 6.048894 43.00 213.00 172.00 453.00 171.43 188.57
2008_004656 9.083741 226.00 91.00 308.00 202.00 342.86 171.43
2008_004758 4.808869 8.00 45.00 372.00 353.00 120.00 171.43
2008_004784 11.282648 167.00 137.00 246.00 299.00 0.00 171.43
2008_004862 1.805105 142.00 174.00 280.00 325.00 0.00 171.43
2008_004995 9.669436 27.00 144.00 216.00 330.00 120.00 171.43
2008_005147 6.378584 119.00 75.00 463.00 281.00 85.71 188.57
2008_005175 2.604832 279.00 301.00 351.00 348.00 154.29 171.43
2008_005190 6.954895 196.00 161.00 376.00 280.00 85.71 188.57
2008_005276 6.774545 8.00 361.00 77.00 461.00 17.14 171.43
2008_005356 7.630869 61.00 18.00 427.00 365.00 325.71 205.71
2008_005553 5.045846 154.00 1.00 375.00 500.00 342.86 188.57
2008_005599 3.574255 42.00 152.00 117.00 299.00 0.00 188.57
2008_005599 3.452353 186.00 200.00 500.00 375.00 85.71 188.57
2008_005599 3.019508 76.00 181.00 299.00 351.00 34.29 171.43
2008_005727 4.549158 57.00 79.00 464.00 359.00 274.29 188.57
2008_005738 2.067188 48.00 253.00 267.00 408.00 102.86 188.57
2008_005808 5.195359 233.00 196.00 429.00 342.00 291.43 171.43
2008_005808 6.446763 1.00 171.00 76.00 298.00 325.71 171.43
2008_005808 4.823800 1.00 159.00 76.00 254.00 325.71 171.43
2008_005846 3.629040 109.00 94.00 430.00 375.00 34.29 188.57
2008_005970 3.116084 1.00 1.00 330.00 288.00 17.14 205.71
2008_005978 7.057283 44.00 248.00 194.00 500.00 154.29 188.57
2008_006088 4.309351 81.00 244.00 282.00 500.00 342.86 188.57
2008_006154 9.002590 76.00 321.00 164.00 421.00 325.71 188.57
2008_006154 8.319293 12.00 324.00 66.00 402.00 325.71 188.57
2008_006254 8.643003 134.00 287.00 237.00 485.00 342.86 171.43
2008_006254 3.483640 69.00 12.00 145.00 166.00 171.43 171.43
2008_006254 3.610397 170.00 9.00 245.00 159.00 342.86 171.43
2008_006424 1.722629 121.00 143.00 320.00 332.00 68.57 188.57
2008_006467 5.210187 45.00 114.00 359.00 314.00 291.43 171.43
2008_006519 4.544333 221.00 201.00 346.00 306.00 120.00 171.43
2008_006642 4.822587 162.00 149.00 254.00 214.00 120.00 171.43
2008_006813 5.842041 82.00 296.00 297.00 500.00 0.00 171.43
2008_006855 4.091319 122.00 239.00 198.00 389.00 0.00 188.57
2008_006855 2.445959 218.00 248.00 303.00 372.00 137.14 188.57
2008_007019 6.146637 159.00 181.00 455.00 375.00 257.14 154.29
2008_007067 2.107165 340.00 240.00 449.00 328.00 102.86 188.57
2008_007103 4.661889 256.00 208.00 399.00 289.00 257.14 188.57
2008_007222 5.977245 126.00 179.00 308.00 418.00 325.71 188.57
2008_007719 3.779825 1.00 3.00 500.00 333.00 308.57 188.57
2008_007719 3.586848 419.00 33.00 469.00 64.00 51.43 171.43
2008_007719 4.026373 432.00 33.00 482.00 64.00 51.43 171.43
2008_007766 12.928712 164.00 192.00 322.00 442.00 17.14 171.43
2008_007872 7.038263 304.00 298.00 384.00 344.00 257.14 188.57
2008_007915 7.287223 51.00 41.00 468.00 332.00 257.14 171.43
2008_007935 5.586396 158.00 138.00 354.00 241.00 102.86 171.43
2008_007935 0.938626 1.00 136.00 47.00 208.00 137.14 171.43
2008_007993 9.701092 77.00 121.00 452.00 392.00 325.71 188.57
2008_008069 0.802981 17.00 370.00 266.00 500.00 34.29 205.71
2008_008084 8.280965 40.00 273.00 247.00 500.00 0.00 188.57
2008_008131 3.860758 11.00 41.00 445.00 375.00 0.00 188.57
2008_008210 14.777482 171.00 188.00 246.00 316.00 325.71 188.57
2008_008307 5.408290 52.00 119.00 393.00 333.00 274.29 171.43
2008_008320 6.925635 258.00 125.00 480.00 347.00 51.43 188.57
2008_008320 5.303538 1.00 187.00 276.00 375.00 291.43 205.71
2008_008337 7.045974 154.00 124.00 442.00 350.00 34.29 188.57
2008_008357 5.502301 357.00 196.00 430.00 317.00 171.43 188.57
2008_008357 7.091039 285.00 188.00 352.00 287.00 0.00 171.43
2008_008357 4.925568 135.00 163.00 211.00 281.00 205.71 171.43
2008_008357 3.120519 297.00 77.00 327.00 120.00 171.43 171.43
2008_008357 2.756303 368.00 176.00 476.00 264.00 17.14 188.57
2008_008443 3.872085 1.00 269.00 334.00 500.00 325.71 205.71
2008_008564 9.849819 194.00 99.00 336.00 268.00 17.14 171.43
2008_008611 6.594718 105.00 110.00 374.00 282.00 274.29 188.57
2008_008619 2.247163 261.00 199.00 500.00 333.00 51.43 188.57
2008_008619 4.419928 121.00 244.00 254.00 333.00 325.71 188.57
2008_008627 10.181133 67.00 1.00 325.00 267.00 17.14 188.57
2008_008629 3.980673 33.00 55.00 209.00 187.00 240.00 188.57
2008_008629 4.016110 111.00 90.00 371.00 313.00 205.71 188.57
2008_008629 9.872663 161.00 109.00 469.00 375.00 222.86 171.43
2008_008652 6.830302 5.00 104.00 336.00 287.00 291.43 188.57
2008_008659 4.101788 280.00 258.00 352.00 297.00 68.57 154.29
2008_008695 2.596279 267.00 100.00 391.00 210.00 102.86 188.57
2008_008708 5.774558 158.00 210.00 263.00 430.00 0.00 188.57
2008_008711 6.652347 14.00 31.00 486.00 343.00 257.14 171.43
2008_008718 4.151322 262.00 270.00 478.00 433.00 0.00 171.43
2008_008718 7.370126 10.00 340.00 109.00 437.00 342.86 171.43
2008_008724 1.935484 1.00 79.00 137.00 375.00 308.57 188.57
2008_008724 9.928423 62.00 22.00 441.00 375.00 137.14 188.57
2008_008724 5.418274 130.00 1.00 396.00 285.00 137.14 188.57
2008_008724 2.590634 314.00 1.00 500.00 227.00 342.86 188.57
2008_008753 1.947403 80.00 1.00 489.00 312.00 102.86 188.57
2008_008755 4.760062 138.00 283.00 170.00 347.00 171.43 171.43
2008_008758 7.142292 216.00 218.00 284.00 311.00 308.57 188.57
2009_000055 4.614947 322.00 148.00 457.00 355.00 325.71 171.43
2009_000149 8.088800 16.00 158.00 259.00 460.00 120.00 171.43
2009_000286 1.357015 1.00 1.00 375.00 500.00 342.86 205.71
2009_000351 3.054483 40.00 242.00 371.00 375.00 274.29 188.57
2009_000354 2.625303 1.00 1.00 500.00 375.00 222.86 171.43
2009_000430 5.288042 207.00 19.00 297.00 224.00 188.57 171.43
2009_000457 9.019651 4.00 144.00 267.00 321.00 308.57 188.57
2009_000461 6.112236 16.00 204.00 444.00 481.00 51.43 188.57
2009_000573 7.713975 56.00 89.00 450.00 336.00 51.43 188.57
2009_000634 6.342995 65.00 74.00 468.00 318.00 257.14 171.43
2009_000724 7.321689 122.00 171.00 353.00 375.00 291.43 188.57
2009_000756 10.441378 12.00 27.00 489.00 313.00 274.29 188.57
2009_000820 8.625978 157.00 158.00 372.00 299.00 291.43 188.57
2009_000896 3.274167 298.00 121.00 313.00 160.00 0.00 188.57
2009_000896 7.551145 117.00 166.00 175.00 286.00 342.86 171.43
2009_000896 17.526007 173.00 182.00 325.00 375.00 325.71 188.57
2009_000985 9.415081 37.00 15.00 469.00 272.00 257.14 188.57
2009_001181 2.591073 415.00 225.00 500.00 328.00 68.57 171.43
2009_001194 2.185933 43.00 32.00 500.00 334.00 68.57 171.43
2009_001255 2.636166 122.00 50.00 487.00 297.00 102.86 154.29
2009_001255 1.433278 55.00 23.00 427.00 242.00 240.00 188.57
2009_001384 4.268583 39.00 122.00 352.00 500.00 0.00 205.71
2009_001456 6.722635 39.00 39.00 483.00 323.00 85.71 188.57
2009_001646 2.343919 425.00 1.00 500.00 48.00 17.14 171.43
2009_001663 8.858932 109.00 205.00 223.00 330.00 308.57 188.57
2009_001718 3.311341 40.00 310.00 264.00 500.00 0.00 188.57
2009_001758 1.595831 153.00 103.00 286.00 249.00 342.86 188.57
2009_001758 3.851700 53.00 140.00 254.00 381.00 17.14 188.57
2009_001758 5.332775 76.00 142.00 286.00 476.00 17.14 188.57
2009_001780 1.858763 28.00 17.00 437.00 342.00 274.29 171.43
2009_001830 9.107234 239.00 118.00 369.00 385.00 325.71 171.43
2009_001830 6.951217 197.00 153.00 243.00 299.00 342.86 171.43
2009_001915 1.244480 1.00 1.00 500.00 375.00 51.43 205.71
2009_002058 4.284666 81.00 390.00 375.00 500.00 34.29 188.57
2009_002087 6.654214 19.00 6.00 484.00 305.00 257.14 188.57
2009_002194 11.675324 17.00 1.00 490.00 452.00 34.29 188.57
2009_002295 6.261421 27.00 281.00 349.00 476.00 274.29 171.43
2009_002350 3.368166 59.00 321.00 185.00 500.00 154.29 188.57
2009_002350 1.718371 1.00 332.00 136.00 441.00 137.14 205.71
2009_002400 9.417034 52.00 29.00 282.00 316.00 308.57 171.43
2009_002401 5.703247 43.00 7.00 500.00 375.00 51.43 205.71
2009_002488 1.429412 1.00 1.00 500.00 375.00 51.43 205.71
2009_002668 5.783018 120.00 226.00 222.00 332.00 68.57 171.43
2009_002777 5.378644 126.00 235.00 405.00 375.00 291.43 171.43
2009_002779 2.536458 18.00 38.00 480.00 318.00 68.57 171.43
2009_002785 8.562477 352.00 8.00 463.00 104.00 51.43 188.57
2009_002785 2.619185 1.00 32.00 182.00 144.00 34.29 171.43
2009_002785 2.921862 1.00 9.00 112.00 123.00 34.29 171.43
2009_002833 6.635915 25.00 21.00 480.00 307.00 274.29 171.43
2009_002833 1.537134 382.00 31.00 500.00 272.00 308.57 188.57
2009_002833 2.591818 289.00 28.00 386.00 270.00 17.14 171.43
2009_002833 2.171328 160.00 49.00 276.00 264.00 17.14 171.43
2009_002833 4.036648 1.00 28.00 142.00 278.00 34.29 188.57
2009_002928 8.463297 45.00 85.00 441.00 350.00 240.00 188.57
2009_002985 1.732785 1.00 33.00 500.00 375.00 68.57 188.57
2009_003065 18.048904 178.00 197.00 288.00 349.00 325.71 188.57
2009_003193 6.265934 69.00 60.00 435.00 285.00 68.57 188.57
2009_003224 13.610016 33.00 27.00 404.00 365.00 205.71 188.57
2009_003251 2.491509 328.00 36.00 353.00 85.00 0.00 171.43
2009_003251 3.001381 313.00 38.00 329.00 84.00 0.00 171.43
2009_003343 2.857031 20.00 185.00 299.00 500.00 34.29 171.43
2009_003469 9.752342 33.00 10.00 459.00 311.00 51.43 188.57
2009_003802 1.949798 87.00 7.00 193.00 87.00 51.43 171.43
2009_003832 7.910618 71.00 1.00 417.00 333.00 222.86 171.43
2009_003836 4.893977 79.00 77.00 275.00 436.00 342.86 188.57
2009_003905 10.326439 32.00 37.00 333.00 439.00 308.57 188.57
2009_003908 7.221384 1.00 1.00 414.00 375.00 325.71 188.57
2009_003971 1.795240 56.00 52.00 364.00 500.00 0.00 188.57
2009_004242 6.826732 1.00 14.00 204.00 334.00 342.86 188.57
2009_004258 1.946687 11.00 189.00 37.00 213.00 85.71 171.43
2009_004258 1.232068 46.00 188.00 69.00 210.00 0.00 171.43
2009_004303 5.550440 167.00 168.00 465.00 366.00 274.29 188.57
2009_004364 5.887609 4.00 1.00 499.00 374.00 102.86 205.71
2009_004496 4.053822 1.00 35.00 467.00 375.00 342.86 205.71
2009_004518 2.769391 341.00 107.00 350.00 119.00 171.43 171.43
2009_004551 4.933189 53.00 93.00 463.00 364.00 68.57 171.43
2009_004629 5.213597 100.00 1.00 462.00 375.00 17.14 188.57
2009_004664 3.629561 121.00 162.00 370.00 357.00 308.57 171.43
2009_004758 7.036814 8.00 192.00 164.00 288.00 51.43 188.57
2009_004758 7.094099 306.00 162.00 400.00 238.00 51.43 171.43
2009_004781 10.765327 190.00 85.00 354.00 343.00 342.86 171.43
2009_004822 8.137327 95.00 141.00 448.00 358.00 85.71 171.43
2009_004848 7.626185 164.00 166.00 341.00 366.00 325.71 188.57
2009_004876 1.295012 1.00 1.00 375.00 481.00 34.29 205.71
2009_004882 4.127429 11.00 220.00 374.00 469.00 68.57 171.43
2009_004882 3.320853 149.00 298.00 268.00 385.00 102.86 171.43
2009_004933 6.891332 175.00 169.00 282.00 284.00 291.43 188.57
2009_004934 7.302170 54.00 11.00 383.00 373.00 325.71 188.57
2009_005064 6.071174 42.00 51.00 468.00 308.00 51.43 188.57
2009_005082 2.548030 308.00 292.00 500.00 375.00 342.86 188.57
2009_005082 2.309477 12.00 304.00 221.00 375.00 342.86 188.57
2009_005087 2.117932 63.00 143.00 245.00 278.00 342.86 188.57
2009_005098 5.057919 118.00 1.00 454.00 188.00 85.71 171.43
2009_005103 4.138189 65.00 45.00 413.00 375.00 51.43 171.43
2009_005156 7.512170 43.00 29.00 422.00 248.00 102.86 171.43
2009_005172 2.180194 112.00 54.00 500.00 375.00 0.00 188.57
2009_005178 12.708119 39.00 33.00 457.00 396.00 308.57 188.57
2009_005203 8.116025 233.00 116.00 334.00 259.00 0.00 171.43
2009_005300 7.874609 70.00 140.00 220.00 252.00 51.43 188.57
2009_005300 4.961754 263.00 149.00 375.00 255.00 240.00 171.43
2010_000065 2.720977 185.00 194.00 285.00 403.00 0.00 188.57
2010_000083 9.935345 43.00 212.00 127.00 310.00 325.71 171.43
2010_000113 1.044700 107.00 7.00 466.00 317.00 240.00 205.71
2010_000254 7.563492 130.00 136.00 339.00 290.00 51.43 188.57
2010_000342 11.762917 55.00 37.00 354.00 360.00 34.29 171.43
2010_000401 7.990685 116.00 115.00 424.00 315.00 240.00 171.43
2010_000444 5.985605 73.00 163.00 279.00 306.00 240.00 188.57
2010_000462 8.491026 158.00 228.00 257.00 385.00 325.71 188.57
2010_000590 2.770749 1.00 183.00 38.00 270.00 188.57 171.43
2010_000624 1.094376 1.00 1.00 500.00 368.00 291.43 188.57
2010_000829 7.695994 32.00 14.00 496.00 357.00 68.57 171.43
2010_000893 10.901155 111.00 22.00 344.00 254.00 308.57 188.57
2010_000898 8.168021 12.00 41.00 495.00 324.00 240.00 171.43
2010_001049 7.635405 226.00 159.00 409.00 270.00 274.29 188.57
2010_001049 5.975367 45.00 149.00 218.00 264.00 274.29 188.57
2010_001119 3.556963 1.00 258.00 423.00 375.00 274.29 205.71
2010_001119 4.521312 6.00 99.00 79.00 141.00 102.86 154.29
2010_001246 2.243223 1.00 125.00 45.00 236.00 137.14 171.43
2010_001246 1.396153 29.00 128.00 71.00 230.00 68.57 171.43
2010_001367 4.104499 142.00 89.00 433.00 389.00 51.43 205.71
2010_001439 5.321951 209.00 273.00 238.00 315.00 171.43 171.43
2010_001540 6.077199 1.00 1.00 375.00 500.00 205.71 188.57
2010_001606 5.117136 72.00 291.00 266.00 497.00 342.86 188.57
2010_001921 3.900362 293.00 152.00 401.00 260.00 325.71 171.43
2010_001921 5.040086 1.00 150.00 55.00 231.00 308.57 171.43
2010_002030 7.344520 56.00 5.00 484.00 322.00 137.14 188.57
2010_002211 6.109313 1.00 180.00 351.00 500.00 34.29 188.57
2010_002326 9.160626 105.00 16.00 420.00 375.00 205.71 171.43
2010_002536 8.721155 92.00 57.00 454.00 297.00 274.29 188.57
2010_002536 2.586651 1.00 110.00 123.00 347.00 102.86 171.43
2010_002660 3.204414 77.00 171.00 333.00 500.00 137.14 205.71
2010_002693 1.927614 1.00 244.00 233.00 412.00 51.43 188.57
2010_002693 3.835401 2.00 245.00 103.00 380.00 0.00 188.57
2010_002767 2.106187 1.00 351.00 331.00 500.00 291.43 205.71
2010_002792 1.971864 29.00 65.00 244.00 235.00 154.29 205.71
2010_002814 7.454903 30.00 14.00 494.00 314.00 68.57 188.57
2010_002927 2.969990 1.00 217.00 390.00 375.00 68.57 205.71
2010_003251 8.701115 19.00 52.00 478.00 344.00 274.29 188.57
2010_003293 1.203581 432.00 186.00 469.00 236.00 137.14 171.43
2010_003314 6.962619 18.00 256.00 158.00 372.00 120.00 171.43
2010_003379 5.563024 1.00 37.00 500.00 367.00 205.71 205.71
2010_003446 7.423482 160.00 164.00 345.00 261.00 274.29 171.43
2010_003503 1.931358 1.00 64.00 499.00 375.00 85.71 171.43
2010_003585 2.285983 340.00 229.00 500.00 301.00 274.29 205.71
2010_003603 5.780474 38.00 344.00 227.00 500.00 17.14 205.71
2010_003701 3.137845 262.00 191.00 373.00 314.00 188.57 171.43
2010_003729 4.948323 3.00 121.00 156.00 240.00 51.43 171.43
2010_003811 9.950619 40.00 33.00 431.00 283.00 257.14 171.43
2010_003828 8.907383 47.00 138.00 347.00 330.00 85.71 154.29
2010_003912 7.372408 70.00 39.00 312.00 416.00 205.71 171.43
2010_004182 6.716103 14.00 54.00 483.00 340.00 274.29 188.57
2010_004439 2.997578 378.00 300.00 457.00 342.00 102.86 171.43
2010_004439 1.040950 411.00 272.00 467.00 315.00 291.43 171.43
2010_004537 7.261808 27.00 73.00 488.00 341.00 274.29 171.43
2010_004809 4.453792 222.00 208.00 348.00 285.00 68.57 154.29
2010_004894 8.013121 103.00 45.00 401.00 339.00 308.57 188.57
2010_004921 4.530508 195.00 180.00 264.00 235.00 68.57 171.43
2010_004921 4.362189 456.00 166.00 500.00 212.00 0.00 171.43
2010_005000 1.607104 1.00 18.00 295.00 500.00 205.71 171.43
2010_005116 5.801277 32.00 84.00 498.00 375.00 68.57 188.57
2010_005226 8.743116 376.00 188.00 435.00 300.00 171.43 171.43
2010_005374 4.273976 21.00 1.00 500.00 375.00 68.57 188.57
2010_005542 4.101467 1.00 154.00 94.00 291.00 222.86 171.43
2010_005542 6.494073 95.00 146.00 183.00 284.00 34.29 188.57
2010_005542 3.911549 462.00 168.00 500.00 285.00 171.43 188.57
2010_005556 10.264983 70.00 1.00 443.00 375.00 34.29 171.43
2010_005658 6.313522 1.00 19.00 360.00 295.00 274.29 171.43
2010_005658 1.181450 404.00 103.00 500.00 265.00 0.00 171.43
2010_005664 4.242081 93.00 67.00 425.00 294.00 68.57 188.57
2010_005848 4.348426 230.00 215.00 474.00 345.00 274.29 188.57
2010_005860 1.228147 419.00 118.00 498.00 212.00 51.43 171.43
2010_006031 5.720213 140.00 10.00 377.00 258.00 308.57 171.43
2010_006070 7.599593 1.00 14.00 497.00 323.00 51.43 188.57
2011_000087 2.673069 226.00 188.00 266.00 211.00 171.43 171.43
2011_000098 4.219825 333.00 109.00 390.00 270.00 154.29 171.43
2011_000098 3.434338 374.00 118.00 442.00 277.00 137.14 171.43
2011_000319 7.012905 217.00 173.00 304.00 233.00 291.43 188.57
2011_000412 9.811424 14.00 5.00 469.00 375.00 222.86 171.43
2011_000474 6.194755 1.00 1.00 395.00 334.00 308.57 188.57
2011_000585 11.729647 74.00 106.00 302.00 311.00 34.29 188.57
2011_000600 6.234234 472.00 63.00 500.00 143.00 171.43 171.43
2011_000690 8.062617 72.00 1.00 372.00 499.00 0.00 188.57
2011_000933 1.475710 57.00 113.00 317.00 375.00 205.71 171.43
2011_000950 8.626675 42.00 68.00 468.00 320.00 257.14 188.57
2011_001025 2.917962 202.00 346.00 240.00 384.00 188.57 171.43
2011_001138 9.443605 27.00 41.00 497.00 322.00 257.14 188.57
2011_001213 2.418474 68.00 73.00 310.00 218.00 342.86 171.43
2011_001271 4.254488 139.00 186.00 328.00 323.00 102.86 171.43
2011_001441 1.434338 1.00 18.00 500.00 256.00 34.29 171.43
2011_001501 3.099540 264.00 197.00 440.00 298.00 257.14 171.43
2011_001524 1.449757 132.00 52.00 262.00 188.00 342.86 188.57
2011_001524 1.811713 140.00 54.00 261.00 172.00 137.14 188.57
2011_001529 8.121385 181.00 166.00 245.00 261.00 0.00 171.43
2011_001535 3.435103 42.00 177.00 219.00 375.00 205.71 188.57
2011_001535 3.843360 184.00 187.00 306.00 375.00 0.00 188.57
2011_001612 3.711057 181.00 145.00 299.00 375.00 342.86 171.43
2011_001806 4.445161 54.00 353.00 254.00 494.00 51.43 205.71
2011_001914 1.137884 258.00 1.00 500.00 209.00 51.43 205.71
2011_001945 4.275743 10.00 227.00 340.00 429.00 85.71 171.43
2011_001945 6.338615 125.00 287.00 375.00 500.00 51.43 171.43
2011_001966 3.431238 83.00 207.00 296.00 451.00 171.43 171.43
2011_001988 7.470454 191.00 193.00 302.00 425.00 17.14 188.57
2011_002002 10.046101 302.00 179.00 428.00 375.00 0.00 188.57
2011_002003 0.982547 335.00 1.00 500.00 267.00 51.43 154.29
2011_002064 6.962958 77.00 74.00 357.00 350.00 137.14 171.43
2011_002064 6.892647 62.00 78.00 318.00 314.00 137.14 171.43
2011_002150 5.321881 259.00 291.00 377.00 372.00 240.00 171.43
2011_002192 10.280667 302.00 165.00 354.00 268.00 342.86 171.43
2011_002192 9.378476 139.00 181.00 198.00 290.00 0.00 171.43
2011_002223 1.867550 78.00 139.00 361.00 258.00 291.43 205.71
2011_002223 2.636619 153.00 108.00 347.00 197.00 291.43 205.71
2011_002244 3.685774 363.00 184.00 377.00 205.00 171.43 171.43
2011_002325 4.324706 123.00 424.00 281.00 495.00 68.57 154.29
2011_002406 2.806599 1.00 42.00 500.00 338.00 68.57 171.43
2011_002713 9.005941 37.00 34.00 473.00 338.00 257.14 188.57
2011_002742 7.161666 115.00 99.00 407.00 342.00 240.00 205.71
2011_003003 3.908846 39.00 116.00 421.00 353.00 34.29 188.57
2011_003167 1.871634 235.00 293.00 337.00 362.00 51.43 171.43
2011_003168 2.064846 277.00 230.00 499.00 375.00 291.43 188.57
2011_003168 8.235939 29.00 236.00 160.00 375.00 0.00 188.57
2011_003169 8.829113 28.00 24.00 451.00 333.00 240.00 188.57
2011_003261 6.473054 132.00 245.00 186.00 332.00 0.00 171.43
