2008_000043 7.122877 166.00 175.00 425.00 344.00 0.00 188.57
2008_000418 3.785929 341.00 251.00 500.00 344.00 17.14 188.57
2008_000573 3.445448 1.00 240.00 324.00 332.00 308.57 188.57
2008_000817 5.373396 221.00 168.00 328.00 233.00 342.86 171.43
2008_000835 5.984637 1.00 107.00 404.00 375.00 274.29 188.57
2008_000885 1.736377 1.00 205.00 411.00 326.00 342.86 171.43
2008_001077 3.691391 1.00 94.00 500.00 375.00 342.86 205.71
2008_001155 3.069584 1.00 253.00 233.00 375.00 342.86 188.57
2008_001451 6.079067 318.00 258.00 498.00 375.00 0.00 188.57
2008_001723 9.927238 209.00 262.00 500.00 375.00 51.43 188.57
2008_001723 4.087472 139.00 226.00 311.00 351.00 342.86 188.57
2008_001773 4.512181 180.00 209.00 500.00 375.00 342.86 171.43
2008_002114 2.995943 1.00 159.00 354.00 349.00 68.57 188.57
2008_002384 4.077250 208.00 271.00 479.00 375.00 291.43 188.57
2008_002508 9.904848 299.00 156.00 500.00 312.00 51.43 188.57
2008_002567 8.216677 163.00 191.00 478.00 375.00 68.57 188.57
2008_003245 5.328576 360.00 116.00 500.00 351.00 0.00 171.43
2008_003477 4.542514 1.00 195.00 500.00 375.00 308.57 188.57
2008_003753 11.587291 1.00 250.00 190.00 375.00 308.57 188.57
2008_003881 3.752207 333.00 213.00 485.00 366.00 274.29 188.57
2008_003904 6.664883 1.00 302.00 375.00 500.00 0.00 188.57
2008_004140 4.533892 230.00 214.00 375.00 336.00 342.86 188.57
2008_004216 3.795199 1.00 113.00 500.00 333.00 342.86 188.57
2008_004289 3.736331 1.00 39.00 500.00 333.00 34.29 205.71
2008_004564 7.577989 161.00 212.00 500.00 333.00 342.86 171.43
2008_004851 7.876514 1.00 249.00 500.00 375.00 0.00 171.43
2008_004948 5.432117 1.00 223.00 366.00 375.00 274.29 188.57
2008_004979 3.836933 1.00 131.00 495.00 375.00 342.86 205.71
2008_005070 3.439849 19.00 135.00 467.00 375.00 342.86 205.71
2008_005257 5.814141 131.00 166.00 417.00 356.00 17.14 188.57
2008_005348 2.523799 5.00 58.00 500.00 287.00 51.43 205.71
2008_005608 3.212266 352.00 230.00 500.00 374.00 342.86 205.71
2008_005975 4.946881 1.00 102.00 500.00 375.00 0.00 171.43
2008_006008 6.874021 24.00 285.00 264.00 500.00 308.57 188.57
2008_006120 5.608696 52.00 241.00 340.00 375.00 257.14 188.57
2008_006151 5.906450 68.00 111.00 399.00 330.00 17.14 188.57
2008_006311 6.019157 1.00 152.00 421.00 233.00 0.00 171.43
2008_006588 4.322730 1.00 1.00 189.00 99.00 342.86 188.57
2008_006611 6.909295 90.00 219.00 414.00 343.00 342.86 188.57
2008_006952 3.798947 199.00 183.00 356.00 364.00 308.57 188.57
2008_007048 5.817296 115.00 270.00 259.00 440.00 342.86 188.57
2008_007166 6.602773 375.00 202.00 500.00 284.00 17.14 188.57
2008_007402 8.440773 188.00 272.00 333.00 500.00 0.00 188.57
2008_007402 5.838170 1.00 173.00 68.00 300.00 274.29 171.43
2008_007853 4.414207 1.00 221.00 500.00 375.00 342.86 171.43
2008_007922 5.106995 71.00 200.00 412.00 375.00 325.71 188.57
2008_007949 4.275423 1.00 295.00 169.00 375.00 0.00 205.71
2008_008093 3.468420 123.00 246.00 490.00 375.00 342.86 205.71
2008_008155 6.343693 367.00 210.00 500.00 337.00 0.00 188.57
2008_008224 6.961820 155.00 254.00 343.00 378.00 0.00 188.57
2008_008362 4.434214 60.00 265.00 378.00 375.00 0.00 188.57
2008_008365 3.519933 137.00 271.00 341.00 375.00 0.00 188.57
2008_008388 5.102853 1.00 239.00 449.00 375.00 0.00 188.57
2008_008474 7.458705 1.00 271.00 114.00 375.00 342.86 188.57
2008_008474 6.868711 41.00 240.00 137.00 330.00 291.43 188.57
2009_000212 8.014723 88.00 226.00 291.00 435.00 0.00 188.57
2009_000247 5.622117 23.00 138.00 425.00 375.00 51.43 188.57
2009_000257 8.201130 1.00 176.00 500.00 333.00 0.00 171.43
2009_000300 2.723697 1.00 78.00 500.00 333.00 68.57 205.71
2009_000760 6.396538 151.00 203.00 396.00 328.00 342.86 188.57
2009_000811 3.533693 103.00 67.00 401.00 375.00 342.86 205.71
2009_000846 5.279177 1.00 1.00 500.00 375.00 0.00 222.86
2009_001011 3.880992 2.00 209.00 373.00 500.00 342.86 188.57
2009_001054 4.828362 1.00 1.00 375.00 500.00 342.86 205.71
2009_001057 4.836392 1.00 65.00 500.00 334.00 0.00 171.43
2009_001215 3.656311 1.00 1.00 500.00 375.00 0.00 205.71
2009_001398 7.905531 1.00 307.00 221.00 444.00 257.14 188.57
2009_001426 4.110435 209.00 236.00 500.00 375.00 342.86 205.71
2009_001447 3.707623 247.00 274.00 500.00 375.00 342.86 171.43
2009_001447 5.267361 210.00 191.00 255.00 217.00 342.86 171.43
2009_001575 6.657200 1.00 231.00 375.00 500.00 342.86 171.43
2009_001575 5.548042 296.00 94.00 375.00 123.00 0.00 188.57
2009_001575 5.510097 244.00 78.00 275.00 93.00 0.00 171.43
2009_001754 11.282718 115.00 218.00 383.00 375.00 51.43 188.57
2009_002003 4.826385 166.00 42.00 321.00 264.00 34.29 171.43
2009_002024 7.505696 1.00 13.00 500.00 356.00 342.86 171.43
2009_002055 6.386389 69.00 242.00 340.00 375.00 34.29 188.57
2009_002055 4.841967 1.00 222.00 61.00 309.00 342.86 171.43
2009_002078 3.759375 71.00 100.00 389.00 277.00 0.00 188.57
2009_002111 3.057621 1.00 1.00 368.00 414.00 342.86 222.86
2009_002139 5.729380 1.00 305.00 455.00 375.00 342.86 171.43
2009_002169 5.631083 1.00 43.00 375.00 322.00 257.14 205.71
2009_002328 4.834857 1.00 55.00 500.00 333.00 342.86 171.43
2009_002415 5.405247 1.00 1.00 375.00 351.00 85.71 188.57
2009_002433 9.243540 139.00 200.00 399.00 333.00 308.57 188.57
2009_002444 5.108026 163.00 366.00 375.00 500.00 342.86 188.57
2009_002471 4.927926 171.00 141.00 499.00 301.00 291.43 188.57
2009_002471 3.689189 1.00 173.00 433.00 375.00 34.29 188.57
2009_002487 8.546327 157.00 179.00 333.00 333.00 0.00 188.57
2009_002524 4.880102 124.00 235.00 169.00 272.00 342.86 171.43
2009_002524 4.682082 117.00 282.00 196.00 309.00 0.00 188.57
2009_002524 5.515350 229.00 216.00 258.00 241.00 0.00 171.43
2009_002524 2.729326 281.00 244.00 323.00 317.00 68.57 188.57
2009_002524 4.751708 391.00 225.00 458.00 252.00 85.71 171.43
2009_002524 5.918496 397.00 255.00 500.00 286.00 342.86 188.57
2009_002524 11.071894 363.00 287.00 500.00 372.00 0.00 188.57
2009_002546 5.284977 68.00 299.00 468.00 375.00 291.43 205.71
2009_002571 7.732078 293.00 37.00 472.00 198.00 0.00 188.57
2009_002634 2.991853 390.00 297.00 459.00 325.00 0.00 188.57
2009_002634 3.768234 208.00 319.00 279.00 335.00 68.57 205.71
2009_002634 5.485964 227.00 331.00 311.00 355.00 325.71 205.71
2009_002634 4.209149 257.00 347.00 354.00 373.00 325.71 205.71
2009_002634 4.299709 15.00 333.00 85.00 355.00 342.86 171.43
2009_002634 6.650705 1.00 353.00 48.00 375.00 0.00 171.43
2009_002663 6.902469 1.00 182.00 444.00 375.00 0.00 188.57
2009_002743 4.325887 64.00 186.00 356.00 375.00 274.29 188.57
2009_002790 5.674129 1.00 147.00 396.00 331.00 291.43 205.71
2009_002816 6.619029 1.00 305.00 316.00 500.00 342.86 188.57
2009_002978 3.538579 96.00 239.00 361.00 375.00 291.43 188.57
2009_003003 6.129958 1.00 226.00 375.00 500.00 0.00 171.43
2009_003071 4.404728 82.00 147.00 500.00 333.00 274.29 188.57
2009_003123 7.095296 1.00 285.00 149.00 375.00 342.86 171.43
2009_003150 3.764310 227.00 187.00 419.00 251.00 342.86 188.57
2009_003154 7.918052 77.00 214.00 403.00 371.00 85.71 188.57
2009_003191 7.872158 1.00 397.00 375.00 500.00 342.86 171.43
2009_003198 8.884744 1.00 217.00 322.00 375.00 34.29 205.71
2009_003251 4.276103 97.00 141.00 442.00 375.00 291.43 205.71
2009_003282 6.983646 1.00 319.00 375.00 500.00 342.86 171.43
2009_003440 7.347294 233.00 310.00 442.00 374.00 342.86 171.43
2009_003507 6.844530 139.00 330.00 333.00 500.00 34.29 188.57
2009_003759 4.692785 113.00 182.00 279.00 322.00 51.43 188.57
2009_003795 2.924093 250.00 230.00 451.00 375.00 342.86 205.71
2009_003795 5.178566 84.00 246.00 315.00 375.00 68.57 205.71
2009_003835 6.181690 252.00 205.00 429.00 303.00 342.86 188.57
2009_003840 4.776170 2.00 267.00 214.00 375.00 342.86 188.57
2009_003849 4.343426 338.00 181.00 437.00 267.00 68.57 171.43
2009_003884 5.884140 3.00 142.00 155.00 282.00 0.00 188.57
2009_003914 5.957489 1.00 1.00 500.00 375.00 342.86 171.43
2009_003973 13.116179 127.00 187.00 346.00 372.00 291.43 188.57
2009_003991 3.702265 1.00 74.00 142.00 375.00 342.86 205.71
2009_004032 3.203552 27.00 219.00 459.00 375.00 0.00 205.71
2009_004085 6.383323 1.00 381.00 333.00 500.00 0.00 171.43
2009_004124 6.835523 1.00 70.00 500.00 323.00 0.00 171.43
2009_004140 4.671612 106.00 234.00 427.00 375.00 34.29 188.57
2009_004263 7.124503 120.00 291.00 369.00 427.00 85.71 188.57
2009_004309 4.099598 1.00 197.00 500.00 375.00 342.86 188.57
2009_004419 3.426794 90.00 204.00 249.00 292.00 342.86 188.57
2009_004499 5.571030 57.00 123.00 484.00 336.00 342.86 171.43
2009_004532 4.320515 1.00 182.00 500.00 375.00 291.43 205.71
2009_004537 7.456374 19.00 304.00 381.00 472.00 0.00 171.43
2009_004720 3.086653 7.00 81.00 500.00 375.00 0.00 188.57
2009_004720 5.551372 343.00 29.00 500.00 157.00 0.00 171.43
2009_004769 5.637085 1.00 326.00 375.00 500.00 342.86 188.57
2009_004859 6.874889 196.00 121.00 500.00 375.00 85.71 188.57
2009_004974 5.442001 1.00 168.00 281.00 500.00 0.00 171.43
2009_005001 3.926040 1.00 231.00 304.00 375.00 274.29 188.57
2009_005038 8.043371 1.00 367.00 375.00 500.00 0.00 171.43
2009_005080 4.059935 1.00 212.00 148.00 375.00 68.57 188.57
2009_005165 8.413542 15.00 119.00 375.00 474.00 34.29 188.57
2009_005171 4.363262 211.00 265.00 500.00 375.00 0.00 188.57
2009_005202 6.038737 1.00 90.00 371.00 375.00 291.43 188.57
2009_005205 4.300558 114.00 139.00 308.00 218.00 85.71 188.57
2009_005205 5.293135 49.00 211.00 359.00 500.00 257.14 205.71
2010_000001 4.431874 1.00 219.00 500.00 333.00 68.57 188.57
2010_000001 5.290688 1.00 1.00 234.00 188.00 342.86 188.57
2010_000088 6.891423 1.00 131.00 500.00 374.00 0.00 171.43
2010_000174 7.132244 1.00 310.00 452.00 374.00 342.86 171.43
2010_000178 4.206147 1.00 320.00 208.00 375.00 0.00 171.43
2010_000325 4.650423 1.00 245.00 375.00 500.00 0.00 188.57
2010_000352 6.159513 1.00 240.00 480.00 360.00 0.00 188.57
2010_000669 5.320251 1.00 301.00 230.00 373.00 342.86 188.57
2010_000697 8.405662 3.00 273.00 410.00 333.00 0.00 171.43
2010_000754 12.280014 53.00 206.00 396.00 333.00 308.57 188.57
2010_000821 8.434511 275.00 242.00 500.00 375.00 0.00 188.57
2010_000915 5.941727 116.00 387.00 374.00 498.00 0.00 171.43
2010_001181 8.029955 3.00 20.00 500.00 375.00 51.43 205.71
2010_001287 4.522820 198.00 191.00 420.00 332.00 342.86 205.71
2010_001343 3.674129 34.00 232.00 333.00 500.00 51.43 205.71
2010_001455 5.498836 1.00 315.00 190.00 457.00 51.43 188.57
2010_001535 6.331598 108.00 295.00 405.00 374.00 342.86 188.57
2010_001535 7.245502 421.00 133.00 500.00 172.00 0.00 171.43
2010_001579 4.446726 1.00 244.00 500.00 373.00 308.57 188.57
2010_001645 6.335662 165.00 213.00 370.00 332.00 342.86 188.57
2010_001680 2.659338 12.00 38.00 485.00 375.00 274.29 205.71
2010_001682 3.887056 1.00 190.00 258.00 375.00 85.71 205.71
2010_001777 5.783321 2.00 154.00 375.00 500.00 0.00 205.71
2010_001823 3.998835 179.00 340.00 333.00 408.00 34.29 188.57
2010_001851 3.667040 142.00 216.00 273.00 350.00 51.43 205.71
2010_001907 3.628807 322.00 149.00 500.00 331.00 0.00 171.43
2010_002006 4.001859 1.00 257.00 324.00 432.00 342.86 188.57
2010_002199 4.379588 116.00 265.00 230.00 359.00 342.86 171.43
2010_002269 8.541039 1.00 287.00 500.00 375.00 0.00 171.43
2010_002336 5.788342 44.00 149.00 332.00 409.00 342.86 188.57
2010_002366 11.900281 1.00 330.00 273.00 500.00 308.57 188.57
2010_002373 4.244435 1.00 261.00 260.00 500.00 0.00 171.43
2010_002539 2.667167 1.00 401.00 197.00 483.00 342.86 188.57
2010_002605 4.988619 33.00 185.00 362.00 454.00 342.86 188.57
2010_002639 8.047160 47.00 160.00 462.00 375.00 51.43 205.71
2010_002714 6.699047 1.00 202.00 500.00 375.00 342.86 171.43
2010_002721 9.652981 1.00 118.00 474.00 375.00 34.29 188.57
2010_002725 9.042580 1.00 297.00 500.00 375.00 342.86 171.43
2010_002725 4.774152 1.00 190.00 82.00 272.00 0.00 171.43
2010_002728 10.297822 169.00 147.00 456.00 355.00 34.29 188.57
2010_002877 7.294629 157.00 204.00 320.00 319.00 342.86 188.57
2010_003091 3.459949 1.00 236.00 403.00 375.00 342.86 188.57
2010_003154 6.408268 121.00 253.00 363.00 375.00 291.43 188.57
2010_003325 6.512474 90.00 301.00 500.00 375.00 342.86 171.43
2010_003520 5.081916 88.00 399.00 294.00 500.00 342.86 188.57
2010_003531 4.115099 44.00 237.00 500.00 374.00 34.29 188.57
2010_003594 6.910110 1.00 30.00 500.00 373.00 0.00 171.43
2010_003597 6.571056 51.00 221.00 322.00 375.00 85.71 188.57
2010_003597 6.137221 447.00 201.00 500.00 309.00 342.86 171.43
2010_003762 4.831442 1.00 142.00 500.00 359.00 68.57 188.57
2010_003971 3.502608 136.00 223.00 411.00 500.00 0.00 171.43
2010_003976 3.528128 1.00 220.00 500.00 374.00 34.29 188.57
2010_004125 4.578535 1.00 260.00 113.00 375.00 342.86 188.57
2010_004229 7.182328 124.00 169.00 307.00 364.00 308.57 188.57
2010_004278 12.237088 12.00 24.00 423.00 349.00 291.43 188.57
2010_004290 4.625393 1.00 4.00 449.00 340.00 0.00 171.43
2010_004380 4.368474 1.00 279.00 334.00 500.00 342.86 205.71
2010_004380 5.870741 52.00 165.00 295.00 287.00 85.71 188.57
2010_004380 2.314479 86.00 94.00 263.00 180.00 0.00 188.57
2010_004391 7.467240 1.00 1.00 500.00 272.00 0.00 171.43
2010_004597 3.164350 122.00 126.00 477.00 375.00 308.57 188.57
2010_004778 7.076509 148.00 166.00 388.00 375.00 51.43 188.57
2010_004825 2.988773 85.00 286.00 363.00 472.00 0.00 188.57
2010_004909 7.527900 1.00 140.00 464.00 375.00 291.43 205.71
2010_004992 3.567702 67.00 89.00 371.00 373.00 342.86 205.71
2010_005046 6.691346 1.00 303.00 467.00 398.00 0.00 171.43
2010_005369 4.906436 1.00 274.00 500.00 375.00 342.86 171.43
2010_005379 8.708116 37.00 413.00 375.00 499.00 342.86 171.43
2010_005398 7.701835 217.00 184.00 427.00 299.00 342.86 188.57
2010_005493 4.595006 226.00 35.00 375.00 432.00 68.57 188.57
2010_005576 6.515370 1.00 1.00 500.00 374.00 0.00 171.43
2010_005626 5.111497 104.00 226.00 459.00 375.00 0.00 171.43
2010_005654 6.727106 196.00 241.00 367.00 375.00 342.86 188.57
2010_005666 5.258110 1.00 1.00 144.00 270.00 291.43 188.57
2010_005764 10.129361 1.00 261.00 500.00 375.00 342.86 171.43
2010_005884 5.561677 14.00 234.00 500.00 333.00 0.00 171.43
2010_005901 5.770107 1.00 233.00 419.00 375.00 0.00 188.57
2010_005936 4.557419 1.00 282.00 500.00 375.00 0.00 188.57
2010_005938 4.003657 221.00 50.00 500.00 374.00 342.86 171.43
2010_006010 4.294485 1.00 266.00 306.00 336.00 342.86 188.57
2010_006056 3.639513 1.00 127.00 304.00 375.00 0.00 188.57
2011_000016 5.916661 121.00 170.00 499.00 375.00 34.29 188.57
2011_000065 5.976304 80.00 58.00 476.00 374.00 325.71 188.57
2011_000098 5.745020 59.00 117.00 301.00 375.00 291.43 188.57
2011_000206 10.325521 18.00 344.00 500.00 375.00 0.00 171.43
2011_000226 4.662185 1.00 258.00 308.00 492.00 342.86 188.57
2011_000257 4.528714 1.00 42.00 375.00 500.00 85.71 188.57
2011_000338 4.591713 1.00 268.00 208.00 375.00 308.57 188.57
2011_000408 6.842074 1.00 177.00 500.00 375.00 0.00 188.57
2011_000427 6.063045 1.00 202.00 459.00 375.00 342.86 171.43
2011_000530 3.436480 224.00 176.00 364.00 214.00 0.00 188.57
2011_000598 4.542293 1.00 246.00 298.00 500.00 274.29 205.71
2011_000745 7.838619 82.00 97.00 247.00 250.00 51.43 188.57
2011_000745 3.651605 131.00 204.00 500.00 375.00 342.86 188.57
2011_000745 5.182472 344.00 81.00 500.00 175.00 342.86 188.57
2011_000919 7.129133 122.00 201.00 375.00 375.00 0.00 188.57
2011_000932 8.037819 1.00 289.00 169.00 375.00 0.00 171.43
2011_000953 4.837749 31.00 211.00 499.00 375.00 342.86 188.57
2011_001008 6.877220 3.00 191.00 497.00 373.00 0.00 188.57
2011_001058 5.317926 42.00 248.00 500.00 333.00 0.00 171.43
2011_001106 8.696316 1.00 210.00 373.00 500.00 291.43 205.71
2011_001167 3.130794 209.00 291.00 479.00 373.00 308.57 188.57
2011_001221 5.477684 157.00 411.00 421.00 450.00 0.00 188.57
2011_001276 6.345759 3.00 293.00 279.00 395.00 342.86 171.43
2011_001295 7.255767 1.00 320.00 148.00 500.00 342.86 171.43
2011_001305 7.349993 2.00 217.00 436.00 375.00 342.86 171.43
2011_001330 4.767382 318.00 157.00 500.00 374.00 51.43 205.71
2011_001366 7.126206 134.00 118.00 396.00 355.00 17.14 205.71
2011_001665 3.992306 47.00 174.00 500.00 333.00 325.71 188.57
2011_001665 5.973662 59.00 124.00 252.00 196.00 342.86 188.57
2011_001678 6.690990 72.00 193.00 459.00 375.00 85.71 188.57
2011_001770 4.139654 1.00 1.00 500.00 374.00 342.86 205.71
2011_001785 5.833978 83.00 203.00 419.00 351.00 34.29 188.57
2011_001819 4.520133 1.00 101.00 421.00 360.00 342.86 188.57
2011_001820 9.407871 83.00 269.00 499.00 392.00 342.86 171.43
2011_001842 8.407256 130.00 158.00 366.00 375.00 85.71 188.57
2011_001847 5.129908 50.00 245.00 295.00 456.00 0.00 188.57
2011_001862 5.422149 209.00 188.00 305.00 266.00 0.00 188.57
2011_001900 6.418592 1.00 96.00 377.00 423.00 34.29 188.57
2011_001941 4.215651 380.00 272.00 439.00 316.00 0.00 171.43
2011_001941 5.641695 413.00 283.00 480.00 338.00 0.00 188.57
2011_001941 5.661664 451.00 315.00 500.00 375.00 0.00 171.43
2011_001975 4.115022 91.00 166.00 499.00 375.00 274.29 188.57
2011_002074 7.228234 117.00 199.00 337.00 291.00 257.14 188.57
2011_002074 9.525465 1.00 256.00 306.00 374.00 0.00 188.57
2011_002075 9.321756 139.00 287.00 499.00 375.00 0.00 171.43
2011_002108 3.263160 155.00 197.00 248.00 268.00 291.43 188.57
2011_002163 3.877506 212.00 73.00 447.00 249.00 0.00 171.43
2011_002185 5.388447 1.00 190.00 375.00 500.00 51.43 188.57
2011_002200 12.185937 104.00 147.00 482.00 375.00 257.14 188.57
2011_002241 9.803104 62.00 143.00 480.00 375.00 325.71 188.57
2011_002358 5.237308 65.00 154.00 409.00 375.00 0.00 205.71
2011_002531 5.984920 158.00 128.00 350.00 320.00 0.00 188.57
2011_002542 8.116480 120.00 173.00 397.00 375.00 85.71 188.57
2011_002556 4.227931 233.00 254.00 500.00 375.00 34.29 188.57
2011_002579 5.081620 247.00 174.00 500.00 256.00 342.86 171.43
2011_002640 4.443970 149.00 198.00 361.00 333.00 0.00 188.57
2011_002714 6.247958 257.00 228.00 500.00 264.00 342.86 188.57
2011_002805 6.812242 74.00 270.00 251.00 420.00 342.86 188.57
2011_002838 7.101896 2.00 251.00 456.00 375.00 342.86 171.43
2011_002880 10.366648 1.00 308.00 361.00 450.00 342.86 171.43
2011_002933 4.115101 1.00 302.00 154.00 500.00 291.43 205.71
2011_002985 6.525930 1.00 156.00 500.00 377.00 0.00 171.43
2011_002994 6.755255 162.00 207.00 352.00 304.00 342.86 188.57
2011_003050 9.536699 1.00 178.00 499.00 238.00 342.86 171.43
2011_003076 2.340900 34.00 208.00 192.00 344.00 85.71 188.57
2011_003152 6.219764 1.00 290.00 217.00 334.00 0.00 171.43
2011_003166 7.928047 3.00 109.00 498.00 375.00 342.86 171.43
2011_003242 13.686691 72.00 176.00 393.00 375.00 257.14 188.57
2011_003242 5.544134 174.00 132.00 268.00 179.00 257.14 188.57
2011_003242 4.903798 369.00 127.00 500.00 200.00 342.86 171.43
2011_003262 5.068836 80.00 116.00 386.00 359.00 257.14 188.57
