2008_000002 7.292526 34.00 11.00 448.00 293.00 342.86 171.43
2008_000016 7.164605 91.00 15.00 392.00 353.00 17.14 171.43
2008_000145 8.937439 91.00 59.00 449.00 297.00 342.86 188.57
2008_000244 10.253649 55.00 1.00 457.00 375.00 17.14 171.43
2008_000305 7.661575 308.00 89.00 429.00 160.00 342.86 171.43
2008_000383 5.696901 8.00 66.00 106.00 146.00 342.86 171.43
2008_000566 2.852679 225.00 218.00 347.00 334.00 325.71 188.57
2008_000566 1.978789 408.00 117.00 500.00 206.00 274.29 154.29
2008_000566 1.779083 280.00 247.00 401.00 360.00 274.29 222.86
2008_000904 7.174842 281.00 10.00 415.00 120.00 325.71 171.43
2008_001401 4.831245 370.00 127.00 500.00 240.00 342.86 171.43
2008_001428 11.874487 39.00 1.00 463.00 356.00 342.86 188.57
2008_001481 3.467299 296.00 138.00 375.00 259.00 0.00 171.43
2008_001481 4.725730 1.00 134.00 97.00 259.00 325.71 171.43
2008_001688 5.319242 193.00 111.00 364.00 222.00 342.86 171.43
2008_001772 3.841487 416.00 173.00 451.00 211.00 291.43 171.43
2008_001815 4.800699 1.00 5.00 214.00 206.00 308.57 188.57
2008_001920 5.204093 143.00 58.00 288.00 189.00 17.14 171.43
2008_001920 7.507272 297.00 48.00 480.00 208.00 34.29 171.43
2008_002082 8.753217 356.00 88.00 429.00 143.00 17.14 171.43
2008_002140 4.159920 1.00 1.00 304.00 317.00 17.14 171.43
2008_002328 3.221585 1.00 255.00 235.00 375.00 17.14 171.43
2008_002464 8.138228 154.00 78.00 494.00 334.00 0.00 171.43
2008_002481 6.959373 271.00 234.00 320.00 278.00 17.14 171.43
2008_002680 10.079866 37.00 34.00 290.00 237.00 0.00 154.29
2008_002817 8.572350 154.00 1.00 404.00 216.00 0.00 171.43
2008_002826 5.447559 340.00 107.00 500.00 250.00 342.86 171.43
2008_002831 7.011608 1.00 1.00 375.00 237.00 342.86 171.43
2008_003003 5.725293 111.00 73.00 247.00 164.00 0.00 171.43
2008_003026 5.554233 353.00 163.00 500.00 375.00 325.71 171.43
2008_003202 5.323732 455.00 109.00 498.00 156.00 17.14 171.43
2008_003280 3.453058 233.00 180.00 277.00 262.00 17.14 171.43
2008_003280 2.710209 275.00 181.00 310.00 274.00 51.43 171.43
2008_003348 7.157352 201.00 117.00 293.00 215.00 325.71 171.43
2008_003432 5.234233 44.00 100.00 141.00 189.00 325.71 171.43
2008_003432 9.904135 146.00 91.00 234.00 175.00 342.86 171.43
2008_003432 5.368379 221.00 84.00 308.00 171.00 308.57 171.43
2008_003432 5.629624 306.00 85.00 391.00 164.00 342.86 171.43
2008_003432 5.997526 198.00 38.00 279.00 93.00 342.86 171.43
2008_003466 8.947319 128.00 73.00 357.00 287.00 325.71 188.57
2008_003609 6.526204 255.00 15.00 409.00 139.00 0.00 171.43
2008_003753 7.633412 322.00 186.00 376.00 236.00 0.00 188.57
2008_003825 7.834980 1.00 345.00 269.00 417.00 342.86 171.43
2008_003885 7.985332 129.00 47.00 444.00 308.00 0.00 171.43
2008_003948 4.440716 48.00 149.00 279.00 310.00 342.86 188.57
2008_003948 4.656529 269.00 125.00 465.00 275.00 325.71 188.57
2008_004006 5.446862 1.00 1.00 451.00 145.00 0.00 171.43
2008_004093 5.612060 73.00 113.00 349.00 324.00 325.71 188.57
2008_004279 12.876694 130.00 10.00 379.00 183.00 0.00 188.57
2008_004297 11.515764 273.00 19.00 445.00 167.00 342.86 171.43
2008_004330 12.884680 230.00 52.00 329.00 143.00 342.86 171.43
2008_004333 8.324011 310.00 103.00 500.00 285.00 34.29 171.43
2008_004501 3.345864 1.00 119.00 88.00 276.00 274.29 188.57
2008_004526 7.106220 1.00 147.00 325.00 500.00 342.86 171.43
2008_004541 3.694663 157.00 141.00 294.00 255.00 342.86 171.43
2008_004550 2.865333 60.00 111.00 140.00 229.00 308.57 171.43
2008_004606 7.851394 1.00 1.00 126.00 137.00 325.71 171.43
2008_004665 8.648437 50.00 170.00 102.00 211.00 342.86 171.43
2008_004720 5.898590 246.00 84.00 327.00 169.00 325.71 171.43
2008_004720 6.423142 171.00 86.00 251.00 186.00 308.57 171.43
2008_004754 8.097248 127.00 1.00 354.00 192.00 342.86 171.43
2008_004881 3.938369 368.00 50.00 500.00 229.00 51.43 171.43
2008_004898 10.142952 61.00 9.00 176.00 100.00 325.71 171.43
2008_004910 8.965181 237.00 158.00 350.00 256.00 342.86 171.43
2008_004930 8.665952 24.00 4.00 476.00 373.00 0.00 188.57
2008_005008 6.274272 219.00 106.00 389.00 250.00 0.00 171.43
2008_005037 6.252284 347.00 29.00 429.00 132.00 34.29 188.57
2008_005089 7.151452 155.00 149.00 299.00 276.00 325.71 171.43
2008_005183 3.385190 270.00 183.00 384.00 294.00 51.43 171.43
2008_005191 4.391988 203.00 186.00 275.00 232.00 0.00 171.43
2008_005254 9.911903 106.00 37.00 452.00 286.00 17.14 188.57
2008_005255 9.963318 157.00 63.00 490.00 294.00 0.00 171.43
2008_005257 12.310287 243.00 125.00 306.00 172.00 0.00 171.43
2008_005393 10.537129 168.00 131.00 335.00 261.00 0.00 205.71
2008_005439 5.331908 17.00 114.00 289.00 483.00 291.43 171.43
2008_005445 7.607929 58.00 149.00 147.00 248.00 17.14 171.43
2008_005660 8.628908 4.00 95.00 263.00 329.00 342.86 171.43
2008_005660 5.489500 259.00 105.00 472.00 294.00 342.86 171.43
2008_005732 6.051230 1.00 114.00 54.00 172.00 342.86 171.43
2008_005732 8.887562 455.00 98.00 500.00 138.00 0.00 171.43
2008_005877 7.526667 8.00 80.00 262.00 285.00 0.00 171.43
2008_005918 8.618985 160.00 117.00 356.00 279.00 0.00 171.43
2008_005957 5.014278 342.00 97.00 500.00 253.00 17.14 171.43
2008_005962 11.776384 80.00 43.00 390.00 283.00 342.86 188.57
2008_006031 7.411514 128.00 93.00 354.00 273.00 0.00 188.57
2008_006047 8.109470 262.00 60.00 368.00 128.00 0.00 171.43
2008_006147 6.594765 242.00 6.00 471.00 372.00 0.00 171.43
2008_006147 8.088305 2.00 6.00 245.00 382.00 0.00 171.43
2008_006159 7.782199 303.00 172.00 444.00 313.00 17.14 188.57
2008_006233 8.780682 64.00 1.00 226.00 144.00 342.86 171.43
2008_006267 1.362723 19.00 291.00 204.00 375.00 17.14 188.57
2008_006267 3.367960 1.00 164.00 57.00 261.00 291.43 171.43
2008_006267 2.387797 45.00 148.00 142.00 225.00 308.57 188.57
2008_006288 5.875785 43.00 16.00 201.00 226.00 308.57 171.43
2008_006366 8.650503 263.00 310.00 349.00 386.00 17.14 171.43
2008_006409 9.225904 58.00 70.00 329.00 282.00 0.00 171.43
2008_006591 3.763881 190.00 1.00 393.00 71.00 17.14 171.43
2008_006591 8.689936 388.00 1.00 500.00 85.00 0.00 171.43
2008_006605 4.373186 253.00 123.00 331.00 227.00 342.86 171.43
2008_006605 3.964149 361.00 150.00 445.00 234.00 342.86 171.43
2008_006617 14.735710 107.00 82.00 379.00 298.00 0.00 188.57
2008_006662 7.087666 51.00 90.00 180.00 221.00 0.00 171.43
2008_006662 6.901911 1.00 110.00 54.00 220.00 342.86 171.43
2008_006710 2.335237 1.00 299.00 99.00 375.00 274.29 171.43
2008_006710 6.235878 1.00 243.00 76.00 326.00 0.00 171.43
2008_006773 8.393093 241.00 198.00 316.00 245.00 342.86 171.43
2008_006887 2.761213 1.00 132.00 48.00 187.00 0.00 171.43
2008_006948 8.858764 352.00 109.00 417.00 161.00 34.29 171.43
2008_007010 9.169562 248.00 135.00 363.00 214.00 0.00 171.43
2008_007114 11.335864 45.00 210.00 301.00 484.00 0.00 171.43
2008_007196 2.622681 1.00 185.00 180.00 447.00 274.29 188.57
2008_007196 3.202945 203.00 1.00 375.00 179.00 34.29 188.57
2008_007196 3.392417 176.00 133.00 355.00 288.00 34.29 205.71
2008_007282 3.677397 64.00 232.00 121.00 280.00 17.14 171.43
2008_007324 7.473157 128.00 2.00 310.00 188.00 0.00 171.43
2008_007332 2.811425 1.00 51.00 158.00 303.00 0.00 171.43
2008_007446 2.484621 175.00 91.00 344.00 280.00 291.43 188.57
2008_007446 3.180785 1.00 118.00 187.00 375.00 308.57 171.43
2008_007476 4.852708 1.00 177.00 119.00 319.00 308.57 188.57
2008_007527 9.666797 177.00 123.00 293.00 226.00 0.00 188.57
2008_007536 13.151674 31.00 35.00 345.00 329.00 0.00 205.71
2008_007561 5.939456 274.00 35.00 381.00 152.00 0.00 171.43
2008_007567 3.945677 223.00 16.00 388.00 152.00 17.14 171.43
2008_007685 6.065976 1.00 141.00 112.00 375.00 0.00 171.43
2008_007685 8.805861 154.00 272.00 244.00 363.00 17.14 171.43
2008_007798 5.315887 96.00 41.00 288.00 218.00 0.00 171.43
2008_007828 2.568456 185.00 192.00 233.00 248.00 17.14 171.43
2008_007828 2.661423 434.00 187.00 500.00 296.00 325.71 171.43
2008_007933 9.634476 17.00 1.00 266.00 225.00 0.00 171.43
2008_007933 6.111957 268.00 1.00 408.00 229.00 0.00 171.43
2008_007933 5.613406 17.00 238.00 267.00 308.00 342.86 171.43
2008_007933 5.836273 271.00 247.00 408.00 308.00 342.86 171.43
2008_008269 10.088508 138.00 54.00 365.00 263.00 0.00 171.43
2008_008429 11.830101 53.00 78.00 295.00 258.00 0.00 171.43
2008_008439 6.200493 379.00 157.00 489.00 253.00 17.14 188.57
2008_008524 11.326927 429.00 124.00 500.00 246.00 17.14 171.43
2009_000041 7.115331 192.00 28.00 452.00 235.00 342.86 205.71
2009_000041 5.908230 25.00 95.00 214.00 326.00 325.71 188.57
2009_000136 6.378965 1.00 109.00 88.00 240.00 325.71 171.43
2009_000157 7.489166 60.00 256.00 129.00 323.00 0.00 171.43
2009_000157 11.092552 286.00 258.00 333.00 337.00 0.00 171.43
2009_000214 7.437024 179.00 109.00 228.00 173.00 308.57 171.43
2009_000216 10.544664 8.00 12.00 280.00 265.00 342.86 188.57
2009_000391 8.859294 80.00 18.00 249.00 202.00 308.57 188.57
2009_000398 4.140666 89.00 338.00 275.00 500.00 308.57 188.57
2009_000398 4.551069 182.00 307.00 225.00 325.00 0.00 171.43
2009_000398 2.016896 142.00 324.00 231.00 349.00 34.29 171.43
2009_000488 6.913845 21.00 1.00 193.00 95.00 325.71 171.43
2009_000549 2.441448 392.00 85.00 482.00 215.00 34.29 171.43
2009_000552 4.394373 1.00 1.00 72.00 109.00 308.57 171.43
2009_000704 8.836372 1.00 162.00 60.00 227.00 0.00 171.43
2009_000704 4.123899 308.00 162.00 358.00 212.00 0.00 171.43
2009_000791 11.951427 82.00 1.00 322.00 198.00 342.86 188.57
2009_000939 7.953876 201.00 158.00 254.00 198.00 325.71 171.43
2009_001000 9.849778 84.00 39.00 124.00 69.00 0.00 171.43
2009_001069 9.256006 142.00 25.00 403.00 265.00 0.00 188.57
2009_001106 5.118461 206.00 228.00 282.00 328.00 0.00 171.43
2009_001106 1.913172 158.00 230.00 204.00 330.00 68.57 171.43
2009_001155 3.690347 1.00 74.00 163.00 333.00 0.00 171.43
2009_001343 5.402388 229.00 70.00 275.00 112.00 325.71 171.43
2009_001363 5.441042 180.00 6.00 342.00 97.00 0.00 171.43
2009_001393 5.350573 86.00 1.00 467.00 375.00 0.00 188.57
2009_001526 3.571428 122.00 2.00 478.00 203.00 17.14 171.43
2009_001644 7.598352 288.00 131.00 386.00 193.00 0.00 171.43
2009_001682 7.764741 165.00 126.00 352.00 250.00 342.86 171.43
2009_001839 10.608021 90.00 105.00 245.00 231.00 0.00 171.43
2009_001839 5.523004 368.00 102.00 461.00 222.00 325.71 171.43
2009_001839 6.946290 482.00 102.00 500.00 215.00 0.00 171.43
2009_001852 10.202778 12.00 58.00 450.00 350.00 0.00 188.57
2009_001864 15.711189 89.00 122.00 211.00 213.00 342.86 188.57
2009_002094 8.843287 259.00 1.00 439.00 112.00 342.86 171.43
2009_002094 7.296281 51.00 1.00 161.00 67.00 342.86 154.29
2009_002110 2.564508 1.00 1.00 258.00 375.00 325.71 188.57
2009_002110 2.236652 227.00 94.00 289.00 190.00 274.29 154.29
2009_002110 4.789600 281.00 78.00 311.00 144.00 342.86 171.43
2009_002139 7.885448 145.00 147.00 267.00 241.00 0.00 171.43
2009_002232 7.235508 23.00 10.00 461.00 375.00 342.86 171.43
2009_002366 6.022679 196.00 1.00 408.00 191.00 342.86 171.43
2009_002537 7.612375 406.00 211.00 500.00 375.00 0.00 171.43
2009_002562 10.135306 1.00 115.00 375.00 415.00 0.00 188.57
2009_002573 8.639423 160.00 194.00 272.00 294.00 0.00 171.43
2009_002663 4.014789 236.00 1.00 310.00 86.00 325.71 171.43
2009_002733 11.854176 8.00 27.00 237.00 294.00 325.71 188.57
2009_002733 11.882083 226.00 12.00 395.00 225.00 342.86 188.57
2009_002755 7.684543 327.00 3.00 479.00 83.00 0.00 171.43
2009_002967 8.690915 96.00 5.00 372.00 329.00 34.29 171.43
2009_002995 2.710680 44.00 1.00 358.00 280.00 325.71 188.57
2009_003140 7.238869 99.00 32.00 261.00 206.00 325.71 171.43
2009_003191 6.796432 29.00 194.00 101.00 264.00 342.86 171.43
2009_003204 13.064601 86.00 19.00 230.00 154.00 0.00 171.43
2009_003214 9.716463 217.00 84.00 383.00 225.00 342.86 188.57
2009_003214 6.695758 36.00 74.00 219.00 228.00 342.86 188.57
2009_003373 2.290218 196.00 110.00 225.00 179.00 51.43 171.43
2009_003387 4.992878 114.00 54.00 164.00 91.00 0.00 171.43
2009_003387 5.341544 37.00 57.00 90.00 91.00 0.00 171.43
2009_003523 11.029852 111.00 108.00 448.00 350.00 342.86 171.43
2009_003537 4.327871 47.00 111.00 195.00 244.00 0.00 188.57
2009_003551 8.124584 187.00 155.00 481.00 439.00 17.14 188.57
2009_003551 5.934952 1.00 1.00 166.00 500.00 342.86 171.43
2009_003554 8.673428 134.00 122.00 216.00 202.00 342.86 171.43
2009_003857 4.691197 136.00 82.00 282.00 187.00 17.14 188.57
2009_003895 2.765059 8.00 111.00 163.00 255.00 308.57 171.43
2009_003895 8.678404 157.00 115.00 336.00 289.00 17.14 171.43
2009_003895 6.201067 151.00 1.00 264.00 38.00 342.86 171.43
2009_004062 3.551562 1.00 74.00 59.00 153.00 17.14 171.43
2009_004062 6.721251 45.00 74.00 117.00 146.00 325.71 171.43
2009_004062 7.911468 112.00 82.00 184.00 151.00 0.00 171.43
2009_004062 5.093763 181.00 71.00 254.00 145.00 17.14 171.43
2009_004062 6.095950 253.00 85.00 316.00 147.00 0.00 171.43
2009_004062 6.546606 319.00 67.00 401.00 142.00 0.00 171.43
2009_004062 7.846922 399.00 62.00 478.00 135.00 0.00 171.43
2009_004062 3.242141 483.00 65.00 500.00 145.00 342.86 171.43
2009_004062 1.928725 1.00 138.00 52.00 198.00 325.71 171.43
2009_004062 4.605112 46.00 143.00 118.00 213.00 0.00 171.43
2009_004062 3.915195 116.00 149.00 182.00 202.00 0.00 171.43
2009_004062 3.249846 181.00 139.00 254.00 203.00 342.86 171.43
2009_004062 4.888793 252.00 147.00 315.00 213.00 0.00 171.43
2009_004062 4.507000 311.00 139.00 387.00 212.00 342.86 154.29
2009_004062 4.966322 387.00 134.00 459.00 201.00 342.86 171.43
2009_004062 3.072148 472.00 143.00 500.00 215.00 0.00 171.43
2009_004062 2.044277 1.00 190.00 36.00 258.00 68.57 171.43
2009_004062 4.561302 34.00 195.00 106.00 264.00 342.86 171.43
2009_004062 6.012203 108.00 200.00 174.00 272.00 342.86 171.43
2009_004062 6.085802 170.00 194.00 245.00 265.00 0.00 171.43
2009_004062 8.013466 244.00 200.00 318.00 266.00 0.00 171.43
2009_004062 7.300933 319.00 198.00 398.00 272.00 342.86 171.43
2009_004062 9.367210 396.00 189.00 464.00 264.00 342.86 171.43
2009_004062 4.468488 478.00 199.00 500.00 277.00 342.86 171.43
2009_004062 4.298473 1.00 260.00 55.00 333.00 0.00 171.43
2009_004062 4.960924 47.00 260.00 138.00 325.00 325.71 171.43
2009_004062 3.285334 152.00 242.00 237.00 325.00 0.00 171.43
2009_004062 4.906274 236.00 255.00 305.00 326.00 342.86 171.43
2009_004062 6.081173 313.00 262.00 384.00 331.00 342.86 171.43
2009_004062 3.318210 382.00 262.00 464.00 317.00 17.14 171.43
2009_004062 2.328470 465.00 270.00 500.00 330.00 51.43 171.43
2009_004062 4.950631 1.00 329.00 42.00 351.00 0.00 171.43
2009_004062 7.315696 42.00 318.00 128.00 358.00 17.14 171.43
2009_004062 5.245859 134.00 321.00 219.00 362.00 17.14 171.43
2009_004062 7.668972 226.00 324.00 311.00 375.00 342.86 171.43
2009_004062 3.734838 310.00 337.00 403.00 375.00 325.71 154.29
2009_004062 4.877553 322.00 323.00 387.00 367.00 0.00 171.43
2009_004062 2.129987 403.00 339.00 464.00 375.00 325.71 171.43
2009_004062 2.540092 468.00 328.00 500.00 343.00 342.86 171.43
2009_004128 7.184014 60.00 209.00 186.00 346.00 17.14 171.43
2009_004138 7.110966 50.00 137.00 164.00 210.00 0.00 188.57
2009_004243 8.965101 218.00 120.00 267.00 160.00 0.00 171.43
2009_004243 9.935178 153.00 141.00 192.00 167.00 342.86 171.43
2009_004359 8.410269 309.00 14.00 500.00 253.00 17.14 188.57
2009_004478 8.534967 18.00 4.00 340.00 370.00 325.71 171.43
2009_004763 2.977116 188.00 87.00 352.00 280.00 17.14 171.43
2009_004902 7.814829 88.00 1.00 423.00 166.00 0.00 171.43
2009_004922 5.154228 278.00 99.00 339.00 184.00 0.00 188.57
2009_004993 4.804843 1.00 152.00 122.00 353.00 291.43 188.57
2009_005062 6.153354 83.00 46.00 183.00 137.00 0.00 171.43
2009_005221 8.211756 89.00 47.00 273.00 248.00 17.14 171.43
2009_005288 7.147822 361.00 140.00 419.00 231.00 342.86 171.43
2009_005310 2.419250 124.00 214.00 192.00 279.00 274.29 171.43
2010_000053 8.841902 61.00 57.00 498.00 320.00 342.86 171.43
2010_000178 2.933364 389.00 220.00 423.00 248.00 291.43 171.43
2010_000291 8.280869 227.00 1.00 500.00 277.00 342.86 171.43
2010_000291 4.866217 1.00 1.00 229.00 308.00 342.86 171.43
2010_000318 8.121190 336.00 64.00 500.00 249.00 17.14 171.43
2010_000318 3.740720 1.00 99.00 142.00 245.00 17.14 171.43
2010_000375 8.695832 324.00 164.00 402.00 236.00 17.14 171.43
2010_000379 3.034493 232.00 37.00 411.00 305.00 291.43 154.29
2010_000435 9.124893 259.00 95.00 323.00 153.00 342.86 171.43
2010_000442 4.627605 31.00 165.00 354.00 375.00 0.00 171.43
2010_000449 6.724504 57.00 139.00 120.00 221.00 308.57 171.43
2010_000669 8.457197 200.00 124.00 271.00 176.00 342.86 171.43
2010_000705 6.853703 115.00 190.00 202.00 250.00 342.86 188.57
2010_000738 4.579146 367.00 119.00 434.00 189.00 17.14 171.43
2010_000738 6.033186 307.00 120.00 368.00 170.00 342.86 171.43
2010_000931 7.452687 237.00 70.00 340.00 176.00 17.14 171.43
2010_000931 8.313396 128.00 63.00 239.00 170.00 17.14 171.43
2010_000944 4.067852 218.00 105.00 351.00 221.00 342.86 171.43
2010_001099 4.591207 7.00 60.00 500.00 336.00 325.71 171.43
2010_001127 3.383573 1.00 52.00 42.00 142.00 0.00 171.43
2010_001270 7.700435 241.00 47.00 351.00 171.00 17.14 171.43
2010_001367 5.092587 1.00 50.00 144.00 283.00 342.86 171.43
2010_001690 8.079267 1.00 1.00 489.00 418.00 0.00 171.43
2010_001752 11.973059 128.00 25.00 371.00 191.00 17.14 171.43
2010_001862 6.066195 1.00 112.00 88.00 235.00 0.00 171.43
2010_001918 7.969632 45.00 46.00 244.00 235.00 0.00 188.57
2010_002002 7.801406 280.00 76.00 363.00 152.00 17.14 171.43
2010_002094 7.615166 9.00 8.00 499.00 316.00 342.86 171.43
2010_002167 8.693588 57.00 96.00 363.00 424.00 325.71 171.43
2010_002245 7.081106 178.00 117.00 331.00 249.00 308.57 171.43
2010_002247 12.546646 106.00 31.00 286.00 221.00 342.86 188.57
2010_002247 7.610793 401.00 31.00 500.00 145.00 325.71 171.43
2010_002402 7.091285 343.00 161.00 409.00 223.00 17.14 171.43
2010_002427 7.768801 70.00 1.00 500.00 332.00 342.86 171.43
2010_002526 3.250784 63.00 190.00 118.00 238.00 34.29 171.43
2010_002526 4.685574 288.00 169.00 329.00 228.00 0.00 171.43
2010_002561 5.550441 219.00 64.00 367.00 225.00 325.71 171.43
2010_002586 7.394507 153.00 34.00 260.00 116.00 325.71 171.43
2010_002652 5.029571 68.00 134.00 183.00 248.00 342.86 171.43
2010_002770 10.671230 1.00 1.00 500.00 375.00 17.14 171.43
2010_002791 6.989268 38.00 160.00 336.00 460.00 342.86 171.43
2010_002921 8.557856 258.00 175.00 354.00 272.00 17.14 171.43
2010_002921 7.463890 126.00 169.00 250.00 276.00 0.00 171.43
2010_002921 5.670874 48.00 184.00 129.00 271.00 0.00 171.43
2010_003103 8.117631 332.00 168.00 437.00 253.00 342.86 171.43
2010_003236 9.851013 66.00 14.00 351.00 279.00 342.86 171.43
2010_003287 2.788599 363.00 163.00 500.00 300.00 0.00 171.43
2010_003461 3.346212 226.00 117.00 401.00 299.00 17.14 154.29
2010_003688 10.331897 125.00 4.00 399.00 202.00 342.86 188.57
2010_003728 7.758417 197.00 95.00 288.00 179.00 342.86 171.43
2010_003857 8.694092 40.00 21.00 470.00 360.00 0.00 171.43
2010_003942 8.125998 165.00 37.00 457.00 237.00 342.86 171.43
2010_003942 6.908966 1.00 44.00 160.00 229.00 325.71 171.43
2010_004050 4.941773 67.00 105.00 151.00 182.00 308.57 171.43
2010_004095 4.201795 74.00 153.00 136.00 219.00 291.43 171.43
2010_004102 5.115294 1.00 145.00 28.00 204.00 342.86 171.43
2010_004102 3.978214 1.00 226.00 27.00 285.00 342.86 171.43
2010_004102 3.230564 181.00 188.00 291.00 289.00 17.14 171.43
2010_004102 7.043275 69.00 188.00 180.00 293.00 342.86 171.43
2010_004125 6.652880 271.00 139.00 324.00 179.00 0.00 171.43
2010_004137 7.384466 190.00 34.00 350.00 123.00 0.00 188.57
2010_004254 6.371557 337.00 151.00 500.00 346.00 34.29 171.43
2010_004460 5.815007 108.00 170.00 314.00 349.00 342.86 171.43
2010_004479 7.190866 1.00 9.00 139.00 278.00 325.71 188.57
2010_004503 3.718862 17.00 40.00 324.00 263.00 17.14 171.43
2010_004545 3.998716 120.00 61.00 309.00 252.00 291.43 171.43
2010_004586 6.189363 356.00 79.00 441.00 161.00 34.29 171.43
2010_004836 10.047132 111.00 70.00 372.00 267.00 0.00 171.43
2010_004857 5.808267 142.00 61.00 265.00 180.00 342.86 171.43
2010_004857 2.946911 5.00 85.00 85.00 228.00 274.29 188.57
2010_004982 3.804998 38.00 37.00 136.00 142.00 325.71 171.43
2010_005049 9.450128 431.00 48.00 500.00 144.00 342.86 171.43
2010_005158 6.856052 59.00 103.00 420.00 333.00 342.86 188.57
2010_005180 6.681410 157.00 168.00 221.00 218.00 342.86 171.43
2010_005239 8.632300 100.00 324.00 297.00 456.00 17.14 171.43
2010_005239 5.815232 121.00 192.00 309.00 330.00 0.00 171.43
2010_005243 10.003237 397.00 91.00 456.00 140.00 17.14 171.43
2010_005305 10.037700 1.00 1.00 199.00 76.00 342.86 188.57
2010_005345 9.115274 86.00 40.00 358.00 297.00 308.57 171.43
2010_005372 6.140926 157.00 236.00 242.00 318.00 342.86 171.43
2010_005410 8.011777 375.00 133.00 437.00 182.00 325.71 171.43
2010_005676 10.441366 241.00 170.00 362.00 289.00 17.14 171.43
2010_005827 7.316631 1.00 1.00 500.00 286.00 342.86 171.43
2010_005884 5.519388 414.00 1.00 474.00 29.00 325.71 171.43
2011_000009 6.582326 95.00 37.00 215.00 182.00 291.43 188.57
2011_000036 5.487785 130.00 90.00 285.00 230.00 342.86 188.57
2011_000037 5.970990 226.00 166.00 288.00 217.00 0.00 171.43
2011_000037 5.439132 12.00 187.00 40.00 251.00 291.43 171.43
2011_000038 8.770174 204.00 25.00 337.00 127.00 0.00 171.43
2011_000061 6.959970 321.00 2.00 447.00 109.00 17.14 171.43
2011_000061 7.846344 31.00 29.00 125.00 113.00 0.00 171.43
2011_000061 8.805559 279.00 169.00 428.00 298.00 17.14 171.43
2011_000071 7.376091 224.00 130.00 345.00 243.00 342.86 171.43
2011_000077 9.489650 75.00 4.00 315.00 244.00 0.00 171.43
2011_000253 6.183042 391.00 188.00 456.00 245.00 342.86 171.43
2011_000253 3.346526 203.00 161.00 221.00 182.00 0.00 171.43
2011_000288 8.596134 209.00 88.00 345.00 227.00 0.00 171.43
2011_000364 7.336114 394.00 92.00 494.00 185.00 34.29 188.57
2011_000607 2.970355 367.00 162.00 425.00 226.00 342.86 171.43
2011_000608 6.537969 347.00 142.00 450.00 226.00 34.29 171.43
2011_000685 6.902045 49.00 26.00 437.00 359.00 0.00 188.57
2011_000965 9.100170 271.00 136.00 369.00 237.00 34.29 171.43
2011_001149 5.439628 400.00 46.00 500.00 171.00 342.86 171.43
2011_001223 7.732581 116.00 184.00 164.00 226.00 0.00 171.43
2011_001223 4.919592 179.00 186.00 234.00 232.00 308.57 171.43
2011_001304 5.179868 3.00 104.00 64.00 171.00 291.43 171.43
2011_001370 4.268365 48.00 111.00 139.00 183.00 0.00 171.43
2011_001387 5.381835 36.00 117.00 291.00 368.00 0.00 171.43
2011_001404 7.301182 214.00 53.00 293.00 124.00 0.00 171.43
2011_001404 5.185204 306.00 37.00 352.00 81.00 308.57 188.57
2011_001507 8.949817 1.00 94.00 233.00 258.00 342.86 171.43
2011_001507 9.497650 265.00 96.00 499.00 263.00 342.86 171.43
2011_001573 4.399150 264.00 103.00 335.00 174.00 17.14 171.43
2011_001573 2.202788 320.00 135.00 374.00 203.00 325.71 154.29
2011_001705 12.777811 148.00 82.00 297.00 228.00 342.86 171.43
2011_001726 8.674519 155.00 132.00 233.00 199.00 325.71 171.43
2011_001837 5.363281 75.00 82.00 141.00 138.00 325.71 171.43
2011_001856 9.949976 89.00 143.00 154.00 199.00 325.71 171.43
2011_001910 3.733258 235.00 173.00 326.00 316.00 0.00 171.43
2011_001946 4.441857 103.00 196.00 148.00 238.00 342.86 171.43
2011_002154 3.974641 301.00 161.00 436.00 298.00 0.00 171.43
2011_002292 8.051940 33.00 26.00 214.00 218.00 342.86 171.43
2011_002507 8.016937 188.00 42.00 236.00 83.00 342.86 171.43
2011_002509 4.647099 359.00 139.00 416.00 170.00 0.00 171.43
2011_002532 6.578119 251.00 41.00 426.00 176.00 0.00 171.43
2011_002532 8.550310 17.00 41.00 193.00 181.00 342.86 171.43
2011_002610 6.829435 39.00 96.00 105.00 149.00 342.86 171.43
2011_002644 6.861420 154.00 150.00 223.00 221.00 325.71 171.43
2011_002750 8.989882 262.00 128.00 320.00 184.00 0.00 171.43
2011_002802 4.584855 1.00 76.00 136.00 197.00 342.86 171.43
2011_002810 9.943658 28.00 201.00 91.00 259.00 342.86 171.43
2011_002879 8.827238 171.00 125.00 330.00 239.00 342.86 171.43
2011_002970 4.184405 63.00 15.00 376.00 347.00 342.86 171.43
2011_003079 4.749397 220.00 182.00 298.00 260.00 17.14 171.43
2011_003254 10.485176 147.00 199.00 281.00 309.00 0.00 171.43
