2008_000032 6.779191 6.00 118.00 489.00 274.00 308.57 171.43
2008_000075 7.063439 14.00 73.00 500.00 257.00 291.43 171.43
2008_000982 11.821217 144.00 70.00 407.00 278.00 0.00 171.43
2008_001820 4.758483 253.00 45.00 500.00 321.00 342.86 171.43
2008_001820 4.752311 1.00 18.00 256.00 329.00 0.00 171.43
2008_002179 3.668615 41.00 97.00 355.00 333.00 205.71 188.57
2008_002205 7.306029 1.00 62.00 453.00 319.00 240.00 171.43
2008_002412 9.432615 25.00 157.00 486.00 333.00 291.43 171.43
2008_002451 2.783034 336.00 100.00 500.00 238.00 102.86 171.43
2008_003067 21.911724 120.00 189.00 288.00 472.00 0.00 171.43
2008_003067 6.901093 297.00 344.00 327.00 389.00 171.43 171.43
2008_003141 7.749589 100.00 32.00 438.00 314.00 154.29 171.43
2008_003673 4.844064 283.00 186.00 355.00 216.00 0.00 171.43
2008_003777 5.561014 140.00 1.00 432.00 288.00 154.29 171.43
2008_003777 5.742175 80.00 112.00 142.00 223.00 154.29 171.43
2008_003777 4.789515 65.00 153.00 90.00 193.00 0.00 171.43
2008_003924 12.921303 92.00 47.00 433.00 295.00 0.00 171.43
2008_003924 5.640209 372.00 95.00 459.00 218.00 0.00 171.43
2008_003924 8.965935 480.00 89.00 500.00 217.00 342.86 171.43
2008_003924 7.365547 1.00 82.00 236.00 262.00 342.86 171.43
2008_004088 8.351375 154.00 27.00 438.00 500.00 0.00 171.43
2008_004613 20.635983 29.00 12.00 477.00 304.00 17.14 171.43
2008_004614 2.330909 111.00 259.00 252.00 298.00 102.86 171.43
2008_004614 1.288102 1.00 262.00 83.00 288.00 120.00 171.43
2008_004794 1.703858 90.00 241.00 192.00 279.00 120.00 171.43
2008_004866 5.430890 9.00 7.00 271.00 284.00 0.00 171.43
2008_004968 8.705331 99.00 258.00 131.00 284.00 342.86 171.43
2008_005139 6.503932 133.00 1.00 277.00 86.00 0.00 171.43
2008_005277 9.834628 233.00 173.00 375.00 498.00 171.43 171.43
2008_005360 9.531829 31.00 11.00 461.00 332.00 342.86 171.43
2008_005360 5.434391 289.00 51.00 480.00 263.00 342.86 171.43
2008_005676 7.714093 25.00 176.00 212.00 237.00 240.00 171.43
2008_005720 3.331308 1.00 345.00 120.00 374.00 0.00 171.43
2008_005933 2.005087 183.00 94.00 364.00 144.00 120.00 171.43
2008_005984 17.774921 21.00 34.00 497.00 357.00 325.71 171.43
2008_006359 7.871079 1.00 10.00 416.00 375.00 154.29 171.43
2008_006530 2.596263 1.00 1.00 500.00 375.00 240.00 171.43
2008_006554 5.456943 62.00 79.00 369.00 278.00 17.14 171.43
2008_006635 17.370693 180.00 108.00 376.00 250.00 342.86 171.43
2008_007056 4.409885 114.00 264.00 410.00 375.00 222.86 188.57
2008_007133 5.130949 1.00 227.00 63.00 322.00 0.00 171.43
2008_007352 18.136850 185.00 96.00 317.00 269.00 171.43 171.43
2008_007488 17.361984 43.00 60.00 419.00 298.00 325.71 171.43
2008_007635 3.952058 1.00 1.00 500.00 361.00 308.57 171.43
2008_007797 24.362991 58.00 108.00 375.00 413.00 171.43 171.43
2008_007804 17.454800 86.00 181.00 138.00 217.00 0.00 171.43
2008_007872 5.499515 420.00 72.00 500.00 375.00 342.86 171.43
2008_007931 1.317995 1.00 1.00 500.00 338.00 308.57 171.43
2008_008066 24.315132 35.00 16.00 340.00 465.00 0.00 171.43
2008_008113 12.704123 132.00 94.00 466.00 289.00 137.14 171.43
2008_008120 17.627865 18.00 29.00 471.00 324.00 325.71 171.43
2008_008234 5.720177 74.00 17.00 488.00 375.00 154.29 171.43
2008_008252 5.768988 38.00 79.00 348.00 373.00 342.86 171.43
2008_008301 3.258659 1.00 93.00 500.00 253.00 51.43 171.43
2008_008469 5.951656 1.00 1.00 352.00 397.00 325.71 171.43
2008_008598 3.944157 455.00 131.00 500.00 197.00 0.00 171.43
2008_008598 5.245669 1.00 12.00 456.00 287.00 17.14 171.43
2008_008679 12.363234 244.00 242.00 273.00 279.00 171.43 171.43
2008_008682 15.246765 234.00 194.00 405.00 354.00 17.14 171.43
2008_008682 6.164242 137.00 222.00 253.00 337.00 0.00 171.43
2008_008682 2.507613 58.00 218.00 166.00 321.00 0.00 171.43
2008_008682 2.020188 1.00 213.00 89.00 317.00 240.00 171.43
2008_008683 26.176664 112.00 113.00 236.00 322.00 0.00 171.43
2008_008683 10.970108 1.00 147.00 115.00 287.00 0.00 171.43
2008_008684 9.916468 213.00 171.00 295.00 260.00 0.00 171.43
2008_008684 7.648468 287.00 170.00 359.00 239.00 0.00 171.43
2008_008705 28.442238 240.00 114.00 484.00 286.00 325.71 171.43
2008_008705 6.584875 7.00 149.00 209.00 246.00 34.29 171.43
2009_000060 16.059589 98.00 23.00 476.00 329.00 0.00 171.43
2009_000089 12.475954 59.00 59.00 462.00 287.00 17.14 171.43
2009_000097 8.936439 185.00 128.00 408.00 215.00 34.29 171.43
2009_000199 14.946882 103.00 117.00 454.00 284.00 17.14 171.43
2009_000335 15.995584 112.00 47.00 384.00 269.00 17.14 171.43
2009_000335 2.946145 1.00 113.00 145.00 259.00 0.00 171.43
2009_000426 21.739000 1.00 68.00 241.00 250.00 342.86 171.43
2009_000426 16.956438 231.00 95.00 453.00 242.00 325.71 171.43
2009_000455 24.433636 212.00 120.00 353.00 280.00 0.00 171.43
2009_000519 1.563951 414.00 181.00 500.00 249.00 205.71 171.43
2009_000519 15.613714 134.00 169.00 394.00 273.00 325.71 171.43
2009_000519 3.430566 84.00 184.00 137.00 240.00 0.00 171.43
2009_000558 20.403120 6.00 109.00 375.00 429.00 342.86 171.43
2009_000558 5.455427 279.00 142.00 375.00 356.00 342.86 171.43
2009_000568 3.946761 24.00 44.00 471.00 227.00 51.43 171.43
2009_000568 5.289133 470.00 129.00 495.00 145.00 0.00 171.43
2009_000648 13.628626 121.00 101.00 389.00 231.00 17.14 171.43
2009_000886 7.833291 100.00 110.00 380.00 257.00 154.29 171.43
2009_000960 16.342205 103.00 57.00 499.00 322.00 0.00 171.43
2009_001044 23.216572 75.00 107.00 463.00 295.00 17.14 171.43
2009_001082 10.369008 261.00 85.00 500.00 354.00 0.00 171.43
2009_001082 17.317268 9.00 13.00 294.00 339.00 0.00 171.43
2009_001083 3.236885 27.00 124.00 92.00 202.00 342.86 171.43
2009_001083 7.361911 381.00 112.00 500.00 216.00 0.00 171.43
2009_001083 9.745985 92.00 72.00 320.00 294.00 0.00 171.43
2009_001113 24.750961 25.00 27.00 401.00 266.00 325.71 171.43
2009_001148 12.717679 39.00 31.00 460.00 323.00 342.86 171.43
2009_001148 7.729548 403.00 32.00 500.00 278.00 342.86 171.43
2009_001326 12.512226 72.00 70.00 437.00 307.00 325.71 171.43
2009_001326 4.463818 347.00 141.00 479.00 231.00 342.86 171.43
2009_001326 7.456769 59.00 168.00 75.00 233.00 0.00 171.43
2009_001366 11.475707 14.00 44.00 496.00 334.00 17.14 171.43
2009_001633 9.979902 20.00 16.00 346.00 497.00 171.43 171.43
2009_001633 8.063661 304.00 153.00 375.00 386.00 342.86 171.43
2009_001675 21.463678 63.00 27.00 456.00 374.00 0.00 171.43
2009_001707 15.163177 116.00 30.00 472.00 352.00 0.00 171.43
2009_001752 5.832081 77.00 70.00 382.00 223.00 17.14 171.43
2009_001778 4.056075 440.00 113.00 488.00 139.00 342.86 171.43
2009_001804 13.694729 84.00 98.00 454.00 312.00 17.14 171.43
2009_001804 6.035988 37.00 159.00 63.00 200.00 342.86 171.43
2009_001811 19.950199 152.00 122.00 394.00 268.00 154.29 171.43
2009_001816 9.116969 16.00 66.00 411.00 295.00 17.14 171.43
2009_001822 14.262345 32.00 1.00 444.00 333.00 0.00 171.43
2009_001854 19.611261 83.00 20.00 386.00 310.00 0.00 171.43
2009_001854 3.439710 1.00 68.00 92.00 275.00 171.43 171.43
2009_001967 14.477303 40.00 36.00 404.00 301.00 325.71 171.43
2009_002128 10.275864 151.00 52.00 421.00 287.00 171.43 171.43
2009_002238 7.060222 1.00 12.00 403.00 409.00 325.71 171.43
2009_002398 14.798707 11.00 12.00 477.00 340.00 17.14 171.43
2009_002398 5.428478 1.00 126.00 60.00 251.00 0.00 171.43
2009_002436 21.268948 31.00 12.00 447.00 301.00 325.71 171.43
2009_002457 21.189709 30.00 31.00 434.00 305.00 0.00 171.43
2009_002512 7.775821 403.00 114.00 500.00 242.00 17.14 171.43
2009_002512 18.775639 138.00 23.00 407.00 304.00 0.00 171.43
2009_002517 8.757328 20.00 73.00 457.00 289.00 17.14 171.43
2009_002532 19.802002 70.00 118.00 357.00 317.00 342.86 171.43
2009_002535 24.896336 107.00 73.00 390.00 280.00 325.71 171.43
2009_002566 15.738747 109.00 39.00 429.00 269.00 0.00 171.43
2009_002566 12.376752 28.00 48.00 113.00 189.00 171.43 171.43
2009_002570 18.776154 1.00 64.00 89.00 224.00 0.00 171.43
2009_002570 9.069008 86.00 100.00 191.00 222.00 0.00 171.43
2009_002570 20.098577 198.00 98.00 280.00 206.00 0.00 171.43
2009_002570 10.744230 285.00 106.00 351.00 206.00 0.00 171.43
2009_002570 14.830038 359.00 110.00 429.00 213.00 342.86 171.43
2009_002876 10.994574 40.00 63.00 463.00 356.00 17.14 171.43
2009_002876 6.633966 446.00 93.00 500.00 236.00 342.86 171.43
2009_003018 19.980320 26.00 61.00 449.00 280.00 17.14 171.43
2009_003276 7.299697 56.00 157.00 327.00 281.00 325.71 171.43
2009_003304 17.817368 47.00 52.00 454.00 292.00 17.14 171.43
2009_003422 7.344278 28.00 12.00 482.00 303.00 325.71 171.43
2009_003491 20.180984 30.00 39.00 367.00 250.00 17.14 171.43
2009_003491 8.446306 365.00 87.00 451.00 172.00 205.71 171.43
2009_003491 8.564190 449.00 97.00 497.00 150.00 0.00 171.43
2009_003566 24.478235 73.00 139.00 407.00 298.00 325.71 171.43
2009_003592 6.963663 5.00 126.00 466.00 288.00 51.43 171.43
2009_003669 10.068377 116.00 157.00 270.00 313.00 342.86 171.43
2009_003669 3.025320 269.00 193.00 425.00 303.00 325.71 171.43
2009_003669 1.860576 334.00 222.00 500.00 316.00 240.00 171.43
2009_003703 13.900681 75.00 80.00 496.00 324.00 17.14 171.43
2009_003703 7.497036 37.00 133.00 117.00 278.00 342.86 171.43
2009_003710 32.642567 64.00 39.00 373.00 310.00 325.71 171.43
2009_003781 13.968002 75.00 79.00 380.00 269.00 342.86 171.43
2009_003821 4.903704 223.00 286.00 246.00 308.00 0.00 171.43
2009_003916 19.849899 10.00 28.00 488.00 326.00 17.14 171.43
2009_003969 3.825866 89.00 114.00 166.00 176.00 342.86 171.43
2009_003969 2.646833 164.00 116.00 320.00 180.00 0.00 171.43
2009_004040 7.262351 426.00 116.00 500.00 203.00 342.86 171.43
2009_004040 2.531238 350.00 116.00 439.00 197.00 342.86 171.43
2009_004040 3.543445 280.00 115.00 362.00 188.00 342.86 171.43
2009_004040 5.543058 1.00 34.00 22.00 266.00 0.00 171.43
2009_004040 6.219562 23.00 122.00 33.00 204.00 342.86 171.43
2009_004040 6.475310 42.00 129.00 59.00 192.00 342.86 171.43
2009_004040 11.940109 59.00 36.00 441.00 327.00 342.86 171.43
2009_004052 14.140018 49.00 36.00 440.00 302.00 0.00 171.43
2009_004072 7.584464 59.00 30.00 500.00 375.00 0.00 171.43
2009_004197 8.589918 68.00 194.00 336.00 283.00 34.29 171.43
2009_004197 9.156808 333.00 209.00 451.00 262.00 34.29 171.43
2009_004197 3.371098 1.00 205.00 75.00 259.00 342.86 171.43
2009_004258 17.347221 67.00 46.00 465.00 285.00 17.14 171.43
2009_004350 9.986210 70.00 141.00 382.00 321.00 17.14 171.43
2009_004440 17.382238 300.00 59.00 481.00 270.00 171.43 171.43
2009_004440 9.764826 20.00 92.00 159.00 261.00 0.00 171.43
2009_004567 8.873638 91.00 138.00 420.00 256.00 34.29 171.43
2009_004590 12.342394 1.00 84.00 65.00 210.00 0.00 171.43
2009_004590 17.487328 122.00 37.00 399.00 263.00 325.71 171.43
2009_004670 11.963171 20.00 60.00 478.00 276.00 34.29 171.43
2009_004732 12.389854 70.00 65.00 416.00 296.00 342.86 171.43
2009_004732 7.868883 370.00 96.00 449.00 272.00 342.86 171.43
2009_004789 5.232091 77.00 73.00 500.00 347.00 34.29 171.43
2009_004789 4.374633 12.00 78.00 232.00 323.00 0.00 171.43
2009_004789 6.042296 1.00 75.00 88.00 313.00 342.86 171.43
2009_004867 13.724110 53.00 59.00 461.00 321.00 342.86 171.43
2009_004947 12.767611 43.00 55.00 353.00 283.00 325.71 171.43
2009_005060 20.487938 84.00 52.00 492.00 285.00 0.00 171.43
2009_005231 3.865126 92.00 170.00 273.00 244.00 308.57 171.43
2009_005231 1.819422 1.00 181.00 97.00 226.00 0.00 171.43
2009_005279 7.643733 215.00 149.00 362.00 285.00 342.86 171.43
2009_005279 8.035110 6.00 126.00 202.00 300.00 0.00 171.43
2010_000069 9.172485 47.00 6.00 463.00 341.00 0.00 171.43
2010_000376 23.121199 50.00 108.00 387.00 281.00 325.71 171.43
2010_000524 16.418718 65.00 72.00 412.00 290.00 325.71 171.43
2010_000573 20.124294 101.00 61.00 448.00 346.00 325.71 171.43
2010_000603 14.172904 103.00 65.00 432.00 295.00 342.86 171.43
2010_000682 19.953606 94.00 35.00 339.00 211.00 0.00 171.43
2010_000689 2.317272 109.00 1.00 395.00 223.00 17.14 171.43
2010_000689 2.985476 245.00 1.00 500.00 333.00 188.57 171.43
2010_000726 22.664997 52.00 44.00 376.00 440.00 0.00 171.43
2010_000726 10.432857 391.00 38.00 454.00 442.00 342.86 171.43
2010_000797 2.925240 374.00 180.00 500.00 232.00 257.14 171.43
2010_000797 1.760652 58.00 169.00 250.00 234.00 102.86 171.43
2010_000947 22.379715 288.00 78.00 463.00 294.00 0.00 171.43
2010_000947 17.302006 56.00 144.00 293.00 285.00 17.14 171.43
2010_001204 12.264637 8.00 150.00 121.00 332.00 0.00 171.43
2010_001206 15.494224 64.00 83.00 410.00 248.00 34.29 171.43
2010_001364 3.820973 1.00 62.00 306.00 354.00 34.29 171.43
2010_001403 12.118315 96.00 1.00 488.00 325.00 171.43 171.43
2010_001453 20.882576 102.00 66.00 360.00 252.00 325.71 171.43
2010_001640 15.340420 1.00 64.00 210.00 246.00 342.86 171.43
2010_001640 8.582912 92.00 84.00 368.00 237.00 342.86 171.43
2010_001640 8.466169 358.00 99.00 470.00 230.00 342.86 171.43
2010_001640 5.398656 298.00 121.00 500.00 220.00 17.14 171.43
2010_001646 33.969158 269.00 49.00 496.00 265.00 342.86 171.43
2010_001646 15.938173 142.00 110.00 258.00 230.00 342.86 171.43
2010_001646 24.196732 11.00 77.00 144.00 244.00 342.86 171.43
2010_001771 7.401248 45.00 95.00 375.00 224.00 308.57 171.43
2010_001892 4.319634 1.00 1.00 408.00 249.00 240.00 171.43
2010_002102 27.210247 105.00 45.00 391.00 276.00 325.71 171.43
2010_002546 2.373243 365.00 102.00 500.00 314.00 308.57 171.43
2010_002546 10.690935 67.00 102.00 340.00 293.00 325.71 171.43
2010_002758 14.014742 53.00 62.00 450.00 301.00 17.14 171.43
2010_002774 15.761053 77.00 66.00 455.00 266.00 17.14 171.43
2010_002774 9.337008 1.00 76.00 315.00 261.00 17.14 171.43
2010_002868 4.997947 11.00 25.00 287.00 336.00 342.86 171.43
2010_002868 11.044257 196.00 87.00 485.00 302.00 325.71 171.43
2010_003040 20.923573 60.00 16.00 458.00 266.00 325.71 171.43
2010_003293 14.722995 86.00 52.00 398.00 293.00 342.86 171.43
2010_003562 25.041058 66.00 65.00 472.00 279.00 17.14 171.43
2010_003772 14.453590 36.00 138.00 326.00 277.00 17.14 171.43
2010_003855 14.235094 3.00 163.00 335.00 440.00 342.86 171.43
2010_003936 16.903065 50.00 26.00 404.00 284.00 342.86 171.43
2010_004263 13.228520 132.00 87.00 425.00 219.00 137.14 171.43
2010_004263 4.525913 45.00 140.00 83.00 163.00 342.86 171.43
2010_004348 6.503732 33.00 47.00 409.00 290.00 171.43 171.43
2010_004554 15.482972 82.00 32.00 449.00 341.00 0.00 171.43
2010_004588 9.111286 1.00 41.00 147.00 344.00 0.00 171.43
2010_004588 25.439505 146.00 5.00 433.00 322.00 342.86 171.43
2010_004627 3.298451 125.00 46.00 350.00 138.00 85.71 171.43
2010_004637 17.936386 107.00 74.00 481.00 357.00 0.00 171.43
2010_004637 2.738968 17.00 196.00 109.00 222.00 342.86 171.43
2010_004735 11.591351 1.00 1.00 410.00 491.00 342.86 171.43
2010_004903 14.181432 1.00 40.00 358.00 412.00 171.43 171.43
2010_005063 3.239417 404.00 147.00 500.00 221.00 308.57 171.43
2010_005063 7.086294 358.00 141.00 405.00 216.00 0.00 171.43
2010_005063 10.615252 223.00 136.00 363.00 224.00 342.86 171.43
2010_005063 8.168140 180.00 147.00 231.00 209.00 325.71 171.43
2010_005063 11.914467 86.00 139.00 182.00 226.00 342.86 171.43
2010_005063 6.867920 1.00 142.00 82.00 232.00 0.00 171.43
2010_005118 10.371119 40.00 85.00 420.00 339.00 325.71 171.43
2010_005123 9.052062 117.00 194.00 218.00 244.00 154.29 171.43
2010_005160 2.337521 1.00 1.00 212.00 90.00 17.14 171.43
2010_005284 20.327671 87.00 25.00 411.00 268.00 0.00 171.43
2010_005502 11.334330 109.00 133.00 215.00 217.00 342.86 171.43
2010_005527 22.712143 127.00 119.00 343.00 257.00 325.71 171.43
2010_005636 14.057951 84.00 45.00 488.00 310.00 0.00 171.43
2010_005756 4.841331 2.00 44.00 476.00 246.00 102.86 171.43
2011_000007 11.130711 76.00 106.00 316.00 434.00 171.43 171.43
2011_000090 13.765676 14.00 103.00 464.00 304.00 325.71 171.43
2011_000178 3.162819 1.00 79.00 461.00 362.00 222.86 171.43
2011_000180 1.330370 331.00 345.00 389.00 361.00 222.86 171.43
2011_000239 16.906994 99.00 83.00 405.00 290.00 342.86 171.43
2011_000248 11.139271 272.00 89.00 428.00 280.00 0.00 171.43
2011_000248 16.456005 33.00 80.00 236.00 269.00 0.00 171.43
2011_000312 16.700703 240.00 63.00 496.00 174.00 17.14 171.43
2011_000312 6.072030 28.00 62.00 314.00 164.00 34.29 171.43
2011_000369 15.873940 274.00 117.00 448.00 204.00 17.14 171.43
2011_000541 12.464025 86.00 75.00 399.00 269.00 308.57 171.43
2011_000541 5.077079 401.00 54.00 500.00 289.00 171.43 171.43
2011_000559 16.956795 89.00 78.00 432.00 283.00 17.14 171.43
2011_000559 5.851260 1.00 99.00 54.00 209.00 0.00 171.43
2011_000767 9.582606 58.00 264.00 312.00 482.00 342.86 171.43
2011_000830 18.876577 33.00 34.00 320.00 430.00 0.00 171.43
2011_000830 9.310148 1.00 105.00 173.00 380.00 342.86 171.43
2011_000830 5.815581 314.00 220.00 347.00 308.00 0.00 171.43
2011_000888 16.033695 11.00 64.00 435.00 290.00 325.71 171.43
2011_000901 8.551956 52.00 12.00 464.00 292.00 154.29 171.43
2011_000969 2.940054 177.00 160.00 440.00 268.00 34.29 171.43
2011_001064 9.052150 61.00 130.00 470.00 291.00 34.29 171.43
2011_001064 4.215852 470.00 164.00 500.00 245.00 342.86 171.43
2011_001105 11.184401 29.00 42.00 403.00 222.00 325.71 171.43
2011_001110 1.738657 317.00 136.00 409.00 168.00 240.00 188.57
2011_001146 15.438099 24.00 17.00 470.00 315.00 17.14 171.43
2011_001146 5.594694 462.00 117.00 499.00 171.00 342.86 171.43
2011_001341 9.189470 85.00 24.00 422.00 290.00 205.71 171.43
2011_001355 22.225143 121.00 60.00 417.00 309.00 342.86 171.43
2011_001355 6.506048 257.00 91.00 483.00 254.00 342.86 171.43
2011_001355 3.711047 16.00 73.00 70.00 330.00 0.00 171.43
2011_001747 19.686314 95.00 42.00 443.00 283.00 17.14 171.43
2011_001747 6.185894 441.00 151.00 455.00 188.00 0.00 171.43
2011_001748 4.808962 324.00 210.00 380.00 232.00 0.00 171.43
2011_001870 18.567152 66.00 38.00 294.00 421.00 171.43 171.43
2011_002079 4.821290 1.00 53.00 344.00 374.00 205.71 171.43
2011_002215 3.558722 287.00 1.00 498.00 374.00 171.43 171.43
2011_002330 16.090963 82.00 62.00 404.00 246.00 17.14 171.43
2011_002330 3.557867 422.00 108.00 478.00 166.00 325.71 171.43
2011_002330 3.726196 467.00 107.00 500.00 179.00 342.86 171.43
2011_002384 2.100398 28.00 157.00 397.00 246.00 102.86 171.43
2011_002629 11.079212 32.00 40.00 470.00 319.00 0.00 171.43
2011_002687 24.279037 108.00 165.00 434.00 484.00 342.86 171.43
2011_002925 17.607399 87.00 242.00 227.00 341.00 342.86 171.43
2011_002944 2.956228 232.00 1.00 499.00 375.00 342.86 171.43
2011_003086 15.248903 124.00 237.00 305.00 426.00 0.00 171.43
2011_003089 5.104633 16.00 38.00 372.00 455.00 325.71 171.43
2011_003114 7.761233 121.00 63.00 378.00 316.00 342.86 171.43
