2008_000149 7.160702 126.00 132.00 407.00 252.00 342.86 171.43
2008_000270 5.999800 1.00 89.00 500.00 334.00 325.71 188.57
2008_000321 4.868689 269.00 112.00 476.00 269.00 342.86 171.43
2008_000419 1.814539 1.00 22.00 458.00 375.00 68.57 188.57
2008_000465 2.833076 61.00 155.00 143.00 220.00 308.57 171.43
2008_000465 4.931026 217.00 130.00 355.00 215.00 0.00 171.43
2008_000465 4.868915 148.00 220.00 435.00 333.00 342.86 171.43
2008_000465 6.624120 353.00 161.00 485.00 242.00 0.00 171.43
2008_000541 6.681529 1.00 169.00 416.00 375.00 0.00 188.57
2008_000589 6.860250 118.00 123.00 252.00 210.00 325.71 188.57
2008_000589 4.848387 251.00 122.00 443.00 207.00 34.29 188.57
2008_000589 4.406175 265.00 171.00 475.00 322.00 34.29 188.57
2008_000589 3.992375 1.00 111.00 153.00 192.00 342.86 171.43
2008_000857 13.168455 309.00 131.00 498.00 257.00 17.14 188.57
2008_001092 2.808959 1.00 99.00 471.00 338.00 342.86 188.57
2008_001333 3.653069 86.00 1.00 375.00 201.00 0.00 171.43
2008_001366 3.505903 138.00 1.00 500.00 375.00 17.14 188.57
2008_001589 4.431264 7.00 81.00 301.00 414.00 325.71 188.57
2008_001660 6.135705 1.00 61.00 500.00 371.00 0.00 188.57
2008_001838 3.402056 1.00 165.00 500.00 375.00 0.00 188.57
2008_001869 8.830816 343.00 202.00 485.00 329.00 68.57 188.57
2008_002082 4.826888 1.00 213.00 416.00 335.00 291.43 188.57
2008_002092 5.107052 1.00 109.00 480.00 326.00 0.00 188.57
2008_002508 5.319360 193.00 139.00 270.00 199.00 68.57 188.57
2008_002508 2.888904 26.00 134.00 102.00 204.00 274.29 171.43
2008_002801 5.853214 1.00 114.00 471.00 375.00 0.00 171.43
2008_002920 10.783777 147.00 97.00 475.00 301.00 34.29 188.57
2008_002929 5.227516 96.00 182.00 429.00 333.00 342.86 188.57
2008_003271 7.898398 23.00 48.00 500.00 375.00 342.86 171.43
2008_003607 7.074386 6.00 186.00 481.00 375.00 0.00 171.43
2008_003709 12.419468 156.00 146.00 316.00 243.00 325.71 188.57
2008_003709 5.219568 292.00 188.00 499.00 333.00 68.57 188.57
2008_004271 2.900733 181.00 207.00 317.00 333.00 68.57 188.57
2008_004497 7.237268 1.00 97.00 500.00 340.00 17.14 188.57
2008_004632 4.068806 115.00 194.00 361.00 336.00 51.43 188.57
2008_004670 3.174860 71.00 149.00 311.00 312.00 34.29 188.57
2008_004774 12.060520 50.00 233.00 352.00 457.00 17.14 171.43
2008_004881 3.533165 1.00 157.00 164.00 347.00 0.00 171.43
2008_004887 5.382968 270.00 124.00 500.00 228.00 34.29 188.57
2008_004887 2.977445 249.00 115.00 321.00 177.00 51.43 188.57
2008_005323 10.334739 218.00 192.00 450.00 343.00 17.14 171.43
2008_005323 2.904933 1.00 177.00 139.00 265.00 0.00 171.43
2008_005444 9.223330 9.00 81.00 393.00 235.00 0.00 171.43
2008_005627 5.220880 1.00 1.00 271.00 204.00 308.57 188.57
2008_005788 4.678973 279.00 56.00 500.00 269.00 291.43 188.57
2008_006038 3.168781 1.00 136.00 500.00 375.00 342.86 188.57
2008_006117 6.721905 1.00 90.00 475.00 375.00 0.00 171.43
2008_006117 4.728736 164.00 1.00 392.00 84.00 0.00 171.43
2008_006616 4.790627 26.00 104.00 500.00 303.00 0.00 171.43
2008_006665 5.640805 6.00 168.00 330.00 333.00 325.71 188.57
2008_006773 3.019171 37.00 235.00 275.00 375.00 257.14 188.57
2008_006784 3.738713 170.00 149.00 334.00 245.00 17.14 171.43
2008_006979 8.985610 1.00 66.00 281.00 343.00 325.71 188.57
2008_007021 9.984273 1.00 66.00 480.00 336.00 0.00 171.43
2008_007050 7.611156 134.00 65.00 422.00 226.00 0.00 188.57
2008_007182 6.780890 1.00 134.00 500.00 375.00 308.57 188.57
2008_007282 3.357950 237.00 248.00 407.00 338.00 342.86 171.43
2008_007285 6.893035 77.00 110.00 500.00 333.00 325.71 171.43
2008_007733 2.509051 66.00 143.00 500.00 372.00 68.57 188.57
2008_008029 4.045608 16.00 88.00 500.00 375.00 0.00 171.43
2008_008103 8.315788 206.00 174.00 500.00 375.00 34.29 188.57
2008_008190 5.122326 65.00 139.00 355.00 300.00 342.86 171.43
2008_008271 7.041786 1.00 95.00 432.00 288.00 342.86 188.57
2008_008313 7.058109 104.00 1.00 500.00 271.00 342.86 171.43
2008_008433 4.896303 1.00 117.00 424.00 374.00 325.71 188.57
2008_008470 4.489666 1.00 241.00 375.00 375.00 308.57 188.57
2008_008470 10.882948 113.00 199.00 391.00 321.00 308.57 188.57
2008_008538 11.390255 55.00 181.00 277.00 375.00 291.43 188.57
2008_008554 5.551999 1.00 160.00 162.00 375.00 291.43 188.57
2008_008574 6.965034 1.00 32.00 500.00 207.00 308.57 188.57
2008_008588 5.669244 1.00 133.00 500.00 375.00 342.86 188.57
2008_008606 8.368105 186.00 90.00 491.00 310.00 51.43 188.57
2008_008621 3.318495 1.00 122.00 332.00 361.00 325.71 205.71
2008_008622 6.480004 193.00 1.00 500.00 267.00 34.29 188.57
2008_008628 4.861029 35.00 229.00 189.00 310.00 342.86 171.43
2008_008658 8.349268 4.00 137.00 313.00 295.00 342.86 171.43
2008_008772 6.011222 131.00 161.00 446.00 297.00 342.86 171.43
2009_000087 11.232078 215.00 262.00 450.00 371.00 342.86 188.57
2009_000096 5.578688 1.00 145.00 169.00 319.00 274.29 188.57
2009_000096 7.308185 255.00 138.00 448.00 221.00 0.00 171.43
2009_000142 3.425354 1.00 1.00 493.00 375.00 342.86 188.57
2009_000189 4.572211 1.00 87.00 334.00 500.00 0.00 171.43
2009_000242 5.710961 54.00 218.00 476.00 375.00 34.29 188.57
2009_000300 5.153922 94.00 1.00 500.00 209.00 17.14 188.57
2009_000316 8.175849 243.00 133.00 500.00 352.00 17.14 188.57
2009_000342 3.295756 1.00 1.00 339.00 165.00 342.86 171.43
2009_000418 2.944807 1.00 209.00 350.00 429.00 342.86 188.57
2009_000418 4.891713 451.00 242.00 500.00 429.00 342.86 171.43
2009_000422 8.144289 145.00 220.00 221.00 283.00 17.14 188.57
2009_000487 3.109465 14.00 146.00 207.00 215.00 308.57 188.57
2009_000563 9.532788 1.00 77.00 500.00 305.00 0.00 188.57
2009_000615 2.610306 1.00 50.00 375.00 500.00 342.86 171.43
2009_000674 4.251373 1.00 102.00 331.00 500.00 0.00 171.43
2009_000732 3.157795 45.00 27.00 325.00 343.00 68.57 171.43
2009_000779 3.864712 1.00 1.00 500.00 375.00 342.86 171.43
2009_000925 8.080411 1.00 1.00 500.00 311.00 325.71 188.57
2009_000939 3.671728 1.00 229.00 91.00 333.00 342.86 171.43
2009_000995 7.504479 36.00 270.00 333.00 432.00 0.00 171.43
2009_001021 2.960194 216.00 275.00 375.00 500.00 342.86 171.43
2009_001212 2.506474 1.00 26.00 500.00 375.00 308.57 171.43
2009_001243 3.169769 342.00 1.00 500.00 192.00 34.29 188.57
2009_001249 3.537055 209.00 169.00 305.00 235.00 342.86 188.57
2009_001313 7.226716 162.00 151.00 367.00 246.00 0.00 171.43
2009_001343 3.563941 319.00 105.00 435.00 247.00 85.71 188.57
2009_001343 4.342052 34.00 171.00 232.00 312.00 34.29 188.57
2009_001437 3.678880 230.00 141.00 500.00 333.00 34.29 188.57
2009_001440 11.196653 50.00 72.00 494.00 329.00 17.14 205.71
2009_001470 1.877754 1.00 70.00 500.00 375.00 342.86 188.57
2009_001577 6.135228 1.00 1.00 445.00 332.00 0.00 171.43
2009_001581 3.299376 1.00 1.00 404.00 300.00 342.86 171.43
2009_001631 10.749617 1.00 152.00 176.00 269.00 17.14 188.57
2009_001644 10.009708 112.00 153.00 288.00 220.00 342.86 171.43
2009_001644 3.485048 1.00 158.00 68.00 255.00 274.29 171.43
2009_001731 8.266579 190.00 199.00 347.00 265.00 0.00 171.43
2009_001743 4.635183 1.00 12.00 500.00 375.00 0.00 171.43
2009_001774 4.669931 1.00 1.00 500.00 333.00 0.00 171.43
2009_001775 7.097658 218.00 193.00 500.00 372.00 17.14 188.57
2009_001906 3.573023 1.00 1.00 500.00 375.00 0.00 171.43
2009_001980 7.099098 1.00 1.00 451.00 318.00 17.14 171.43
2009_002208 3.255190 128.00 159.00 500.00 306.00 0.00 171.43
2009_002325 6.478182 8.00 185.00 139.00 337.00 274.29 188.57
2009_002325 8.027397 128.00 171.00 333.00 250.00 342.86 171.43
2009_002346 2.478916 1.00 1.00 142.00 65.00 34.29 171.43
2009_002346 2.327481 141.00 1.00 490.00 173.00 342.86 188.57
2009_002370 7.690059 1.00 1.00 500.00 333.00 0.00 171.43
2009_002390 4.668346 1.00 132.00 281.00 451.00 0.00 171.43
2009_002571 3.011491 1.00 46.00 196.00 191.00 342.86 171.43
2009_002663 3.472119 402.00 114.00 500.00 201.00 0.00 171.43
2009_002673 8.724056 49.00 133.00 387.00 321.00 308.57 188.57
2009_002681 2.596014 376.00 1.00 500.00 94.00 274.29 171.43
2009_002683 3.692531 235.00 250.00 445.00 400.00 0.00 171.43
2009_002717 4.369635 1.00 69.00 500.00 375.00 342.86 188.57
2009_002732 5.357781 1.00 1.00 500.00 333.00 342.86 171.43
2009_002998 5.845785 1.00 364.00 375.00 500.00 342.86 171.43
2009_003123 6.093963 59.00 188.00 414.00 375.00 0.00 171.43
2009_003129 4.326381 2.00 2.00 478.00 333.00 0.00 171.43
2009_003373 10.800063 108.00 182.00 403.00 375.00 17.14 188.57
2009_003373 3.163697 1.00 203.00 104.00 332.00 325.71 188.57
2009_003394 10.310505 1.00 56.00 470.00 337.00 308.57 188.57
2009_003409 5.223141 1.00 198.00 476.00 335.00 0.00 171.43
2009_003440 3.496008 188.00 179.00 275.00 220.00 342.86 171.43
2009_003441 4.114977 53.00 133.00 500.00 375.00 342.86 171.43
2009_003564 5.079547 1.00 196.00 315.00 375.00 17.14 188.57
2009_003581 6.107417 1.00 237.00 311.00 472.00 0.00 171.43
2009_003607 4.948323 194.00 149.00 500.00 375.00 0.00 188.57
2009_003607 8.034006 1.00 77.00 285.00 297.00 34.29 188.57
2009_003642 7.669331 159.00 241.00 375.00 356.00 0.00 171.43
2009_003642 5.125939 1.00 246.00 137.00 425.00 291.43 188.57
2009_003656 3.433919 246.00 58.00 362.00 109.00 0.00 188.57
2009_003671 11.315483 8.00 90.00 281.00 268.00 308.57 188.57
2009_003671 2.836043 94.00 85.00 208.00 149.00 342.86 171.43
2009_003785 3.705970 1.00 140.00 377.00 375.00 0.00 188.57
2009_003795 3.401076 26.00 146.00 300.00 296.00 342.86 171.43
2009_003835 3.517106 178.00 178.00 347.00 278.00 342.86 171.43
2009_003895 4.024697 364.00 36.00 500.00 149.00 0.00 171.43
2009_003965 2.670442 1.00 63.00 500.00 323.00 342.86 188.57
2009_003995 10.247553 23.00 166.00 142.00 225.00 342.86 171.43
2009_004076 4.680646 1.00 1.00 500.00 333.00 342.86 171.43
2009_004099 3.734445 262.00 1.00 500.00 333.00 17.14 188.57
2009_004140 4.214658 398.00 169.00 500.00 251.00 291.43 171.43
2009_004161 3.934212 1.00 1.00 495.00 375.00 0.00 188.57
2009_004188 2.059554 1.00 101.00 500.00 372.00 325.71 188.57
2009_004193 3.988376 1.00 2.00 500.00 333.00 342.86 171.43
2009_004291 9.096407 1.00 1.00 500.00 334.00 0.00 171.43
2009_004298 4.898730 8.00 181.00 487.00 373.00 342.86 171.43
2009_004419 5.465226 311.00 191.00 500.00 365.00 0.00 171.43
2009_004456 4.388617 1.00 1.00 500.00 336.00 0.00 188.57
2009_004457 9.692156 22.00 110.00 500.00 281.00 0.00 171.43
2009_004588 3.795148 1.00 126.00 500.00 337.00 342.86 188.57
2009_004687 3.290033 1.00 160.00 195.00 372.00 274.29 188.57
2009_004718 5.621221 1.00 10.00 500.00 375.00 0.00 188.57
2009_004782 5.270373 1.00 90.00 500.00 375.00 342.86 171.43
2009_004823 4.209445 331.00 270.00 500.00 375.00 0.00 171.43
2009_004993 6.155399 113.00 145.00 407.00 373.00 308.57 188.57
2009_005299 7.492612 1.00 1.00 500.00 375.00 0.00 171.43
2010_000097 6.259974 1.00 90.00 396.00 344.00 342.86 188.57
2010_000256 7.054841 54.00 44.00 420.00 239.00 342.86 171.43
2010_000284 4.153977 247.00 207.00 498.00 351.00 342.86 171.43
2010_000284 3.128961 15.00 172.00 169.00 321.00 342.86 171.43
2010_000344 3.853747 139.00 103.00 347.00 245.00 0.00 171.43
2010_000821 9.034645 1.00 203.00 258.00 371.00 308.57 171.43
2010_000830 5.723186 67.00 146.00 396.00 294.00 342.86 171.43
2010_000968 4.861145 145.00 74.00 400.00 211.00 17.14 171.43
2010_001051 7.035745 191.00 51.00 499.00 265.00 34.29 188.57
2010_001051 6.868797 1.00 61.00 229.00 320.00 308.57 188.57
2010_001127 5.005438 367.00 78.00 500.00 181.00 0.00 171.43
2010_001127 1.763201 43.00 168.00 453.00 375.00 342.86 188.57
2010_001149 8.271537 255.00 180.00 500.00 329.00 17.14 171.43
2010_001189 11.931267 191.00 184.00 471.00 339.00 17.14 171.43
2010_001287 2.607291 172.00 44.00 500.00 227.00 0.00 171.43
2010_001287 4.308372 1.00 49.00 221.00 332.00 308.57 188.57
2010_001327 6.350642 32.00 34.00 500.00 374.00 342.86 171.43
2010_001586 3.936493 261.00 283.00 454.00 384.00 0.00 171.43
2010_001636 3.485747 1.00 105.00 500.00 375.00 17.14 188.57
2010_001763 9.432381 7.00 40.00 464.00 310.00 325.71 171.43
2010_001767 2.754885 1.00 142.00 423.00 375.00 0.00 188.57
2010_001962 6.398697 17.00 82.00 500.00 334.00 325.71 171.43
2010_002337 10.173531 177.00 65.00 393.00 225.00 308.57 188.57
2010_002461 2.659725 1.00 124.00 500.00 332.00 325.71 188.57
2010_002531 4.587365 1.00 1.00 500.00 375.00 0.00 171.43
2010_002710 4.587645 84.00 191.00 387.00 337.00 17.14 171.43
2010_002817 4.955716 2.00 1.00 500.00 414.00 342.86 188.57
2010_002860 4.104209 1.00 141.00 500.00 373.00 0.00 188.57
2010_003278 6.222690 70.00 217.00 462.00 374.00 0.00 188.57
2010_003331 8.038094 1.00 16.00 500.00 375.00 342.86 171.43
2010_003401 3.494568 72.00 198.00 500.00 333.00 0.00 171.43
2010_003451 4.229374 1.00 15.00 500.00 375.00 342.86 171.43
2010_003597 3.933583 1.00 180.00 442.00 375.00 342.86 171.43
2010_003613 6.604217 1.00 1.00 500.00 265.00 308.57 188.57
2010_003861 4.009268 1.00 119.00 361.00 316.00 342.86 171.43
2010_004095 1.630687 306.00 203.00 500.00 375.00 85.71 188.57
2010_004125 4.152686 228.00 189.00 481.00 310.00 325.71 188.57
2010_004409 4.358840 6.00 40.00 495.00 347.00 342.86 171.43
2010_004447 2.234694 40.00 231.00 231.00 361.00 342.86 188.57
2010_004757 3.326452 1.00 1.00 500.00 146.00 0.00 171.43
2010_004783 11.768616 144.00 142.00 353.00 309.00 342.86 188.57
2010_005049 4.618750 1.00 103.00 276.00 375.00 342.86 171.43
2010_005180 4.721326 344.00 220.00 500.00 375.00 0.00 205.71
2010_005398 5.802800 1.00 225.00 323.00 375.00 0.00 188.57
2010_005532 5.096095 1.00 137.00 445.00 360.00 325.71 171.43
2010_005606 3.186103 121.00 39.00 500.00 375.00 0.00 188.57
2010_005610 3.369645 1.00 156.00 500.00 446.00 342.86 171.43
2010_005681 4.067234 1.00 1.00 500.00 375.00 308.57 188.57
2010_005692 5.834178 42.00 151.00 453.00 374.00 17.14 188.57
2010_005937 6.853577 1.00 1.00 500.00 332.00 342.86 171.43
2010_005980 6.398438 272.00 268.00 493.00 375.00 51.43 188.57
2010_006056 7.316888 275.00 107.00 500.00 207.00 342.86 171.43
2011_000037 9.849263 314.00 200.00 422.00 346.00 68.57 188.57
2011_000037 9.385971 103.00 187.00 195.00 276.00 274.29 188.57
2011_000070 9.801142 3.00 34.00 493.00 354.00 291.43 188.57
2011_000082 4.564515 1.00 154.00 161.00 375.00 291.43 188.57
2011_000142 5.219531 99.00 125.00 486.00 325.00 342.86 171.43
2011_000146 3.260529 2.00 28.00 499.00 375.00 342.86 171.43
2011_000173 3.072025 1.00 274.00 210.00 474.00 325.71 188.57
2011_000304 4.175539 1.00 186.00 500.00 375.00 0.00 188.57
2011_000310 1.883121 59.00 299.00 237.00 462.00 325.71 188.57
2011_000364 5.399302 1.00 101.00 311.00 270.00 308.57 188.57
2011_000364 2.099944 1.00 239.00 488.00 375.00 0.00 188.57
2011_000386 3.404931 1.00 320.00 375.00 500.00 17.14 188.57
2011_000477 4.843757 1.00 17.00 500.00 333.00 17.14 188.57
2011_000608 3.614001 223.00 239.00 500.00 375.00 17.14 188.57
2011_000630 5.562696 1.00 164.00 225.00 356.00 308.57 171.43
2011_000765 7.588055 46.00 21.00 437.00 335.00 34.29 188.57
2011_001005 5.637383 43.00 16.00 465.00 375.00 51.43 188.57
2011_001167 4.125449 85.00 186.00 203.00 255.00 34.29 171.43
2011_001283 4.082668 55.00 172.00 484.00 374.00 342.86 188.57
2011_001304 5.746308 163.00 104.00 299.00 207.00 342.86 171.43
2011_001304 2.184289 310.00 111.00 486.00 203.00 68.57 188.57
2011_001330 3.750415 1.00 153.00 221.00 372.00 274.29 171.43
2011_001404 5.546377 146.00 157.00 463.00 333.00 342.86 188.57
2011_001404 4.082512 1.00 103.00 124.00 319.00 342.86 171.43
2011_001440 8.327681 183.00 192.00 338.00 307.00 34.29 188.57
2011_001440 2.975850 1.00 254.00 233.00 375.00 308.57 188.57
2011_001518 6.015267 2.00 154.00 414.00 316.00 342.86 171.43
2011_001531 6.288327 328.00 191.00 499.00 374.00 68.57 188.57
2011_001531 2.055392 104.00 157.00 375.00 261.00 325.71 171.43
2011_001567 2.775374 2.00 140.00 212.00 261.00 325.71 188.57
2011_001691 5.146109 2.00 196.00 167.00 422.00 325.71 171.43
2011_001713 4.265285 253.00 150.00 500.00 375.00 68.57 188.57
2011_001751 5.219404 110.00 183.00 442.00 345.00 325.71 188.57
2011_001794 3.890818 226.00 222.00 373.00 357.00 342.86 171.43
2011_001820 6.546141 1.00 92.00 321.00 385.00 342.86 171.43
2011_001845 3.947636 1.00 133.00 492.00 373.00 342.86 188.57
2011_001856 4.040895 274.00 174.00 407.00 322.00 85.71 188.57
2011_001856 3.027244 1.00 227.00 227.00 375.00 0.00 171.43
2011_001914 2.826731 1.00 12.00 485.00 375.00 34.29 188.57
2011_001932 4.378136 167.00 147.00 320.00 229.00 308.57 171.43
2011_001980 4.067812 3.00 197.00 498.00 444.00 342.86 171.43
2011_002109 4.250029 1.00 1.00 375.00 500.00 0.00 171.43
2011_002184 1.915940 9.00 63.00 500.00 364.00 325.71 188.57
2011_002391 4.189180 250.00 291.00 500.00 375.00 34.29 188.57
2011_002395 8.995310 158.00 127.00 432.00 295.00 0.00 171.43
2011_002414 5.537780 1.00 126.00 500.00 365.00 342.86 171.43
2011_002507 6.013839 2.00 73.00 312.00 245.00 34.29 188.57
2011_002644 3.365036 85.00 266.00 470.00 375.00 17.14 188.57
2011_002644 3.350740 457.00 240.00 500.00 375.00 342.86 171.43
2011_002714 4.224586 3.00 152.00 188.00 265.00 291.43 188.57
2011_002784 6.700350 265.00 167.00 500.00 242.00 17.14 171.43
2011_002784 4.020560 182.00 220.00 500.00 375.00 34.29 188.57
2011_002810 4.294386 259.00 225.00 500.00 342.00 68.57 171.43
2011_003039 8.973528 101.00 138.00 390.00 286.00 17.14 171.43
2011_003182 8.570994 1.00 22.00 500.00 375.00 0.00 171.43
2011_003201 10.102215 278.00 145.00 495.00 243.00 0.00 171.43
2011_003212 5.009288 54.00 238.00 306.00 375.00 0.00 171.43
2011_003256 4.780069 5.00 75.00 414.00 307.00 342.86 171.43
