2008_000021 17.352535 14.00 148.00 475.00 288.00 0.00 171.43
2008_000064 13.915804 1.00 152.00 375.00 461.00 342.86 171.43
2008_000251 3.696050 24.00 14.00 410.00 245.00 34.29 171.43
2008_000251 5.372342 213.00 53.00 500.00 171.00 154.29 188.57
2008_000251 2.017350 88.00 93.00 220.00 166.00 188.57 171.43
2008_000367 1.531141 1.00 1.00 500.00 357.00 0.00 171.43
2008_000804 19.763006 60.00 98.00 466.00 296.00 325.71 171.43
2008_000805 14.471313 44.00 16.00 481.00 307.00 0.00 171.43
2008_001227 4.539466 1.00 132.00 443.00 375.00 240.00 188.57
2008_001380 14.595820 66.00 18.00 423.00 155.00 257.14 171.43
2008_001468 5.085294 9.00 120.00 500.00 359.00 51.43 154.29
2008_001546 14.074129 29.00 41.00 495.00 216.00 85.71 171.43
2008_001774 6.090870 219.00 170.00 256.00 203.00 325.71 137.14
2008_001805 8.855814 10.00 89.00 500.00 302.00 34.29 171.43
2008_001971 10.169322 132.00 125.00 395.00 194.00 102.86 171.43
2008_001985 2.826079 187.00 102.00 222.00 114.00 257.14 171.43
2008_002138 12.301495 1.00 99.00 423.00 241.00 308.57 171.43
2008_002151 7.540624 3.00 52.00 500.00 242.00 205.71 171.43
2008_002358 9.144911 8.00 87.00 489.00 223.00 240.00 171.43
2008_002454 5.920978 1.00 139.00 500.00 333.00 0.00 188.57
2008_002673 3.598346 228.00 140.00 440.00 231.00 291.43 171.43
2008_002673 7.815586 18.00 132.00 262.00 237.00 308.57 171.43
2008_002673 1.855841 435.00 177.00 500.00 213.00 325.71 171.43
2008_002773 6.975271 139.00 111.00 189.00 141.00 102.86 222.86
2008_002773 7.932899 121.00 87.00 173.00 119.00 102.86 222.86
2008_002773 8.407207 148.00 75.00 199.00 106.00 102.86 222.86
2008_002773 3.676247 166.00 95.00 219.00 128.00 102.86 222.86
2008_003155 8.943798 2.00 112.00 499.00 266.00 51.43 171.43
2008_003189 6.630905 3.00 85.00 474.00 291.00 308.57 171.43
2008_003369 7.578634 1.00 104.00 500.00 272.00 291.43 154.29
2008_003423 20.106838 1.00 40.00 500.00 275.00 0.00 171.43
2008_003475 8.485245 21.00 81.00 127.00 104.00 257.14 171.43
2008_003475 11.874765 95.00 107.00 272.00 151.00 257.14 171.43
2008_003475 0.985889 151.00 130.00 492.00 220.00 120.00 171.43
2008_003673 9.116254 27.00 64.00 497.00 197.00 68.57 171.43
2008_003743 8.560416 93.00 137.00 472.00 298.00 51.43 171.43
2008_003744 4.221624 1.00 68.00 500.00 375.00 0.00 171.43
2008_003876 14.903002 3.00 112.00 498.00 213.00 85.71 154.29
2008_003905 13.947720 7.00 41.00 491.00 261.00 68.57 171.43
2008_003926 9.413525 1.00 51.00 489.00 224.00 291.43 171.43
2008_003976 12.465187 13.00 90.00 494.00 224.00 68.57 171.43
2008_004030 6.054417 135.00 96.00 216.00 151.00 291.43 137.14
2008_004030 5.877904 187.00 178.00 266.00 232.00 291.43 137.14
2008_004030 6.420631 297.00 196.00 370.00 249.00 291.43 137.14
2008_004030 5.954470 113.00 234.00 195.00 291.00 291.43 137.14
2008_004190 10.390943 152.00 142.00 309.00 189.00 154.29 171.43
2008_004348 10.142811 20.00 79.00 500.00 235.00 51.43 171.43
2008_004406 11.973047 53.00 74.00 500.00 266.00 34.29 171.43
2008_004433 6.137565 200.00 195.00 258.00 212.00 188.57 188.57
2008_004605 5.109942 32.00 52.00 463.00 223.00 240.00 171.43
2008_004630 6.733187 1.00 1.00 500.00 275.00 205.71 171.43
2008_004646 4.016201 96.00 1.00 500.00 333.00 34.29 188.57
2008_004646 1.051146 1.00 48.00 268.00 134.00 240.00 188.57
2008_004646 5.174895 127.00 1.00 369.00 52.00 102.86 171.43
2008_004646 2.780145 386.00 116.00 500.00 153.00 342.86 188.57
2008_004646 2.767050 1.00 124.00 156.00 309.00 308.57 188.57
2008_004646 2.188504 7.00 19.00 119.00 63.00 34.29 188.57
2008_004704 20.314804 3.00 1.00 500.00 322.00 342.86 171.43
2008_004726 5.329031 115.00 112.00 454.00 223.00 85.71 154.29
2008_004771 13.587941 24.00 72.00 273.00 161.00 291.43 171.43
2008_004819 2.828142 1.00 100.00 492.00 272.00 342.86 171.43
2008_004885 16.687290 22.00 96.00 375.00 211.00 342.86 171.43
2008_004935 6.638603 427.00 163.00 470.00 187.00 154.29 154.29
2008_004935 6.616734 224.00 126.00 267.00 149.00 154.29 154.29
2008_004935 6.387284 90.00 130.00 133.00 151.00 154.29 154.29
2008_005057 1.646576 76.00 140.00 432.00 233.00 342.86 171.43
2008_005114 21.416056 6.00 143.00 498.00 319.00 34.29 171.43
2008_005253 9.887825 1.00 84.00 500.00 278.00 342.86 171.43
2008_005338 5.269219 1.00 83.00 500.00 375.00 0.00 188.57
2008_005373 19.078411 18.00 23.00 500.00 238.00 34.29 171.43
2008_005455 10.430220 32.00 95.00 464.00 219.00 274.29 171.43
2008_005538 5.491204 163.00 49.00 402.00 248.00 308.57 120.00
2008_005573 4.607019 412.00 259.00 453.00 281.00 240.00 154.29
2008_005611 12.781826 1.00 5.00 500.00 388.00 342.86 171.43
2008_005631 9.351261 79.00 130.00 317.00 198.00 274.29 154.29
2008_005685 2.820009 1.00 39.00 500.00 333.00 342.86 171.43
2008_005750 4.220414 135.00 326.00 375.00 500.00 325.71 188.57
2008_005750 4.493744 1.00 314.00 272.00 500.00 342.86 171.43
2008_005796 7.039759 1.00 63.00 500.00 290.00 34.29 188.57
2008_005889 18.581190 1.00 84.00 463.00 252.00 325.71 171.43
2008_005907 17.043365 24.00 136.00 458.00 260.00 17.14 171.43
2008_006034 3.525638 145.00 251.00 180.00 292.00 17.14 85.71
2008_006109 6.559744 25.00 128.00 132.00 170.00 291.43 137.14
2008_006169 4.977883 1.00 11.00 375.00 472.00 0.00 171.43
2008_006200 10.205458 1.00 121.00 419.00 243.00 257.14 171.43
2008_006200 2.947410 423.00 154.00 500.00 209.00 205.71 171.43
2008_006269 12.431776 43.00 238.00 230.00 315.00 240.00 205.71
2008_006269 10.090607 131.00 140.00 313.00 211.00 240.00 205.71
2008_006269 10.950858 31.00 116.00 207.00 186.00 240.00 205.71
2008_006394 7.887268 50.00 124.00 419.00 232.00 222.86 171.43
2008_006463 3.092858 1.00 82.00 494.00 281.00 342.86 171.43
2008_006548 11.423174 1.00 128.00 393.00 217.00 240.00 171.43
2008_006604 2.606910 1.00 97.00 500.00 375.00 325.71 188.57
2008_006621 17.319994 1.00 84.00 499.00 232.00 240.00 154.29
2008_006631 3.475439 17.00 52.00 500.00 335.00 0.00 171.43
2008_006671 1.948056 106.00 45.00 500.00 290.00 17.14 171.43
2008_006671 1.855687 18.00 159.00 418.00 242.00 240.00 171.43
2008_006703 8.010444 58.00 138.00 336.00 226.00 240.00 171.43
2008_006777 8.314835 369.00 56.00 500.00 112.00 85.71 171.43
2008_006777 4.796163 213.00 50.00 278.00 77.00 102.86 171.43
2008_006777 11.429899 17.00 96.00 473.00 271.00 257.14 171.43
2008_006896 19.895639 1.00 100.00 497.00 264.00 308.57 154.29
2008_006951 18.209379 128.00 102.00 472.00 207.00 51.43 171.43
2008_006980 2.521927 316.00 214.00 500.00 306.00 34.29 171.43
2008_007096 22.053333 48.00 171.00 468.00 316.00 0.00 171.43
2008_007096 9.073149 416.00 132.00 481.00 152.00 188.57 154.29
2008_007195 3.293496 101.00 55.00 500.00 298.00 51.43 171.43
2008_007229 9.362510 10.00 95.00 439.00 239.00 205.71 171.43
2008_007350 11.240457 37.00 141.00 482.00 263.00 102.86 171.43
2008_007374 3.513978 1.00 11.00 484.00 333.00 0.00 171.43
2008_007409 7.929951 150.00 112.00 326.00 201.00 342.86 171.43
2008_007458 5.754209 169.00 90.00 246.00 181.00 257.14 85.71
2008_007480 11.022215 1.00 13.00 485.00 317.00 308.57 171.43
2008_007507 3.982068 163.00 219.00 206.00 276.00 17.14 85.71
2008_007579 2.350273 51.00 64.00 500.00 284.00 34.29 171.43
2008_007618 5.802485 65.00 91.00 437.00 206.00 257.14 171.43
2008_007690 9.696535 96.00 35.00 231.00 87.00 154.29 171.43
2008_007738 11.489650 13.00 103.00 421.00 257.00 342.86 171.43
2008_007764 9.229793 155.00 99.00 373.00 197.00 257.14 154.29
2008_007836 3.220924 231.00 147.00 287.00 215.00 0.00 205.71
2008_007884 9.100683 149.00 68.00 408.00 169.00 34.29 171.43
2008_007970 9.131316 1.00 49.00 500.00 253.00 34.29 171.43
2008_008025 5.806780 41.00 59.00 296.00 156.00 120.00 171.43
2008_008025 6.656132 302.00 112.00 436.00 164.00 154.29 171.43
2008_008044 9.426819 1.00 83.00 500.00 260.00 291.43 171.43
2008_008050 2.250299 1.00 19.00 500.00 338.00 308.57 205.71
2008_008053 6.863082 61.00 188.00 89.00 207.00 188.57 154.29
2008_008053 7.226716 169.00 186.00 198.00 200.00 188.57 154.29
2008_008053 9.491250 312.00 174.00 339.00 189.00 188.57 154.29
2008_008053 6.895049 406.00 166.00 433.00 183.00 188.57 154.29
2008_008086 17.755354 111.00 234.00 373.00 325.00 154.29 171.43
2008_008096 3.071444 9.00 119.00 500.00 299.00 34.29 171.43
2008_008130 4.435807 5.00 1.00 488.00 363.00 34.29 120.00
2008_008146 2.659914 228.00 114.00 279.00 151.00 325.71 188.57
2008_008179 1.946093 310.00 133.00 419.00 167.00 222.86 171.43
2008_008179 3.488248 176.00 138.00 311.00 181.00 240.00 171.43
2008_008179 2.390407 47.00 144.00 181.00 182.00 154.29 171.43
2008_008191 20.586279 36.00 51.00 295.00 146.00 0.00 154.29
2008_008231 2.194660 51.00 79.00 98.00 104.00 120.00 188.57
2008_008254 10.241484 96.00 225.00 452.00 341.00 291.43 171.43
2008_008278 8.001926 1.00 64.00 500.00 299.00 325.71 171.43
2008_008278 3.284429 1.00 8.00 500.00 194.00 291.43 171.43
2008_008278 3.514420 74.00 167.00 163.00 192.00 0.00 171.43
2008_008278 3.395254 1.00 164.00 91.00 191.00 342.86 171.43
2008_008359 17.465012 5.00 89.00 495.00 217.00 85.71 154.29
2008_008373 11.921621 6.00 106.00 497.00 224.00 274.29 154.29
2008_008424 29.468880 1.00 55.00 500.00 278.00 342.86 171.43
2008_008446 5.448029 241.00 78.00 310.00 160.00 257.14 222.86
2008_008467 15.093218 57.00 66.00 166.00 101.00 291.43 154.29
2008_008467 15.196228 130.00 105.00 235.00 138.00 291.43 154.29
2008_008467 16.177666 198.00 144.00 301.00 177.00 291.43 154.29
2008_008467 14.048786 261.00 186.00 362.00 216.00 291.43 154.29
2008_008467 16.133480 319.00 227.00 415.00 258.00 291.43 154.29
2008_008501 14.751552 12.00 30.00 500.00 174.00 17.14 171.43
2008_008519 6.715106 17.00 119.00 487.00 250.00 308.57 171.43
2008_008570 6.573222 57.00 121.00 488.00 320.00 51.43 171.43
2008_008765 14.004590 111.00 114.00 441.00 239.00 222.86 171.43
2009_000032 2.262703 59.00 95.00 491.00 216.00 0.00 171.43
2009_000084 5.869230 1.00 38.00 500.00 334.00 0.00 188.57
2009_000205 7.321126 1.00 103.00 362.00 216.00 257.14 171.43
2009_000225 2.311988 28.00 152.00 421.00 238.00 325.71 171.43
2009_000260 12.658094 1.00 133.00 485.00 226.00 17.14 171.43
2009_000387 7.547217 51.00 128.00 487.00 273.00 51.43 171.43
2009_000397 9.646236 41.00 92.00 465.00 227.00 154.29 171.43
2009_000417 14.961260 1.00 21.00 492.00 197.00 308.57 154.29
2009_000440 16.252359 6.00 115.00 499.00 226.00 274.29 154.29
2009_000513 9.763465 11.00 123.00 490.00 222.00 240.00 171.43
2009_000545 11.498041 129.00 137.00 356.00 240.00 137.14 171.43
2009_000545 1.697075 349.00 180.00 500.00 230.00 154.29 171.43
2009_000625 2.161451 280.00 157.00 300.00 185.00 171.43 85.71
2009_000661 7.640764 125.00 31.00 190.00 53.00 342.86 154.29
2009_000661 3.478892 186.00 56.00 252.00 75.00 342.86 171.43
2009_000661 9.312436 1.00 181.00 500.00 377.00 17.14 171.43
2009_000734 17.569599 8.00 55.00 484.00 221.00 308.57 171.43
2009_000817 20.639767 46.00 80.00 478.00 230.00 85.71 154.29
2009_000909 3.651457 1.00 1.00 339.00 332.00 257.14 137.14
2009_001090 6.133505 61.00 92.00 389.00 205.00 274.29 171.43
2009_001195 7.861677 1.00 1.00 500.00 270.00 308.57 171.43
2009_001316 11.224555 5.00 30.00 483.00 297.00 291.43 171.43
2009_001321 5.327618 1.00 1.00 500.00 333.00 342.86 171.43
2009_001321 1.138016 287.00 267.00 372.00 284.00 240.00 171.43
2009_001332 16.775320 13.00 78.00 489.00 219.00 274.29 171.43
2009_001345 3.008621 75.00 35.00 500.00 375.00 342.86 171.43
2009_001387 12.759113 1.00 66.00 479.00 235.00 291.43 171.43
2009_001501 9.848846 22.00 88.00 482.00 262.00 205.71 171.43
2009_001509 3.916539 1.00 66.00 486.00 261.00 291.43 171.43
2009_001509 2.200530 119.00 1.00 343.00 48.00 342.86 171.43
2009_001549 20.352152 1.00 86.00 489.00 245.00 68.57 171.43
2009_001696 10.931344 1.00 42.00 483.00 146.00 291.43 171.43
2009_001696 5.685450 151.00 42.00 409.00 84.00 257.14 171.43
2009_001696 6.732343 1.00 92.00 36.00 112.00 120.00 171.43
2009_001713 18.318510 38.00 91.00 380.00 216.00 205.71 154.29
2009_001850 12.970959 50.00 73.00 493.00 170.00 274.29 154.29
2009_001851 12.015772 38.00 107.00 465.00 264.00 85.71 171.43
2009_001858 2.983990 171.00 95.00 227.00 181.00 308.57 137.14
2009_001905 9.914185 241.00 148.00 344.00 180.00 85.71 154.29
2009_001940 7.957384 52.00 101.00 484.00 257.00 68.57 171.43
2009_002001 6.140147 235.00 448.00 346.00 500.00 0.00 171.43
2009_002011 3.335188 1.00 17.00 491.00 300.00 308.57 171.43
2009_002047 12.617868 55.00 82.00 483.00 236.00 325.71 171.43
2009_002191 16.180510 19.00 129.00 469.00 250.00 257.14 171.43
2009_002199 7.134700 219.00 30.00 452.00 104.00 51.43 171.43
2009_002199 9.065243 33.00 236.00 260.00 322.00 51.43 171.43
2009_002211 16.595947 1.00 53.00 476.00 241.00 274.29 171.43
2009_002272 7.414396 52.00 68.00 431.00 223.00 34.29 137.14
2009_002320 6.891166 192.00 74.00 355.00 186.00 85.71 154.29
2009_002393 11.161989 219.00 87.00 345.00 136.00 17.14 171.43
2009_002432 16.655190 10.00 60.00 489.00 215.00 68.57 171.43
2009_002531 17.359985 48.00 88.00 499.00 193.00 68.57 154.29
2009_002614 16.199776 8.00 82.00 416.00 278.00 308.57 137.14
2009_002680 7.251432 1.00 61.00 500.00 244.00 17.14 171.43
2009_002752 2.503962 1.00 59.00 322.00 162.00 342.86 171.43
2009_002752 8.827538 59.00 125.00 463.00 254.00 85.71 188.57
2009_002765 4.349732 125.00 112.00 211.00 197.00 308.57 85.71
2009_002808 6.463717 2.00 16.00 333.00 457.00 154.29 188.57
2009_002888 9.626665 2.00 142.00 213.00 248.00 188.57 171.43
2009_002888 7.830225 89.00 96.00 305.00 211.00 188.57 171.43
2009_002888 10.947961 183.00 52.00 498.00 186.00 188.57 171.43
2009_002910 9.979379 25.00 119.00 487.00 225.00 68.57 171.43
2009_002910 2.921324 455.00 136.00 498.00 151.00 102.86 171.43
2009_002910 2.216763 357.00 140.00 400.00 161.00 154.29 171.43
2009_002910 7.270143 1.00 140.00 82.00 178.00 342.86 171.43
2009_002941 14.145690 14.00 46.00 483.00 221.00 257.14 154.29
2009_003005 35.281990 17.00 78.00 482.00 225.00 17.14 171.43
2009_003033 10.590178 106.00 116.00 433.00 209.00 85.71 171.43
2009_003044 1.094240 39.00 38.00 500.00 372.00 102.86 188.57
2009_003097 6.495170 194.00 92.00 413.00 167.00 102.86 171.43
2009_003153 13.739626 15.00 80.00 489.00 247.00 34.29 171.43
2009_003199 9.265670 5.00 96.00 499.00 255.00 85.71 171.43
2009_003199 1.831600 373.00 193.00 500.00 240.00 188.57 171.43
2009_003278 10.232782 22.00 76.00 500.00 266.00 51.43 171.43
2009_003372 17.438145 9.00 62.00 500.00 229.00 274.29 171.43
2009_003456 5.390601 1.00 35.00 500.00 270.00 308.57 171.43
2009_003571 9.497140 9.00 85.00 490.00 214.00 257.14 171.43
2009_003635 9.322396 9.00 59.00 496.00 274.00 85.71 137.14
2009_003696 20.356106 13.00 49.00 500.00 224.00 34.29 171.43
2009_003704 10.578726 50.00 100.00 473.00 229.00 0.00 171.43
2009_003805 9.731701 113.00 153.00 374.00 228.00 342.86 171.43
2009_003806 10.729959 29.00 86.00 486.00 214.00 291.43 171.43
2009_003947 11.531188 13.00 110.00 497.00 225.00 120.00 171.43
2009_003950 14.901754 14.00 110.00 495.00 224.00 291.43 171.43
2009_004075 1.951371 1.00 1.00 500.00 333.00 342.86 171.43
2009_004108 6.712735 26.00 85.00 465.00 221.00 51.43 171.43
2009_004203 14.120700 23.00 113.00 483.00 222.00 274.29 171.43
2009_004402 2.582397 109.00 94.00 258.00 334.00 34.29 205.71
2009_004414 6.962138 14.00 98.00 478.00 205.00 85.71 154.29
2009_004414 3.425328 33.00 147.00 94.00 227.00 0.00 171.43
2009_004414 4.000540 1.00 149.00 91.00 187.00 0.00 205.71
2009_004535 9.088832 72.00 166.00 382.00 257.00 291.43 171.43
2009_004548 4.080460 65.00 158.00 431.00 250.00 0.00 171.43
2009_004601 8.964636 9.00 86.00 492.00 221.00 68.57 171.43
2009_004601 3.153647 161.00 125.00 231.00 152.00 85.71 171.43
2009_004653 9.035997 20.00 159.00 221.00 215.00 102.86 171.43
2009_004812 10.171541 35.00 106.00 472.00 272.00 68.57 171.43
2009_004820 10.617756 1.00 2.00 500.00 290.00 0.00 171.43
2009_004917 7.807612 1.00 93.00 496.00 269.00 291.43 171.43
2009_004969 2.526653 54.00 121.00 400.00 279.00 308.57 171.43
2009_004969 2.217510 362.00 104.00 414.00 142.00 0.00 171.43
2009_004969 1.602580 231.00 108.00 276.00 124.00 85.71 171.43
2009_005019 15.510668 7.00 97.00 488.00 210.00 257.14 171.43
2009_005036 1.038401 6.00 159.00 489.00 299.00 0.00 171.43
2009_005111 13.778368 17.00 69.00 485.00 230.00 257.14 171.43
2009_005189 14.950631 21.00 91.00 487.00 214.00 17.14 171.43
2009_005210 17.319620 1.00 93.00 500.00 231.00 85.71 154.29
2009_005215 21.748787 35.00 78.00 464.00 219.00 325.71 171.43
2009_005232 4.527139 14.00 72.00 455.00 324.00 291.43 171.43
2010_000193 16.521549 1.00 40.00 499.00 293.00 342.86 171.43
2010_000196 4.874046 25.00 1.00 500.00 335.00 0.00 171.43
2010_000238 3.622982 258.00 15.00 500.00 280.00 17.14 171.43
2010_000260 11.567742 1.00 28.00 500.00 375.00 0.00 171.43
2010_000295 9.205624 137.00 131.00 326.00 210.00 205.71 154.29
2010_000308 2.852393 2.00 60.00 500.00 290.00 34.29 171.43
2010_000418 21.539890 11.00 100.00 489.00 217.00 188.57 188.57
2010_000541 15.550205 37.00 17.00 394.00 323.00 342.86 137.14
2010_000572 5.386034 59.00 159.00 434.00 235.00 257.14 171.43
2010_000622 11.098083 9.00 132.00 360.00 254.00 257.14 171.43
2010_000802 5.742939 255.00 127.00 436.00 246.00 120.00 154.29
2010_000981 6.559958 59.00 108.00 462.00 241.00 51.43 171.43
2010_001017 4.024919 114.00 130.00 342.00 306.00 120.00 120.00
2010_001024 3.669030 2.00 101.00 500.00 332.00 0.00 171.43
2010_001085 8.424032 1.00 110.00 375.00 423.00 342.86 171.43
2010_001174 13.032307 13.00 92.00 495.00 241.00 274.29 154.29
2010_001214 4.897330 330.00 145.00 381.00 163.00 205.71 188.57
2010_001294 15.955965 7.00 63.00 487.00 217.00 222.86 171.43
2010_001294 2.807894 129.00 189.00 191.00 210.00 240.00 171.43
2010_001426 13.673930 28.00 47.00 480.00 234.00 51.43 137.14
2010_001448 4.990801 136.00 17.00 440.00 330.00 34.29 120.00
2010_001505 4.420261 1.00 41.00 500.00 306.00 17.14 171.43
2010_001652 25.226076 77.00 96.00 475.00 231.00 325.71 154.29
2010_001836 9.088371 257.00 157.00 348.00 180.00 154.29 188.57
2010_001950 14.192144 58.00 77.00 446.00 230.00 257.14 171.43
2010_002019 7.647589 56.00 106.00 433.00 227.00 257.14 171.43
2010_002085 6.440234 1.00 107.00 500.00 374.00 0.00 171.43
2010_002147 10.638037 22.00 17.00 490.00 289.00 34.29 154.29
2010_002200 7.626097 81.00 100.00 414.00 212.00 240.00 171.43
2010_002229 3.477263 166.00 30.00 202.00 60.00 291.43 85.71
2010_002229 1.138966 205.00 59.00 229.00 90.00 222.86 120.00
2010_002289 7.079791 19.00 126.00 296.00 220.00 291.43 171.43
2010_002310 17.075607 62.00 139.00 445.00 268.00 34.29 154.29
2010_002357 4.759539 82.00 85.00 455.00 215.00 102.86 188.57
2010_002460 5.681035 225.00 205.00 352.00 250.00 240.00 171.43
2010_002542 12.366043 3.00 108.00 493.00 217.00 85.71 171.43
2010_002579 7.662131 72.00 161.00 292.00 247.00 274.29 171.43
2010_002579 4.172143 56.00 212.00 109.00 232.00 17.14 171.43
2010_002638 6.026770 22.00 81.00 500.00 260.00 0.00 171.43
2010_002695 3.759886 1.00 38.00 500.00 299.00 0.00 171.43
2010_002695 4.465721 311.00 163.00 390.00 181.00 325.71 171.43
2010_002827 5.278399 15.00 14.00 500.00 143.00 0.00 171.43
2010_002939 8.837109 1.00 41.00 497.00 182.00 17.14 154.29
2010_002954 8.348192 8.00 110.00 493.00 254.00 325.71 171.43
2010_003051 9.158508 84.00 127.00 492.00 257.00 102.86 171.43
2010_003054 16.038946 162.00 47.00 342.00 116.00 85.71 171.43
2010_003127 7.919773 13.00 133.00 227.00 208.00 291.43 171.43
2010_003127 3.244695 299.00 167.00 403.00 205.00 222.86 171.43
2010_003127 5.625051 398.00 165.00 495.00 201.00 308.57 171.43
2010_003127 2.008182 242.00 169.00 321.00 203.00 205.71 171.43
2010_003132 7.402521 2.00 63.00 500.00 298.00 0.00 171.43
2010_003279 13.569016 21.00 71.00 482.00 184.00 274.29 171.43
2010_003361 4.837362 1.00 55.00 500.00 273.00 0.00 188.57
2010_003365 17.200504 1.00 36.00 500.00 248.00 325.71 171.43
2010_003458 2.817387 64.00 60.00 467.00 358.00 85.71 120.00
2010_003495 9.789447 80.00 10.00 441.00 289.00 257.14 137.14
2010_003496 3.934071 1.00 105.00 278.00 194.00 102.86 171.43
2010_003496 4.763156 1.00 27.00 500.00 332.00 102.86 171.43
2010_003559 9.724753 99.00 148.00 461.00 266.00 325.71 188.57
2010_003655 3.115773 1.00 1.00 500.00 236.00 0.00 154.29
2010_003716 11.793839 1.00 102.00 500.00 229.00 0.00 171.43
2010_003723 6.468544 64.00 52.00 462.00 259.00 34.29 188.57
2010_003801 6.291265 1.00 103.00 464.00 304.00 342.86 171.43
2010_003801 3.933133 167.00 1.00 500.00 203.00 342.86 188.57
2010_003915 5.213050 215.00 134.00 382.00 282.00 205.71 120.00
2010_003933 6.321400 4.00 67.00 500.00 284.00 308.57 171.43
2010_003983 2.486571 1.00 12.00 473.00 375.00 0.00 171.43
2010_004010 5.676864 1.00 79.00 485.00 304.00 0.00 171.43
2010_004063 10.368889 128.00 137.00 406.00 275.00 171.43 188.57
2010_004184 6.374753 8.00 102.00 491.00 214.00 85.71 171.43
2010_004238 11.226192 78.00 68.00 444.00 180.00 240.00 171.43
2010_004238 2.623733 27.00 106.00 100.00 154.00 34.29 171.43
2010_004312 14.004262 2.00 121.00 497.00 274.00 51.43 171.43
2010_004314 10.143656 94.00 126.00 438.00 248.00 102.86 171.43
2010_004314 1.288327 8.00 154.00 189.00 218.00 240.00 171.43
2010_004404 7.232878 67.00 125.00 277.00 383.00 308.57 171.43
2010_004419 4.928841 1.00 144.00 486.00 318.00 222.86 171.43
2010_004455 4.356623 32.00 127.00 486.00 238.00 68.57 154.29
2010_004557 13.367816 154.00 56.00 493.00 167.00 34.29 154.29
2010_004608 2.859521 186.00 138.00 271.00 166.00 188.57 188.57
2010_004748 7.687589 156.00 64.00 344.00 256.00 51.43 222.86
2010_004817 16.062937 1.00 225.00 245.00 310.00 325.71 154.29
2010_004917 9.427519 299.00 190.00 377.00 268.00 120.00 137.14
2010_004998 17.363466 32.00 123.00 444.00 269.00 205.71 171.43
2010_005059 10.315737 167.00 148.00 315.00 243.00 137.14 137.14
2010_005167 4.498683 36.00 133.00 260.00 258.00 0.00 171.43
2010_005184 21.847801 53.00 120.00 350.00 242.00 325.71 154.29
2010_005224 6.213861 135.00 24.00 188.00 61.00 137.14 137.14
2010_005224 7.287714 31.00 241.00 275.00 325.00 188.57 154.29
2010_005268 9.828094 36.00 34.00 455.00 275.00 291.43 120.00
2010_005382 7.495186 38.00 53.00 485.00 190.00 68.57 171.43
2010_005534 11.473532 168.00 107.00 477.00 231.00 120.00 171.43
2010_005632 7.521142 50.00 120.00 402.00 237.00 205.71 188.57
2010_005718 9.629368 80.00 128.00 498.00 246.00 17.14 171.43
2010_005761 7.388176 204.00 135.00 327.00 185.00 120.00 154.29
2010_005877 11.994566 115.00 96.00 446.00 202.00 34.29 171.43
2010_005888 4.942222 126.00 136.00 281.00 280.00 205.71 137.14
2010_005953 10.140549 46.00 89.00 397.00 211.00 188.57 171.43
2010_005953 11.302130 136.00 235.00 500.00 332.00 342.86 171.43
2010_005998 13.800720 109.00 198.00 498.00 299.00 308.57 171.43
2010_006032 12.552698 1.00 1.00 500.00 334.00 342.86 154.29
2010_006034 6.135611 1.00 83.00 499.00 272.00 240.00 171.43
2010_006082 12.554413 132.00 118.00 500.00 259.00 51.43 137.14
2011_000103 21.626228 13.00 99.00 492.00 229.00 291.43 171.43
2011_000129 5.306011 117.00 165.00 214.00 194.00 308.57 154.29
2011_000129 3.761341 247.00 140.00 342.00 173.00 291.43 154.29
2011_000129 3.770679 366.00 129.00 473.00 156.00 325.71 154.29
2011_000163 4.569679 164.00 70.00 335.00 168.00 85.71 137.14
2011_000276 11.371296 1.00 39.00 500.00 313.00 308.57 171.43
2011_000481 5.856012 188.00 85.00 302.00 211.00 0.00 102.86
2011_000592 8.936680 26.00 84.00 456.00 241.00 257.14 171.43
2011_000656 16.071062 8.00 51.00 471.00 231.00 205.71 171.43
2011_000807 14.780224 49.00 83.00 204.00 134.00 0.00 171.43
2011_000872 9.937362 109.00 84.00 364.00 247.00 171.43 102.86
2011_000874 20.252544 7.00 87.00 494.00 198.00 257.14 171.43
2011_001044 14.527552 113.00 125.00 431.00 217.00 291.43 171.43
2011_001081 18.577024 1.00 10.00 487.00 320.00 342.86 188.57
2011_001081 2.191625 310.00 86.00 343.00 99.00 154.29 171.43
2011_001081 2.003663 343.00 90.00 369.00 96.00 154.29 171.43
2011_001081 2.428183 369.00 90.00 386.00 97.00 154.29 171.43
2011_001081 2.095845 385.00 89.00 407.00 98.00 102.86 171.43
2011_001081 3.236776 409.00 93.00 420.00 97.00 342.86 205.71
2011_001081 2.977759 417.00 90.00 441.00 98.00 154.29 171.43
2011_001114 15.239069 79.00 123.00 440.00 208.00 85.71 171.43
2011_001158 5.905547 1.00 281.00 94.00 348.00 205.71 171.43
2011_001158 3.581572 312.00 322.00 375.00 348.00 34.29 171.43
2011_001158 7.826701 1.00 40.00 375.00 315.00 0.00 171.43
2011_001263 20.212738 185.00 39.00 392.00 105.00 154.29 171.43
2011_001263 7.297050 31.00 270.00 128.00 305.00 137.14 171.43
2011_001315 15.497995 16.00 129.00 492.00 289.00 34.29 154.29
2011_001407 12.868876 12.00 95.00 491.00 231.00 68.57 171.43
2011_001434 15.413657 1.00 7.00 500.00 321.00 325.71 154.29
2011_001489 5.292012 148.00 195.00 196.00 210.00 171.43 171.43
2011_001541 3.524508 23.00 105.00 202.00 174.00 34.29 171.43
2011_001541 6.578597 162.00 98.00 475.00 207.00 34.29 171.43
2011_001624 10.108746 115.00 148.00 353.00 223.00 34.29 171.43
2011_001699 10.011618 40.00 84.00 449.00 253.00 308.57 171.43
2011_001800 11.784216 68.00 109.00 240.00 162.00 34.29 154.29
2011_001824 3.717027 48.00 109.00 500.00 232.00 257.14 171.43
2011_001824 3.639757 239.00 223.00 500.00 333.00 154.29 171.43
2011_001858 4.312714 18.00 107.00 498.00 347.00 85.71 240.00
2011_001880 4.094679 324.00 1.00 500.00 169.00 0.00 188.57
2011_001880 3.517535 83.00 114.00 500.00 300.00 34.29 154.29
2011_001962 6.682892 91.00 147.00 442.00 259.00 102.86 171.43
2011_002091 11.917537 3.00 64.00 383.00 245.00 205.71 171.43
2011_002132 8.683764 125.00 107.00 357.00 242.00 308.57 137.14
2011_002193 10.672628 127.00 72.00 447.00 190.00 17.14 171.43
2011_002248 4.906213 1.00 1.00 500.00 324.00 0.00 171.43
2011_002269 4.914587 68.00 9.00 396.00 352.00 257.14 102.86
2011_002327 6.030752 1.00 26.00 500.00 260.00 325.71 171.43
2011_002380 8.544023 1.00 154.00 499.00 314.00 17.14 171.43
2011_002494 2.887275 72.00 53.00 500.00 268.00 51.43 171.43
2011_002515 10.248560 113.00 75.00 415.00 237.00 154.29 171.43
2011_002605 17.377769 115.00 105.00 285.00 184.00 0.00 171.43
2011_002605 7.825994 359.00 135.00 431.00 159.00 102.86 171.43
2011_002617 10.499089 71.00 61.00 481.00 320.00 17.14 171.43
2011_002675 5.047540 45.00 62.00 445.00 343.00 342.86 171.43
2011_002751 3.456810 1.00 1.00 499.00 271.00 0.00 188.57
2011_002929 6.550617 6.00 129.00 433.00 233.00 291.43 154.29
2011_002992 4.727865 1.00 15.00 472.00 335.00 291.43 154.29
2011_002993 3.189479 55.00 189.00 112.00 234.00 85.71 120.00
2011_003012 6.913392 351.00 34.00 414.00 68.00 85.71 171.43
2011_003012 3.705449 289.00 41.00 350.00 66.00 137.14 171.43
2011_003012 3.074324 110.00 16.00 500.00 375.00 34.29 188.57
2011_003111 15.045357 1.00 105.00 500.00 333.00 342.86 154.29
2011_003176 15.677946 31.00 78.00 472.00 231.00 137.14 171.43
2011_003275 8.553151 42.00 50.00 448.00 282.00 68.57 137.14
