2008_000027 3.450681 9.00 32.00 500.00 375.00 308.57 171.43
2008_000042 6.216009 445.00 254.00 500.00 335.00 342.86 171.43
2008_000050 17.233557 292.00 197.00 328.00 228.00 171.43 171.43
2008_000052 28.270332 159.00 71.00 276.00 140.00 154.29 171.43
2008_000133 2.955381 1.00 1.00 500.00 217.00 257.14 171.43
2008_000163 6.302660 1.00 38.00 500.00 333.00 51.43 171.43
2008_000174 3.364585 438.00 265.00 500.00 348.00 342.86 171.43
2008_000174 4.875945 180.00 271.00 246.00 295.00 68.57 171.43
2008_000174 2.404286 88.00 263.00 162.00 294.00 34.29 188.57
2008_000174 3.331994 63.00 269.00 123.00 306.00 308.57 171.43
2008_000174 4.320796 1.00 256.00 68.00 309.00 171.43 171.43
2008_000174 6.250162 1.00 275.00 40.00 316.00 342.86 171.43
2008_000203 8.614073 81.00 108.00 246.00 258.00 0.00 171.43
2008_000251 6.832433 1.00 244.00 94.00 310.00 137.14 171.43
2008_000253 9.478646 255.00 348.00 320.00 383.00 308.57 171.43
2008_000281 6.664297 106.00 377.00 186.00 419.00 325.71 188.57
2008_000281 7.956309 194.00 396.00 283.00 444.00 137.14 188.57
2008_000304 7.649746 59.00 88.00 462.00 251.00 102.86 171.43
2008_000304 2.731502 458.00 152.00 500.00 221.00 291.43 171.43
2008_000304 4.694371 1.00 158.00 25.00 186.00 171.43 171.43
2008_000304 10.206747 1.00 159.00 42.00 183.00 188.57 171.43
2008_000304 5.988755 14.00 156.00 63.00 180.00 188.57 171.43
2008_000457 8.299393 1.00 265.00 47.00 303.00 17.14 171.43
2008_000457 14.544910 44.00 271.00 87.00 297.00 0.00 171.43
2008_000501 3.723234 172.00 313.00 467.00 375.00 205.71 171.43
2008_000562 3.547585 282.00 134.00 435.00 204.00 120.00 171.43
2008_000599 10.855383 263.00 50.00 339.00 81.00 291.43 171.43
2008_000599 10.737622 27.00 78.00 121.00 114.00 325.71 171.43
2008_000599 7.180442 77.00 65.00 149.00 99.00 342.86 171.43
2008_000659 20.426201 245.00 264.00 270.00 282.00 171.43 171.43
2008_000659 9.511509 285.00 260.00 305.00 277.00 171.43 171.43
2008_000828 8.914726 1.00 1.00 500.00 375.00 0.00 171.43
2008_000868 3.626697 1.00 312.00 41.00 348.00 171.43 171.43
2008_000880 21.069569 1.00 106.00 157.00 171.00 34.29 171.43
2008_000880 6.037892 353.00 108.00 394.00 124.00 68.57 171.43
2008_000884 17.484695 171.00 170.00 419.00 251.00 51.43 171.43
2008_000884 3.564531 1.00 169.00 138.00 263.00 51.43 171.43
2008_000904 1.979999 427.00 40.00 500.00 72.00 342.86 171.43
2008_000939 6.992701 1.00 37.00 500.00 263.00 188.57 171.43
2008_000952 5.307649 1.00 130.00 96.00 220.00 188.57 171.43
2008_000952 3.760700 1.00 206.00 87.00 375.00 0.00 171.43
2008_000952 3.622845 355.00 266.00 500.00 375.00 342.86 171.43
2008_000952 6.996091 382.00 126.00 500.00 207.00 342.86 171.43
2008_000952 7.368865 261.00 137.00 361.00 212.00 0.00 171.43
2008_000952 11.437458 93.00 140.00 206.00 224.00 171.43 171.43
2008_000982 8.061922 410.00 168.00 490.00 271.00 171.43 171.43
2008_001007 7.272460 433.00 161.00 488.00 230.00 188.57 171.43
2008_001062 11.563347 100.00 63.00 140.00 94.00 171.43 171.43
2008_001062 20.004173 329.00 55.00 374.00 91.00 171.43 171.43
2008_001062 11.866291 404.00 64.00 438.00 84.00 154.29 171.43
2008_001062 2.858124 440.00 69.00 485.00 83.00 274.29 171.43
2008_001142 5.718773 199.00 265.00 222.00 279.00 0.00 171.43
2008_001142 15.668269 12.00 255.00 113.00 316.00 188.57 171.43
2008_001262 12.303275 37.00 98.00 478.00 362.00 171.43 171.43
2008_001262 8.797178 104.00 33.00 292.00 147.00 171.43 171.43
2008_001334 5.532374 212.00 306.00 331.00 348.00 291.43 171.43
2008_001432 12.522587 314.00 146.00 387.00 199.00 342.86 171.43
2008_001445 26.871950 65.00 56.00 435.00 320.00 154.29 171.43
2008_001445 15.836897 316.00 54.00 457.00 137.00 137.14 171.43
2008_001445 4.375825 156.00 36.00 250.00 68.00 171.43 171.43
2008_001445 20.158783 85.00 35.00 135.00 66.00 171.43 171.43
2008_001445 7.296814 39.00 30.00 82.00 69.00 171.43 171.43
2008_001543 13.522082 169.00 216.00 258.00 266.00 17.14 171.43
2008_001586 15.705896 30.00 255.00 76.00 289.00 171.43 171.43
2008_001586 21.330568 88.00 251.00 133.00 291.00 171.43 171.43
2008_001681 6.448215 217.00 251.00 236.00 263.00 342.86 171.43
2008_001681 7.383975 145.00 249.00 166.00 262.00 342.86 171.43
2008_001681 5.863636 51.00 231.00 95.00 296.00 188.57 171.43
2008_001717 16.917223 112.00 257.00 202.00 325.00 154.29 171.43
2008_001717 8.068980 65.00 267.00 122.00 295.00 102.86 171.43
2008_001830 4.328426 288.00 156.00 500.00 334.00 102.86 171.43
2008_001830 15.193611 130.00 150.00 299.00 226.00 291.43 171.43
2008_001830 14.500784 1.00 156.00 51.00 194.00 342.86 171.43
2008_001867 11.466599 120.00 234.00 500.00 374.00 17.14 171.43
2008_001908 3.179200 190.00 321.00 232.00 335.00 51.43 171.43
2008_001908 1.732233 244.00 312.00 293.00 328.00 102.86 171.43
2008_001961 7.252199 150.00 187.00 253.00 241.00 0.00 171.43
2008_001961 3.034766 393.00 174.00 500.00 243.00 34.29 171.43
2008_001961 14.630735 175.00 163.00 470.00 252.00 34.29 171.43
2008_002138 6.848712 410.00 139.00 450.00 170.00 342.86 171.43
2008_002198 12.757662 1.00 126.00 500.00 320.00 240.00 171.43
2008_002199 11.260328 1.00 154.00 268.00 306.00 34.29 171.43
2008_002199 11.418645 342.00 183.00 500.00 370.00 342.86 171.43
2008_002212 4.174800 1.00 153.00 497.00 339.00 274.29 188.57
2008_002223 8.916306 354.00 195.00 415.00 224.00 205.71 171.43
2008_002322 10.869823 185.00 95.00 500.00 237.00 222.86 171.43
2008_002322 4.812314 1.00 168.00 162.00 271.00 274.29 171.43
2008_002366 12.132566 1.00 55.00 331.00 500.00 342.86 188.57
2008_002401 3.332863 340.00 208.00 390.00 247.00 154.29 171.43
2008_002401 2.678357 241.00 218.00 282.00 255.00 0.00 171.43
2008_002444 4.971335 218.00 381.00 375.00 500.00 291.43 171.43
2008_002444 5.836605 1.00 362.00 29.00 413.00 0.00 171.43
2008_002483 6.009739 280.00 154.00 500.00 272.00 291.43 171.43
2008_002483 7.576247 49.00 154.00 403.00 303.00 291.43 171.43
2008_002483 6.862230 1.00 165.00 123.00 312.00 342.86 171.43
2008_002516 9.495626 40.00 164.00 64.00 185.00 171.43 171.43
2008_002640 7.637083 20.00 172.00 89.00 200.00 325.71 171.43
2008_002643 4.095386 1.00 101.00 56.00 143.00 0.00 171.43
2008_002643 2.031232 185.00 136.00 298.00 185.00 137.14 171.43
2008_002705 8.222137 1.00 75.00 500.00 344.00 34.29 171.43
2008_002746 12.129733 269.00 146.00 472.00 311.00 171.43 171.43
2008_002746 6.339301 1.00 129.00 227.00 291.00 205.71 171.43
2008_002746 2.187051 208.00 147.00 309.00 210.00 0.00 171.43
2008_002875 15.784880 20.00 53.00 471.00 355.00 17.14 188.57
2008_002875 10.151337 1.00 30.00 255.00 236.00 0.00 171.43
2008_002875 2.911441 446.00 20.00 500.00 184.00 342.86 171.43
2008_002875 4.186211 284.00 23.00 453.00 87.00 0.00 171.43
2008_002875 2.362254 171.00 20.00 296.00 59.00 0.00 171.43
2008_002956 8.416750 139.00 154.00 167.00 174.00 171.43 171.43
2008_002958 6.734418 345.00 182.00 375.00 209.00 0.00 171.43
2008_002958 6.702640 1.00 61.00 310.00 500.00 0.00 171.43
2008_003005 5.814640 23.00 1.00 500.00 279.00 102.86 171.43
2008_003022 8.785624 438.00 110.00 500.00 146.00 51.43 171.43
2008_003022 2.571821 406.00 115.00 466.00 141.00 34.29 171.43
2008_003022 7.847179 32.00 70.00 475.00 302.00 240.00 188.57
2008_003030 12.782593 146.00 206.00 464.00 357.00 102.86 171.43
2008_003082 8.236936 378.00 239.00 439.00 295.00 0.00 171.43
2008_003132 18.140900 225.00 91.00 431.00 260.00 171.43 171.43
2008_003141 16.634491 1.00 193.00 148.00 331.00 171.43 171.43
2008_003202 7.495609 219.00 133.00 425.00 245.00 342.86 188.57
2008_003205 7.557637 127.00 53.00 161.00 81.00 0.00 171.43
2008_003255 23.240822 106.00 70.00 372.00 320.00 171.43 171.43
2008_003255 7.139805 1.00 161.00 28.00 191.00 0.00 171.43
2008_003300 11.128660 1.00 1.00 500.00 456.00 171.43 171.43
2008_003333 4.908197 290.00 79.00 400.00 174.00 222.86 171.43
2008_003350 21.482121 160.00 133.00 200.00 163.00 0.00 171.43
2008_003350 30.764065 62.00 138.00 88.00 153.00 188.57 171.43
2008_003405 6.251146 143.00 103.00 189.00 118.00 274.29 171.43
2008_003405 6.513006 196.00 102.00 244.00 116.00 257.14 171.43
2008_003405 5.617288 260.00 102.00 306.00 117.00 240.00 171.43
2008_003405 16.307503 325.00 103.00 450.00 147.00 291.43 171.43
2008_003479 7.907200 229.00 109.00 375.00 293.00 171.43 171.43
2008_003479 4.626151 1.00 70.00 132.00 243.00 240.00 171.43
2008_003577 17.224743 1.00 7.00 500.00 375.00 17.14 188.57
2008_003577 5.053316 1.00 59.00 209.00 230.00 0.00 171.43
2008_003647 7.139502 1.00 1.00 500.00 375.00 342.86 171.43
2008_003673 15.471016 20.00 274.00 114.00 325.00 205.71 171.43
2008_003673 6.491498 244.00 214.00 272.00 241.00 188.57 171.43
2008_003680 3.372193 69.00 212.00 260.00 267.00 0.00 171.43
2008_003680 3.969098 97.00 232.00 293.00 288.00 0.00 171.43
2008_003680 2.634571 115.00 189.00 240.00 226.00 291.43 171.43
2008_003680 4.296572 186.00 192.00 257.00 224.00 291.43 171.43
2008_003680 4.486673 381.00 176.00 442.00 207.00 240.00 171.43
2008_003680 4.225419 468.00 191.00 500.00 222.00 257.14 171.43
2008_003680 3.672740 409.00 183.00 447.00 214.00 291.43 171.43
2008_003680 1.957635 82.00 252.00 288.00 322.00 51.43 171.43
2008_003755 8.214151 39.00 121.00 294.00 367.00 0.00 171.43
2008_003775 2.441646 113.00 171.00 164.00 211.00 342.86 171.43
2008_003794 7.820903 177.00 169.00 228.00 214.00 342.86 171.43
2008_003794 9.341072 131.00 185.00 162.00 209.00 171.43 171.43
2008_003794 3.273426 237.00 183.00 304.00 208.00 205.71 171.43
2008_003794 5.653622 25.00 184.00 100.00 209.00 51.43 171.43
2008_003829 5.019910 1.00 108.00 54.00 143.00 34.29 171.43
2008_003835 11.631731 227.00 408.00 295.00 442.00 308.57 171.43
2008_003835 7.290558 311.00 410.00 373.00 432.00 120.00 171.43
2008_003844 6.529206 437.00 102.00 500.00 196.00 342.86 171.43
2008_003844 6.731093 114.00 107.00 288.00 190.00 17.14 171.43
2008_003844 7.710664 13.00 120.00 173.00 189.00 17.14 171.43
2008_003844 15.034824 331.00 119.00 385.00 155.00 188.57 171.43
2008_003844 2.424171 1.00 134.00 43.00 154.00 240.00 171.43
2008_003846 12.108059 17.00 86.00 477.00 292.00 51.43 171.43
2008_003860 14.286249 73.00 144.00 157.00 206.00 0.00 171.43
2008_003860 9.366550 1.00 134.00 107.00 201.00 17.14 171.43
2008_003868 14.735360 301.00 139.00 500.00 287.00 17.14 171.43
2008_003868 4.331466 138.00 124.00 395.00 241.00 342.86 171.43
2008_003924 6.960103 458.00 179.00 484.00 195.00 17.14 171.43
2008_003941 17.378046 17.00 331.00 48.00 355.00 171.43 171.43
2008_003943 12.846296 69.00 110.00 402.00 223.00 274.29 171.43
2008_004020 8.695371 9.00 1.00 500.00 343.00 171.43 171.43
2008_004046 5.308026 254.00 86.00 384.00 140.00 51.43 188.57
2008_004046 2.379593 417.00 55.00 479.00 91.00 102.86 171.43
2008_004056 14.964085 1.00 98.00 48.00 136.00 342.86 171.43
2008_004069 7.877648 85.00 56.00 452.00 305.00 0.00 171.43
2008_004127 14.220297 22.00 12.00 472.00 358.00 325.71 188.57
2008_004127 6.796737 272.00 27.00 500.00 241.00 342.86 171.43
2008_004127 7.976520 313.00 8.00 397.00 39.00 137.14 171.43
2008_004142 2.439203 131.00 142.00 318.00 206.00 51.43 171.43
2008_004182 9.054672 437.00 89.00 488.00 121.00 0.00 171.43
2008_004312 27.208244 33.00 65.00 489.00 310.00 154.29 171.43
2008_004326 5.362834 110.00 134.00 271.00 195.00 34.29 171.43
2008_004326 6.271502 80.00 135.00 190.00 188.00 34.29 171.43
2008_004326 3.345619 38.00 141.00 136.00 183.00 51.43 171.43
2008_004326 6.301219 75.00 126.00 151.00 147.00 342.86 171.43
2008_004326 4.573167 475.00 115.00 500.00 152.00 342.86 171.43
2008_004326 10.682099 231.00 99.00 470.00 213.00 51.43 171.43
2008_004339 3.493479 1.00 95.00 228.00 178.00 342.86 171.43
2008_004414 32.058670 33.00 87.00 441.00 344.00 188.57 171.43
2008_004414 2.063309 397.00 70.00 426.00 82.00 240.00 171.43
2008_004414 2.797216 424.00 67.00 449.00 80.00 102.86 171.43
2008_004464 3.202947 336.00 102.00 378.00 153.00 51.43 171.43
2008_004464 5.189311 1.00 1.00 184.00 411.00 0.00 171.43
2008_004482 1.427618 356.00 150.00 500.00 254.00 0.00 171.43
2008_004502 7.356589 148.00 120.00 189.00 152.00 0.00 171.43
2008_004549 5.468764 1.00 121.00 59.00 257.00 342.86 171.43
2008_004552 12.179520 1.00 1.00 375.00 160.00 222.86 171.43
2008_004605 4.219407 10.00 161.00 30.00 176.00 342.86 171.43
2008_004613 7.948644 477.00 210.00 500.00 264.00 342.86 171.43
2008_004614 6.315788 388.00 272.00 425.00 289.00 240.00 171.43
2008_004614 5.275051 337.00 273.00 377.00 291.00 240.00 171.43
2008_004614 2.053206 290.00 276.00 324.00 293.00 102.86 171.43
2008_004614 10.311124 280.00 285.00 467.00 373.00 51.43 171.43
2008_004614 2.980535 1.00 283.00 24.00 310.00 51.43 171.43
2008_004684 6.074303 1.00 5.00 466.00 500.00 171.43 171.43
2008_004711 9.380407 1.00 2.00 274.00 227.00 188.57 171.43
2008_004729 5.248537 331.00 133.00 500.00 247.00 291.43 171.43
2008_004729 5.900707 1.00 148.00 73.00 231.00 171.43 171.43
2008_004729 8.146475 57.00 91.00 344.00 253.00 325.71 171.43
2008_004832 3.583441 1.00 43.00 238.00 138.00 291.43 171.43
2008_004862 3.960109 1.00 93.00 113.00 270.00 34.29 171.43
2008_004862 5.238952 1.00 138.00 206.00 245.00 120.00 171.43
2008_004862 7.898611 142.00 143.00 248.00 208.00 188.57 171.43
2008_004862 4.316739 209.00 142.00 279.00 196.00 222.86 171.43
2008_004862 7.490821 396.00 127.00 435.00 147.00 205.71 171.43
2008_004923 25.111217 5.00 90.00 48.00 117.00 325.71 171.43
2008_004955 9.961275 65.00 142.00 434.00 259.00 34.29 171.43
2008_004955 8.128845 456.00 159.00 500.00 226.00 342.86 171.43
2008_004974 7.254344 168.00 133.00 337.00 247.00 17.14 171.43
2008_005032 10.976379 1.00 96.00 157.00 350.00 171.43 171.43
2008_005032 6.840370 67.00 131.00 221.00 276.00 171.43 171.43
2008_005054 3.746197 324.00 108.00 442.00 196.00 342.86 205.71
2008_005054 6.158645 127.00 114.00 216.00 203.00 154.29 188.57
2008_005054 9.656096 35.00 128.00 111.00 221.00 171.43 171.43
2008_005054 8.401419 232.00 105.00 342.00 203.00 342.86 188.57
2008_005054 3.360271 389.00 82.00 500.00 184.00 342.86 188.57
2008_005110 11.962002 154.00 141.00 398.00 295.00 342.86 171.43
2008_005139 6.720911 261.00 84.00 341.00 162.00 342.86 171.43
2008_005139 8.701715 113.00 108.00 214.00 188.00 0.00 171.43
2008_005139 5.367135 257.00 62.00 340.00 120.00 342.86 171.43
2008_005139 6.505951 143.00 66.00 236.00 153.00 0.00 171.43
2008_005139 5.911015 256.00 39.00 332.00 84.00 171.43 171.43
2008_005139 6.917089 270.00 8.00 327.00 60.00 171.43 171.43
2008_005139 6.339736 286.00 1.00 341.00 49.00 171.43 171.43
2008_005139 9.562767 23.00 78.00 123.00 155.00 0.00 171.43
2008_005139 7.965410 348.00 274.00 500.00 375.00 171.43 171.43
2008_005139 3.545506 373.00 173.00 500.00 279.00 205.71 171.43
2008_005139 6.239614 434.00 132.00 500.00 177.00 171.43 171.43
2008_005139 5.476993 412.00 109.00 500.00 177.00 222.86 171.43
2008_005139 7.639246 400.00 71.00 486.00 151.00 154.29 171.43
2008_005139 5.235386 394.00 54.00 470.00 116.00 342.86 171.43
2008_005139 7.995212 377.00 1.00 446.00 76.00 171.43 171.43
2008_005139 8.050186 476.00 18.00 500.00 79.00 342.86 171.43
2008_005139 5.449858 453.00 1.00 500.00 46.00 188.57 171.43
2008_005139 3.422696 1.00 116.00 43.00 183.00 0.00 171.43
2008_005166 2.698693 454.00 88.00 488.00 101.00 291.43 171.43
2008_005245 3.352775 243.00 144.00 337.00 181.00 342.86 171.43
2008_005245 5.117317 1.00 142.00 134.00 190.00 0.00 171.43
2008_005255 8.192684 68.00 182.00 157.00 215.00 222.86 171.43
2008_005277 9.176538 197.00 373.00 219.00 395.00 171.43 171.43
2008_005316 12.786228 244.00 233.00 312.00 279.00 188.57 171.43
2008_005316 18.584408 54.00 213.00 191.00 273.00 137.14 171.43
2008_005319 2.550961 1.00 197.00 205.00 317.00 240.00 171.43
2008_005356 1.899946 5.00 1.00 384.00 83.00 0.00 171.43
2008_005361 1.369614 417.00 94.00 459.00 127.00 137.14 171.43
2008_005378 13.799168 144.00 143.00 427.00 270.00 308.57 171.43
2008_005404 11.448439 91.00 35.00 483.00 306.00 325.71 188.57
2008_005446 5.369953 460.00 211.00 500.00 236.00 51.43 171.43
2008_005446 2.947158 444.00 207.00 481.00 222.00 51.43 171.43
2008_005472 6.338470 376.00 141.00 489.00 180.00 51.43 171.43
2008_005548 19.752995 148.00 97.00 411.00 257.00 342.86 171.43
2008_005612 14.628027 10.00 180.00 159.00 244.00 120.00 171.43
2008_005612 2.060419 141.00 193.00 217.00 249.00 342.86 171.43
2008_005638 11.614506 45.00 135.00 451.00 298.00 240.00 188.57
2008_005663 12.422236 44.00 69.00 425.00 435.00 0.00 171.43
2008_005686 18.768623 20.00 26.00 452.00 280.00 308.57 188.57
2008_005686 6.754715 1.00 36.00 49.00 137.00 0.00 171.43
2008_005721 3.150526 47.00 207.00 93.00 225.00 240.00 171.43
2008_005721 5.252640 1.00 209.00 45.00 226.00 102.86 171.43
2008_005721 11.541166 437.00 217.00 458.00 233.00 171.43 171.43
2008_005768 19.855673 39.00 256.00 293.00 394.00 0.00 171.43
2008_005796 5.911322 216.00 109.00 328.00 161.00 342.86 171.43
2008_005865 7.525807 5.00 194.00 419.00 335.00 0.00 171.43
2008_005865 3.747419 1.00 185.00 188.00 317.00 0.00 171.43
2008_005875 9.889524 63.00 52.00 434.00 277.00 342.86 171.43
2008_005889 5.141140 435.00 277.00 500.00 317.00 85.71 188.57
2008_005907 6.895957 88.00 220.00 228.00 269.00 240.00 171.43
2008_005936 3.105370 1.00 26.00 500.00 372.00 240.00 188.57
2008_005936 8.093241 264.00 1.00 472.00 82.00 240.00 171.43
2008_005936 4.099721 197.00 1.00 300.00 45.00 342.86 171.43
2008_005989 25.043320 75.00 118.00 392.00 260.00 137.14 171.43
2008_006017 4.401314 1.00 1.00 81.00 93.00 0.00 171.43
2008_006037 13.845737 83.00 178.00 141.00 210.00 171.43 171.43
2008_006071 5.402193 437.00 142.00 485.00 160.00 102.86 171.43
2008_006071 4.326883 311.00 133.00 359.00 152.00 240.00 171.43
2008_006071 1.230383 189.00 123.00 240.00 142.00 342.86 171.43
2008_006082 1.513875 1.00 321.00 105.00 375.00 51.43 171.43
2008_006082 21.767927 374.00 321.00 433.00 351.00 17.14 171.43
2008_006087 10.670406 424.00 170.00 453.00 187.00 342.86 171.43
2008_006087 7.450337 387.00 168.00 413.00 188.00 342.86 171.43
2008_006087 6.766241 354.00 172.00 381.00 189.00 154.29 171.43
2008_006087 6.839305 319.00 167.00 356.00 187.00 325.71 171.43
2008_006087 3.518441 264.00 163.00 302.00 178.00 205.71 171.43
2008_006222 11.584265 258.00 215.00 456.00 348.00 154.29 171.43
2008_006222 5.277421 1.00 231.00 103.00 270.00 0.00 171.43
2008_006222 6.297872 391.00 233.00 500.00 375.00 342.86 171.43
2008_006222 4.367221 419.00 241.00 471.00 266.00 0.00 171.43
2008_006240 8.485282 1.00 1.00 458.00 375.00 154.29 171.43
2008_006254 11.737214 26.00 164.00 358.00 416.00 342.86 171.43
2008_006275 7.302645 78.00 149.00 115.00 219.00 0.00 171.43
2008_006310 25.906111 176.00 134.00 230.00 182.00 171.43 171.43
2008_006316 6.653471 376.00 196.00 494.00 259.00 342.86 171.43
2008_006316 5.366728 321.00 190.00 448.00 264.00 342.86 171.43
2008_006316 7.026978 239.00 183.00 403.00 269.00 325.71 171.43
2008_006316 7.622387 136.00 186.00 345.00 279.00 308.57 171.43
2008_006316 16.528818 12.00 176.00 219.00 281.00 325.71 171.43
2008_006382 12.066145 1.00 163.00 400.00 375.00 325.71 171.43
2008_006392 3.370539 1.00 228.00 95.00 343.00 222.86 188.57
2008_006438 10.268881 88.00 20.00 404.00 286.00 0.00 171.43
2008_006438 5.221386 438.00 53.00 500.00 207.00 342.86 171.43
2008_006438 19.993710 363.00 16.00 476.00 84.00 154.29 171.43
2008_006438 6.655462 97.00 8.00 187.00 82.00 171.43 171.43
2008_006438 10.551004 1.00 1.00 52.00 80.00 171.43 171.43
2008_006526 9.280197 204.00 141.00 248.00 179.00 171.43 171.43
2008_006526 3.521656 87.00 128.00 137.00 155.00 291.43 171.43
2008_006600 9.712356 1.00 172.00 13.00 193.00 0.00 171.43
2008_006600 16.452003 416.00 173.00 463.00 200.00 17.14 171.43
2008_006642 16.426239 350.00 139.00 500.00 195.00 51.43 171.43
2008_006642 6.447289 84.00 128.00 289.00 189.00 85.71 171.43
2008_006642 4.675450 1.00 133.00 65.00 183.00 137.14 171.43
2008_006694 29.147057 3.00 51.00 495.00 399.00 17.14 171.43
2008_006714 26.125257 110.00 49.00 488.00 300.00 325.71 171.43
2008_006714 8.756174 50.00 46.00 163.00 102.00 154.29 171.43
2008_006714 10.520525 1.00 52.00 55.00 104.00 171.43 171.43
2008_006774 12.717134 34.00 104.00 458.00 304.00 51.43 188.57
2008_006800 14.255161 79.00 100.00 339.00 239.00 325.71 188.57
2008_006800 6.840075 349.00 78.00 376.00 96.00 342.86 171.43
2008_006833 14.732003 306.00 182.00 500.00 375.00 171.43 171.43
2008_006839 19.851067 29.00 79.00 112.00 128.00 0.00 171.43
2008_006844 19.708084 76.00 108.00 424.00 375.00 171.43 171.43
2008_006844 12.281475 422.00 183.00 500.00 243.00 154.29 171.43
2008_006844 8.724410 30.00 183.00 86.00 243.00 0.00 171.43
2008_006885 11.602567 68.00 53.00 433.00 154.00 68.57 171.43
2008_006907 22.579391 121.00 210.00 221.00 253.00 137.14 171.43
2008_006907 4.663088 1.00 191.00 89.00 255.00 0.00 171.43
2008_006959 34.093002 21.00 210.00 124.00 281.00 154.29 171.43
2008_006986 13.763522 42.00 98.00 447.00 289.00 308.57 188.57
2008_006989 21.308239 79.00 116.00 180.00 154.00 222.86 171.43
2008_006989 7.508371 295.00 117.00 333.00 143.00 0.00 171.43
2008_007034 6.877347 19.00 24.00 479.00 246.00 0.00 171.43
2008_007064 21.131821 1.00 24.00 494.00 310.00 17.14 188.57
2008_007064 7.427096 407.00 4.00 500.00 125.00 0.00 171.43
2008_007119 14.431295 1.00 24.00 474.00 375.00 0.00 171.43
2008_007133 17.043665 89.00 288.00 165.00 321.00 17.14 171.43
2008_007133 4.045144 164.00 285.00 217.00 305.00 102.86 171.43
2008_007167 11.441189 206.00 131.00 456.00 248.00 51.43 188.57
2008_007171 33.662865 77.00 118.00 363.00 297.00 188.57 171.43
2008_007181 3.551652 395.00 296.00 478.00 346.00 222.86 171.43
2008_007195 2.775417 1.00 288.00 72.00 359.00 257.14 171.43
2008_007214 9.034669 12.00 75.00 307.00 235.00 120.00 188.57
2008_007225 4.608587 1.00 317.00 75.00 346.00 120.00 171.43
2008_007227 6.271880 201.00 210.00 262.00 249.00 0.00 171.43
2008_007241 5.850075 147.00 1.00 500.00 280.00 308.57 188.57
2008_007264 4.553977 196.00 33.00 441.00 156.00 171.43 171.43
2008_007295 3.842442 47.00 200.00 141.00 249.00 257.14 171.43
2008_007311 4.594935 306.00 1.00 500.00 115.00 342.86 171.43
2008_007314 12.393274 271.00 303.00 315.00 338.00 171.43 171.43
2008_007314 10.556946 130.00 293.00 211.00 345.00 171.43 171.43
2008_007314 6.462973 216.00 304.00 233.00 320.00 171.43 171.43
2008_007314 7.500972 241.00 304.00 257.00 318.00 171.43 171.43
2008_007323 3.009738 269.00 141.00 298.00 156.00 137.14 171.43
2008_007352 3.856624 14.00 201.00 134.00 235.00 240.00 171.43
2008_007352 22.058563 316.00 194.00 414.00 257.00 154.29 171.43
2008_007389 11.575438 82.00 123.00 414.00 240.00 274.29 171.43
2008_007409 19.722126 422.00 161.00 500.00 259.00 171.43 171.43
2008_007431 14.826767 119.00 173.00 253.00 232.00 240.00 188.57
2008_007431 25.753914 288.00 176.00 343.00 207.00 154.29 171.43
2008_007466 10.132160 75.00 165.00 410.00 290.00 274.29 171.43
2008_007478 8.033021 348.00 63.00 393.00 120.00 0.00 171.43
2008_007480 12.655113 256.00 269.00 364.00 332.00 154.29 171.43
2008_007488 4.149537 1.00 234.00 50.00 286.00 257.14 171.43
2008_007488 12.774674 446.00 230.00 500.00 258.00 51.43 188.57
2008_007488 3.711258 417.00 239.00 451.00 292.00 171.43 171.43
2008_007529 13.608675 21.00 28.00 280.00 210.00 342.86 188.57
2008_007534 8.446687 454.00 42.00 500.00 78.00 51.43 171.43
2008_007558 4.139004 1.00 1.00 169.00 254.00 0.00 171.43
2008_007595 3.760801 240.00 250.00 329.00 382.00 154.29 171.43
2008_007595 5.452601 270.00 237.00 375.00 411.00 171.43 171.43
2008_007595 8.442033 93.00 333.00 127.00 360.00 0.00 171.43
2008_007716 10.059164 1.00 1.00 193.00 266.00 171.43 171.43
2008_007739 5.710567 266.00 7.00 500.00 243.00 205.71 188.57
2008_007757 5.523838 16.00 72.00 422.00 333.00 17.14 188.57
2008_007791 18.530182 41.00 134.00 237.00 235.00 325.71 171.43
2008_007791 18.582594 227.00 142.00 453.00 236.00 308.57 171.43
2008_007793 9.754166 31.00 194.00 497.00 350.00 68.57 171.43
2008_007804 8.035784 152.00 219.00 500.00 362.00 51.43 188.57
2008_007804 10.553513 188.00 198.00 292.00 240.00 291.43 171.43
2008_007804 21.438335 160.00 201.00 195.00 229.00 325.71 171.43
2008_007804 4.969563 293.00 200.00 318.00 213.00 171.43 171.43
2008_007804 14.898359 271.00 200.00 295.00 212.00 154.29 171.43
2008_007804 10.160089 317.00 201.00 336.00 214.00 154.29 171.43
2008_007804 7.734531 137.00 199.00 149.00 212.00 0.00 171.43
2008_007804 9.977264 69.00 193.00 88.00 215.00 171.43 171.43
2008_007804 3.102832 216.00 187.00 271.00 206.00 0.00 171.43
2008_007872 10.764025 1.00 281.00 271.00 375.00 120.00 171.43
2008_007981 17.698952 6.00 56.00 498.00 300.00 51.43 188.57
2008_008001 4.430030 425.00 198.00 500.00 259.00 68.57 188.57
2008_008024 5.514108 33.00 1.00 301.00 117.00 342.86 171.43
2008_008127 6.505016 207.00 118.00 246.00 144.00 342.86 171.43
2008_008141 12.345222 109.00 161.00 174.00 193.00 308.57 171.43
2008_008177 15.241880 405.00 125.00 500.00 174.00 34.29 171.43
2008_008210 16.915045 355.00 139.00 459.00 178.00 137.14 171.43
2008_008210 10.554611 34.00 152.00 67.00 174.00 342.86 171.43
2008_008210 4.932868 58.00 151.00 85.00 169.00 0.00 171.43
2008_008210 10.635328 86.00 151.00 111.00 165.00 171.43 171.43
2008_008210 9.691328 111.00 150.00 135.00 163.00 171.43 171.43
2008_008246 2.348669 1.00 123.00 222.00 245.00 291.43 171.43
2008_008357 5.231086 234.00 115.00 344.00 205.00 154.29 171.43
2008_008501 10.667489 154.00 160.00 275.00 232.00 188.57 171.43
2008_008659 8.982809 144.00 248.00 198.00 275.00 205.71 171.43
2008_008662 11.956465 34.00 29.00 92.00 56.00 17.14 171.43
2008_008679 2.779164 406.00 243.00 500.00 365.00 120.00 171.43
2008_008679 10.201739 350.00 256.00 436.00 318.00 154.29 171.43
2008_008679 8.546217 295.00 261.00 327.00 284.00 154.29 171.43
2008_008679 16.203876 1.00 243.00 116.00 321.00 17.14 171.43
2008_008679 9.454551 111.00 256.00 160.00 297.00 0.00 171.43
2009_000060 6.518713 479.00 184.00 500.00 233.00 171.43 171.43
2009_000078 5.272648 95.00 117.00 404.00 225.00 291.43 171.43
2009_000089 10.109500 1.00 202.00 85.00 300.00 154.29 171.43
2009_000089 4.588313 460.00 189.00 500.00 227.00 291.43 171.43
2009_000097 6.951575 36.00 162.00 135.00 199.00 137.14 171.43
2009_000097 5.973534 411.00 152.00 467.00 179.00 120.00 171.43
2009_000097 2.639685 462.00 156.00 492.00 179.00 188.57 171.43
2009_000121 9.997557 162.00 356.00 254.00 419.00 17.14 171.43
2009_000165 13.222172 139.00 139.00 262.00 218.00 171.43 171.43
2009_000169 2.237845 239.00 53.00 315.00 79.00 222.86 171.43
2009_000169 1.825638 167.00 60.00 218.00 75.00 342.86 171.43
2009_000212 1.783795 194.00 192.00 268.00 226.00 240.00 171.43
2009_000212 5.418287 190.00 177.00 227.00 205.00 342.86 171.43
2009_000212 2.595322 254.00 172.00 298.00 197.00 0.00 171.43
2009_000225 6.485764 1.00 230.00 59.00 266.00 342.86 171.43
2009_000225 10.226830 48.00 237.00 110.00 268.00 342.86 171.43
2009_000225 3.679219 87.00 235.00 156.00 271.00 0.00 171.43
2009_000225 2.217512 143.00 246.00 200.00 273.00 308.57 171.43
2009_000225 4.950332 173.00 245.00 228.00 275.00 325.71 171.43
2009_000225 6.011950 234.00 254.00 252.00 273.00 342.86 171.43
2009_000225 3.212823 330.00 258.00 370.00 281.00 188.57 171.43
2009_000225 6.861673 295.00 261.00 307.00 275.00 342.86 171.43
2009_000282 4.761046 148.00 129.00 176.00 150.00 0.00 171.43
2009_000283 16.075506 1.00 74.00 33.00 100.00 188.57 171.43
2009_000288 7.916246 119.00 29.00 390.00 301.00 0.00 171.43
2009_000288 5.494589 1.00 94.00 99.00 132.00 0.00 171.43
2009_000288 3.522440 447.00 65.00 475.00 149.00 342.86 171.43
2009_000335 6.843550 411.00 184.00 500.00 254.00 0.00 171.43
2009_000397 11.421375 172.00 207.00 446.00 290.00 240.00 171.43
2009_000399 11.733225 115.00 104.00 454.00 256.00 102.86 171.43
2009_000402 3.396595 3.00 1.00 500.00 237.00 274.29 171.43
2009_000457 12.848545 332.00 128.00 500.00 209.00 51.43 171.43
2009_000461 4.696062 375.00 144.00 458.00 176.00 342.86 171.43
2009_000461 3.241642 134.00 147.00 220.00 178.00 0.00 171.43
2009_000523 16.928795 10.00 177.00 375.00 480.00 342.86 171.43
2009_000542 1.992235 53.00 200.00 200.00 256.00 342.86 171.43
2009_000542 12.360704 57.00 208.00 392.00 362.00 120.00 188.57
2009_000568 4.644148 471.00 139.00 500.00 153.00 34.29 171.43
2009_000631 8.356665 32.00 1.00 500.00 242.00 0.00 171.43
2009_000683 23.546751 201.00 95.00 435.00 256.00 342.86 171.43
2009_000683 8.803776 74.00 194.00 141.00 235.00 0.00 171.43
2009_000726 16.489803 55.00 89.00 380.00 267.00 222.86 171.43
2009_000726 2.203851 1.00 129.00 102.00 245.00 51.43 171.43
2009_000726 7.511393 430.00 137.00 500.00 227.00 0.00 171.43
2009_000741 3.164980 413.00 56.00 500.00 133.00 291.43 171.43
2009_000741 10.299532 6.00 38.00 500.00 375.00 291.43 188.57
2009_000821 4.375622 1.00 1.00 500.00 306.00 308.57 171.43
2009_000825 6.783023 115.00 127.00 386.00 254.00 0.00 171.43
2009_000886 8.280708 379.00 193.00 450.00 255.00 137.14 171.43
2009_000886 2.526424 438.00 212.00 500.00 271.00 291.43 171.43
2009_000886 19.170906 85.00 171.00 105.00 191.00 154.29 171.43
2009_000886 18.482105 66.00 170.00 88.00 187.00 154.29 171.43
2009_000904 8.915913 275.00 185.00 300.00 200.00 0.00 171.43
2009_000948 15.481293 133.00 124.00 448.00 237.00 34.29 171.43
2009_000948 5.154702 273.00 97.00 323.00 124.00 342.86 171.43
2009_000954 4.762877 260.00 289.00 296.00 333.00 205.71 171.43
2009_001026 5.884607 474.00 121.00 500.00 145.00 342.86 171.43
2009_001026 4.871756 407.00 125.00 433.00 144.00 0.00 171.43
2009_001026 2.937307 45.00 115.00 78.00 135.00 0.00 171.43
2009_001083 2.170051 319.00 163.00 361.00 214.00 342.86 171.43
2009_001083 3.709885 347.00 169.00 379.00 213.00 0.00 171.43
2009_001097 11.098909 227.00 1.00 312.00 30.00 34.29 171.43
2009_001097 3.473837 56.00 13.00 219.00 68.00 0.00 171.43
2009_001097 20.171856 85.00 51.00 426.00 241.00 120.00 188.57
2009_001113 5.152064 401.00 132.00 420.00 147.00 171.43 171.43
2009_001113 7.320493 466.00 132.00 479.00 142.00 0.00 171.43
2009_001113 10.201508 488.00 132.00 500.00 147.00 342.86 171.43
2009_001240 7.520306 1.00 225.00 205.00 341.00 240.00 188.57
2009_001245 5.662867 35.00 209.00 45.00 221.00 342.86 171.43
2009_001255 3.522623 19.00 1.00 500.00 172.00 51.43 171.43
2009_001321 7.097937 47.00 271.00 63.00 282.00 188.57 171.43
2009_001519 6.620650 366.00 231.00 394.00 245.00 0.00 171.43
2009_001519 8.126284 403.00 220.00 411.00 244.00 171.43 171.43
2009_001519 6.575356 1.00 189.00 132.00 333.00 171.43 171.43
2009_001536 1.627894 61.00 55.00 397.00 261.00 325.71 171.43
2009_001591 22.185081 14.00 285.00 327.00 446.00 17.14 171.43
2009_001675 4.886406 1.00 165.00 74.00 331.00 0.00 171.43
2009_001767 25.688671 143.00 112.00 322.00 213.00 325.71 171.43
2009_001811 4.031026 1.00 271.00 42.00 364.00 0.00 171.43
2009_001811 3.924226 1.00 187.00 102.00 282.00 51.43 171.43
2009_001811 2.860455 1.00 172.00 97.00 231.00 51.43 171.43
2009_001811 3.780988 94.00 178.00 120.00 195.00 137.14 171.43
2009_001820 5.463377 199.00 160.00 303.00 189.00 274.29 171.43
2009_001945 3.355253 20.00 156.00 332.00 500.00 137.14 188.57
2009_001945 7.119936 52.00 134.00 143.00 179.00 154.29 171.43
2009_001984 4.430356 367.00 1.00 500.00 168.00 0.00 171.43
2009_001984 3.423469 68.00 1.00 369.00 101.00 154.29 188.57
2009_001988 17.626152 21.00 120.00 474.00 299.00 291.43 171.43
2009_002058 5.569509 1.00 181.00 142.00 484.00 0.00 171.43
2009_002073 13.119026 28.00 80.00 477.00 232.00 51.43 171.43
2009_002128 7.169850 453.00 228.00 479.00 319.00 342.86 171.43
2009_002128 9.912844 70.00 184.00 154.00 243.00 154.29 171.43
2009_002128 3.735783 25.00 201.00 54.00 248.00 342.86 171.43
2009_002128 5.962348 47.00 188.00 85.00 239.00 188.57 171.43
2009_002164 18.030590 130.00 115.00 414.00 278.00 308.57 171.43
2009_002212 6.141274 120.00 60.00 166.00 94.00 154.29 171.43
2009_002238 2.573487 390.00 194.00 500.00 268.00 102.86 171.43
2009_002239 6.295000 1.00 261.00 141.00 367.00 0.00 171.43
2009_002267 12.113126 1.00 1.00 472.00 202.00 137.14 171.43
2009_002380 7.580192 48.00 44.00 375.00 417.00 0.00 171.43
2009_002436 6.219040 473.00 189.00 493.00 210.00 0.00 171.43
2009_002436 9.002543 442.00 193.00 462.00 209.00 171.43 171.43
2009_002517 8.949977 415.00 194.00 500.00 296.00 342.86 171.43
2009_002524 4.941629 365.00 183.00 500.00 222.00 51.43 171.43
2009_002532 4.107105 47.00 249.00 70.00 272.00 342.86 171.43
2009_002570 5.439986 439.00 168.00 500.00 246.00 342.86 171.43
2009_002618 6.801526 1.00 110.00 193.00 333.00 205.71 188.57
2009_002632 9.178321 142.00 52.00 417.00 254.00 342.86 171.43
2009_002711 4.073829 1.00 1.00 447.00 291.00 291.43 171.43
2009_002711 4.614096 454.00 14.00 500.00 142.00 0.00 171.43
2009_002744 7.515534 403.00 51.00 497.00 106.00 325.71 171.43
2009_002744 4.511793 298.00 59.00 490.00 226.00 342.86 171.43
2009_002777 2.014776 230.00 166.00 461.00 345.00 171.43 171.43
2009_002806 2.766670 262.00 119.00 500.00 252.00 342.86 171.43
2009_002841 4.393983 182.00 366.00 193.00 399.00 171.43 171.43
2009_002894 5.361652 272.00 245.00 334.00 403.00 342.86 171.43
2009_002894 6.865390 1.00 259.00 40.00 382.00 0.00 171.43
2009_002960 3.138195 2.00 25.00 315.00 320.00 171.43 171.43
2009_002960 6.044116 439.00 93.00 500.00 261.00 308.57 171.43
2009_002990 15.292093 28.00 89.00 465.00 258.00 51.43 188.57
2009_003003 7.524902 13.00 20.00 356.00 255.00 308.57 188.57
2009_003020 10.192171 146.00 162.00 276.00 256.00 188.57 171.43
2009_003031 21.768761 24.00 70.00 475.00 307.00 325.71 188.57
2009_003058 12.168470 82.00 146.00 333.00 365.00 0.00 171.43
2009_003132 22.514820 58.00 346.00 253.00 431.00 240.00 171.43
2009_003132 4.303463 219.00 347.00 256.00 360.00 342.86 171.43
2009_003183 14.671560 89.00 293.00 192.00 373.00 0.00 171.43
2009_003212 13.158861 24.00 203.00 68.00 241.00 154.29 171.43
2009_003212 12.865316 40.00 206.00 103.00 256.00 154.29 171.43
2009_003212 11.234782 71.00 209.00 197.00 279.00 325.71 171.43
2009_003212 16.315092 168.00 209.00 469.00 351.00 325.71 188.57
2009_003238 9.789169 281.00 97.00 500.00 240.00 51.43 171.43
2009_003255 12.501787 32.00 21.00 481.00 306.00 137.14 188.57
2009_003255 4.735502 261.00 15.00 500.00 191.00 342.86 171.43
2009_003255 3.948885 35.00 19.00 328.00 84.00 0.00 171.43
2009_003255 2.057193 234.00 3.00 309.00 49.00 342.86 171.43
2009_003255 2.602868 128.00 9.00 224.00 48.00 342.86 171.43
2009_003269 5.750199 207.00 189.00 267.00 273.00 0.00 171.43
2009_003376 13.276691 13.00 35.00 495.00 316.00 342.86 188.57
2009_003376 7.527271 279.00 45.00 500.00 206.00 342.86 171.43
2009_003387 4.971839 1.00 114.00 500.00 332.00 342.86 171.43
2009_003387 4.418245 2.00 96.00 94.00 188.00 0.00 171.43
2009_003406 17.019081 20.00 96.00 414.00 250.00 240.00 171.43
2009_003500 16.905437 45.00 2.00 415.00 333.00 342.86 188.57
2009_003549 20.092373 45.00 50.00 469.00 238.00 308.57 171.43
2009_003560 5.949267 264.00 150.00 305.00 178.00 342.86 171.43
2009_003566 5.682673 23.00 197.00 56.00 207.00 0.00 171.43
2009_003589 21.173294 31.00 92.00 469.00 312.00 325.71 171.43
2009_003592 5.128925 468.00 206.00 500.00 239.00 0.00 171.43
2009_003633 3.067873 393.00 84.00 500.00 136.00 342.86 171.43
2009_003725 1.995042 130.00 262.00 266.00 293.00 342.86 171.43
2009_003725 4.044361 241.00 255.00 387.00 290.00 342.86 171.43
2009_003725 5.895550 368.00 240.00 469.00 289.00 342.86 171.43
2009_003781 12.254442 378.00 170.00 429.00 196.00 102.86 171.43
2009_003781 9.048077 429.00 170.00 500.00 200.00 102.86 171.43
2009_003802 9.119382 401.00 57.00 500.00 375.00 0.00 188.57
2009_003814 26.316744 49.00 37.00 428.00 223.00 325.71 171.43
2009_003822 6.707433 465.00 93.00 500.00 144.00 171.43 171.43
2009_003879 4.340663 1.00 1.00 162.00 60.00 222.86 171.43
2009_003905 2.456051 249.00 126.00 333.00 178.00 342.86 171.43
2009_003905 4.711938 129.00 159.00 153.00 171.00 342.86 171.43
2009_003977 3.001670 106.00 67.00 429.00 319.00 137.14 171.43
2009_003977 9.813428 375.00 163.00 479.00 223.00 291.43 171.43
2009_003977 5.411728 437.00 168.00 499.00 207.00 291.43 171.43
2009_004102 22.209341 51.00 66.00 444.00 296.00 17.14 171.43
2009_004102 5.330547 21.00 102.00 154.00 183.00 154.29 171.43
2009_004175 17.228346 250.00 157.00 330.00 208.00 154.29 171.43
2009_004197 10.460273 477.00 228.00 500.00 248.00 0.00 171.43
2009_004224 4.712627 360.00 136.00 500.00 271.00 68.57 171.43
2009_004224 15.774646 111.00 119.00 354.00 245.00 308.57 171.43
2009_004224 7.767531 1.00 138.00 63.00 224.00 0.00 171.43
2009_004232 9.836084 1.00 48.00 213.00 243.00 0.00 171.43
2009_004232 10.486208 23.00 1.00 499.00 368.00 0.00 171.43
2009_004258 7.735082 2.00 173.00 57.00 195.00 240.00 171.43
2009_004272 36.453209 161.00 68.00 389.00 208.00 154.29 171.43
2009_004303 5.980066 422.00 4.00 493.00 28.00 342.86 171.43
2009_004303 2.298445 266.00 1.00 379.00 60.00 0.00 171.43
2009_004303 11.858868 82.00 1.00 385.00 235.00 0.00 171.43
2009_004364 8.227633 420.00 58.00 500.00 147.00 171.43 171.43
2009_004364 6.392797 455.00 27.00 500.00 75.00 342.86 171.43
2009_004364 3.033110 305.00 55.00 403.00 96.00 102.86 171.43
2009_004364 14.589388 255.00 56.00 322.00 89.00 137.14 171.43
2009_004364 13.757107 191.00 63.00 224.00 85.00 154.29 171.43
2009_004364 17.406536 129.00 61.00 211.00 111.00 325.71 171.43
2009_004436 15.395901 1.00 85.00 491.00 374.00 120.00 171.43
2009_004440 2.087119 13.00 173.00 25.00 212.00 342.86 171.43
2009_004455 2.223685 1.00 74.00 90.00 146.00 137.14 171.43
2009_004455 2.693436 60.00 67.00 153.00 114.00 102.86 171.43
2009_004471 15.348948 41.00 109.00 463.00 286.00 205.71 171.43
2009_004471 3.946891 398.00 135.00 500.00 174.00 0.00 171.43
2009_004471 3.104290 441.00 141.00 500.00 224.00 137.14 171.43
2009_004494 15.790928 262.00 1.00 323.00 66.00 171.43 171.43
2009_004494 8.676624 395.00 6.00 474.00 37.00 240.00 171.43
2009_004518 4.142069 325.00 57.00 340.00 68.00 342.86 171.43
2009_004518 2.541117 290.00 56.00 306.00 65.00 171.43 171.43
2009_004518 6.444864 127.00 61.00 153.00 71.00 205.71 171.43
2009_004518 6.291389 53.00 94.00 103.00 129.00 205.71 171.43
2009_004532 2.985512 385.00 81.00 459.00 124.00 120.00 171.43
2009_004532 5.386742 380.00 90.00 429.00 129.00 342.86 171.43
2009_004556 15.681627 2.00 93.00 500.00 296.00 222.86 171.43
2009_004567 3.346383 1.00 184.00 30.00 215.00 51.43 171.43
2009_004567 3.785782 28.00 191.00 47.00 210.00 240.00 171.43
2009_004567 3.214445 120.00 185.00 145.00 208.00 0.00 171.43
2009_004594 12.172106 91.00 30.00 393.00 301.00 0.00 171.43
2009_004630 12.861877 48.00 252.00 179.00 302.00 51.43 171.43
2009_004630 5.607116 16.00 253.00 100.00 294.00 205.71 171.43
2009_004630 5.333448 2.00 262.00 22.00 288.00 0.00 171.43
2009_004630 4.577630 1.00 249.00 39.00 268.00 0.00 171.43
2009_004630 4.804118 187.00 253.00 227.00 276.00 0.00 171.43
2009_004630 9.705661 211.00 245.00 276.00 279.00 34.29 171.43
2009_004630 17.076616 236.00 253.00 305.00 280.00 222.86 171.43
2009_004630 4.057014 278.00 248.00 316.00 265.00 342.86 171.43
2009_004630 1.456148 302.00 254.00 334.00 269.00 171.43 171.43
2009_004630 5.847906 310.00 250.00 370.00 283.00 205.71 171.43
2009_004630 2.912998 363.00 253.00 398.00 264.00 342.86 171.43
2009_004630 4.696830 483.00 253.00 500.00 274.00 342.86 171.43
2009_004630 1.449077 417.00 252.00 456.00 263.00 137.14 171.43
2009_004630 4.531476 444.00 247.00 471.00 265.00 0.00 171.43
2009_004748 13.847378 57.00 106.00 475.00 316.00 17.14 171.43
2009_004748 5.149471 1.00 165.00 61.00 191.00 171.43 171.43
2009_004822 4.587139 1.00 1.00 144.00 89.00 0.00 171.43
2009_004822 8.494720 166.00 1.00 500.00 70.00 342.86 171.43
2009_004872 16.314579 176.00 166.00 252.00 197.00 325.71 171.43
2009_004913 5.057101 9.00 186.00 493.00 316.00 274.29 171.43
2009_004933 8.802866 1.00 1.00 106.00 117.00 188.57 171.43
2009_004933 6.611519 92.00 1.00 264.00 120.00 0.00 171.43
2009_004933 26.100328 285.00 25.00 397.00 124.00 171.43 171.43
2009_005025 14.345886 12.00 94.00 230.00 207.00 325.71 171.43
2009_005036 3.712001 368.00 191.00 488.00 238.00 137.14 171.43
2009_005036 15.147758 50.00 189.00 87.00 211.00 154.29 171.43
2009_005060 2.997988 29.00 189.00 106.00 225.00 154.29 171.43
2009_005086 9.902217 385.00 163.00 500.00 242.00 51.43 171.43
2009_005104 18.583994 66.00 35.00 455.00 311.00 325.71 188.57
2009_005215 4.830878 371.00 206.00 426.00 219.00 68.57 171.43
2009_005242 15.254769 23.00 34.00 500.00 333.00 0.00 171.43
2009_005279 3.226030 425.00 247.00 500.00 278.00 51.43 171.43
2009_005294 6.409749 77.00 210.00 187.00 266.00 171.43 171.43
2009_005294 6.788772 318.00 220.00 444.00 296.00 34.29 171.43
2009_005294 30.296295 36.00 212.00 328.00 375.00 17.14 171.43
2010_000036 17.324888 33.00 93.00 450.00 318.00 325.71 171.43
2010_000160 29.678249 17.00 24.00 482.00 368.00 188.57 171.43
2010_000194 19.099869 355.00 117.00 413.00 155.00 188.57 171.43
2010_000194 5.628953 192.00 117.00 229.00 146.00 222.86 171.43
2010_000211 6.496569 9.00 12.00 500.00 323.00 137.14 188.57
2010_000246 8.215349 251.00 38.00 500.00 290.00 17.14 188.57
2010_000246 9.714554 24.00 33.00 369.00 235.00 51.43 188.57
2010_000246 7.656937 1.00 1.00 261.00 187.00 51.43 171.43
2010_000279 7.589390 32.00 1.00 500.00 439.00 154.29 171.43
2010_000336 11.710522 1.00 1.00 500.00 375.00 342.86 171.43
2010_000372 1.933376 306.00 133.00 432.00 205.00 291.43 188.57
2010_000372 17.667587 18.00 126.00 432.00 303.00 120.00 171.43
2010_000372 5.613985 301.00 108.00 432.00 157.00 342.86 171.43
2010_000381 11.038504 13.00 101.00 490.00 273.00 291.43 171.43
2010_000381 5.252770 307.00 98.00 500.00 186.00 308.57 171.43
2010_000493 12.697617 279.00 156.00 357.00 214.00 17.14 171.43
2010_000524 6.207942 1.00 183.00 51.00 227.00 171.43 171.43
2010_000526 6.732426 1.00 1.00 500.00 375.00 17.14 188.57
2010_000530 10.609213 157.00 242.00 376.00 349.00 274.29 171.43
2010_000530 2.999886 168.00 203.00 237.00 230.00 240.00 171.43
2010_000582 3.453203 1.00 41.00 459.00 375.00 0.00 171.43
2010_000590 14.927234 59.00 102.00 239.00 290.00 0.00 171.43
2010_000590 7.246101 246.00 180.00 290.00 205.00 137.14 171.43
2010_000590 4.440043 227.00 182.00 258.00 211.00 137.14 171.43
2010_000604 5.339236 14.00 28.00 109.00 125.00 222.86 171.43
2010_000604 8.013018 35.00 84.00 454.00 279.00 17.14 171.43
2010_000628 21.469250 148.00 213.00 312.00 293.00 205.71 171.43
2010_000682 7.416223 41.00 116.00 86.00 137.00 291.43 171.43
2010_000689 5.290840 38.00 1.00 168.00 76.00 205.71 188.57
2010_000689 2.732456 1.00 89.00 63.00 181.00 0.00 222.86
2010_000711 7.031710 46.00 1.00 500.00 172.00 342.86 171.43
2010_000722 6.888559 21.00 102.00 486.00 389.00 34.29 171.43
2010_000865 4.514502 1.00 172.00 16.00 208.00 0.00 171.43
2010_000928 12.077395 204.00 175.00 333.00 225.00 68.57 171.43
2010_000947 6.390622 460.00 221.00 500.00 257.00 291.43 171.43
2010_000952 12.568745 46.00 57.00 479.00 309.00 325.71 188.57
2010_001080 26.980839 44.00 121.00 490.00 375.00 17.14 171.43
2010_001117 14.385950 339.00 55.00 500.00 122.00 120.00 171.43
2010_001117 10.292723 58.00 74.00 411.00 276.00 325.71 188.57
2010_001117 15.190496 1.00 55.00 45.00 88.00 342.86 171.43
2010_001117 3.964082 102.00 64.00 155.00 91.00 342.86 171.43
2010_001117 19.585091 63.00 60.00 119.00 91.00 154.29 171.43
2010_001163 5.716150 208.00 154.00 500.00 376.00 102.86 171.43
2010_001163 4.640249 1.00 280.00 259.00 376.00 0.00 171.43
2010_001220 5.119971 1.00 1.00 500.00 375.00 0.00 171.43
2010_001246 9.874923 418.00 218.00 458.00 247.00 0.00 171.43
2010_001315 18.193134 99.00 79.00 424.00 215.00 17.14 171.43
2010_001321 3.336098 417.00 190.00 500.00 244.00 102.86 171.43
2010_001321 4.951702 310.00 192.00 424.00 252.00 154.29 171.43
2010_001321 17.042732 184.00 183.00 343.00 258.00 137.14 171.43
2010_001394 12.418312 2.00 16.00 496.00 318.00 325.71 188.57
2010_001403 22.550690 1.00 204.00 111.00 304.00 171.43 171.43
2010_001449 10.177025 2.00 119.00 391.00 354.00 51.43 188.57
2010_001453 9.992641 1.00 182.00 38.00 210.00 342.86 171.43
2010_001536 11.697228 309.00 268.00 490.00 322.00 102.86 171.43
2010_001553 5.147915 47.00 1.00 358.00 191.00 17.14 171.43
2010_001668 13.691811 66.00 176.00 445.00 301.00 308.57 171.43
2010_001669 3.752662 22.00 150.00 77.00 202.00 342.86 171.43
2010_001685 12.704138 18.00 22.00 485.00 333.00 325.71 188.57
2010_001685 5.554984 340.00 1.00 500.00 114.00 291.43 171.43
2010_001685 14.833738 227.00 1.00 298.00 20.00 17.14 171.43
2010_001685 6.596828 130.00 1.00 219.00 30.00 34.29 171.43
2010_001685 14.859390 1.00 1.00 134.00 55.00 34.29 171.43
2010_001757 7.648417 163.00 172.00 500.00 375.00 308.57 188.57
2010_001767 4.237735 1.00 34.00 215.00 142.00 68.57 171.43
2010_001821 20.839680 284.00 275.00 439.00 363.00 17.14 171.43
2010_001821 1.923449 439.00 279.00 483.00 300.00 120.00 171.43
2010_001828 2.918837 1.00 46.00 492.00 281.00 240.00 171.43
2010_001893 12.998589 96.00 119.00 410.00 241.00 34.29 171.43
2010_001954 20.909622 131.00 41.00 415.00 234.00 0.00 171.43
2010_001966 13.950329 58.00 245.00 96.00 275.00 171.43 171.43
2010_001966 5.140440 83.00 244.00 102.00 265.00 0.00 171.43
2010_001998 8.431086 47.00 117.00 460.00 280.00 102.86 171.43
2010_001998 7.361299 396.00 105.00 439.00 134.00 171.43 171.43
2010_001998 4.904770 424.00 100.00 500.00 165.00 137.14 171.43
2010_002017 2.702129 295.00 59.00 500.00 247.00 0.00 171.43
2010_002046 13.393148 293.00 115.00 433.00 165.00 51.43 171.43
2010_002046 12.926243 87.00 119.00 200.00 164.00 51.43 171.43
2010_002048 7.397500 104.00 108.00 460.00 263.00 274.29 171.43
2010_002175 14.129120 84.00 299.00 331.00 466.00 34.29 171.43
2010_002194 2.986325 186.00 153.00 290.00 193.00 0.00 171.43
2010_002194 5.311882 46.00 165.00 283.00 259.00 291.43 188.57
2010_002279 9.581593 1.00 1.00 446.00 240.00 325.71 188.57
2010_002361 5.563122 317.00 55.00 500.00 242.00 342.86 171.43
2010_002361 8.717609 12.00 50.00 488.00 342.00 325.71 188.57
2010_002409 7.774944 270.00 72.00 480.00 259.00 342.86 171.43
2010_002409 13.191515 1.00 65.00 156.00 216.00 342.86 171.43
2010_002409 13.036692 88.00 94.00 405.00 311.00 325.71 171.43
2010_002516 7.758329 439.00 101.00 500.00 141.00 51.43 171.43
2010_002516 3.158910 200.00 92.00 255.00 112.00 0.00 171.43
2010_002516 10.522125 82.00 87.00 205.00 156.00 17.14 171.43
2010_002516 4.059691 1.00 88.00 88.00 183.00 51.43 171.43
2010_002516 2.718244 280.00 94.00 387.00 145.00 0.00 171.43
2010_002516 16.872982 19.00 106.00 382.00 346.00 0.00 188.57
2010_002546 6.543865 334.00 163.00 367.00 210.00 291.43 171.43
2010_002578 17.203341 107.00 105.00 479.00 266.00 291.43 171.43
2010_002579 7.612161 389.00 259.00 497.00 320.00 51.43 171.43
2010_002598 17.726543 1.00 10.00 428.00 327.00 325.71 171.43
2010_002783 5.830775 1.00 134.00 500.00 326.00 342.86 171.43
2010_002790 4.223745 249.00 66.00 500.00 263.00 308.57 171.43
2010_002790 13.379629 52.00 55.00 406.00 340.00 325.71 188.57
2010_002807 10.834345 420.00 47.00 491.00 103.00 342.86 171.43
2010_002902 9.867828 62.00 35.00 395.00 290.00 0.00 171.43
2010_002902 5.464133 1.00 73.00 70.00 220.00 0.00 171.43
2010_002929 23.852810 6.00 57.00 454.00 314.00 137.14 188.57
2010_002929 3.280600 1.00 75.00 52.00 123.00 17.14 171.43
2010_002929 2.546536 30.00 76.00 74.00 111.00 102.86 171.43
2010_002985 4.485873 234.00 173.00 272.00 188.00 171.43 171.43
2010_002985 14.798710 222.00 186.00 394.00 273.00 308.57 171.43
2010_002988 20.739639 254.00 176.00 486.00 310.00 17.14 171.43
2010_002988 9.327812 154.00 175.00 361.00 276.00 0.00 171.43
2010_002988 6.279815 79.00 173.00 220.00 259.00 17.14 171.43
2010_003024 9.994054 79.00 1.00 407.00 271.00 0.00 171.43
2010_003120 7.376270 367.00 106.00 495.00 200.00 342.86 171.43
2010_003120 15.017838 14.00 63.00 312.00 296.00 0.00 171.43
2010_003120 14.892101 234.00 97.00 475.00 240.00 342.86 171.43
2010_003123 14.196241 213.00 6.00 271.00 59.00 171.43 188.57
2010_003123 9.459800 291.00 1.00 346.00 50.00 342.86 171.43
2010_003129 7.964760 6.00 234.00 83.00 295.00 154.29 171.43
2010_003129 6.197145 135.00 231.00 228.00 280.00 137.14 171.43
2010_003129 21.073456 42.00 241.00 189.00 333.00 154.29 171.43
2010_003129 5.208919 258.00 193.00 500.00 288.00 0.00 171.43
2010_003129 10.786299 164.00 236.00 500.00 375.00 137.14 188.57
2010_003139 16.469807 42.00 66.00 426.00 258.00 205.71 171.43
2010_003200 8.282553 39.00 86.00 63.00 105.00 171.43 171.43
2010_003212 2.524103 111.00 225.00 347.00 268.00 17.14 171.43
2010_003219 6.246784 9.00 175.00 368.00 437.00 308.57 188.57
2010_003231 22.523108 182.00 286.00 360.00 443.00 171.43 171.43
2010_003276 19.641897 30.00 46.00 441.00 327.00 17.14 188.57
2010_003276 14.297951 89.00 45.00 134.00 60.00 205.71 171.43
2010_003381 3.493232 1.00 93.00 500.00 342.00 51.43 171.43
2010_003385 13.195770 1.00 1.00 488.00 314.00 188.57 171.43
2010_003446 8.092206 16.00 105.00 121.00 182.00 154.29 171.43
2010_003446 3.107359 96.00 103.00 243.00 173.00 137.14 171.43
2010_003446 1.745764 203.00 104.00 277.00 161.00 205.71 171.43
2010_003450 6.417427 1.00 1.00 500.00 240.00 342.86 171.43
2010_003453 24.756603 30.00 42.00 470.00 318.00 0.00 171.43
2010_003537 19.523182 10.00 34.00 458.00 333.00 17.14 171.43
2010_003561 22.251839 30.00 119.00 331.00 391.00 342.86 171.43
2010_003562 4.365057 3.00 171.00 36.00 197.00 137.14 171.43
2010_003585 12.089739 4.00 39.00 151.00 102.00 291.43 171.43
2010_003585 4.132730 139.00 58.00 279.00 107.00 51.43 171.43
2010_003645 3.396053 63.00 163.00 206.00 217.00 51.43 171.43
2010_003664 19.993011 365.00 36.00 435.00 63.00 222.86 171.43
2010_003664 11.470320 198.00 44.00 344.00 96.00 222.86 171.43
2010_003664 10.547401 52.00 81.00 500.00 262.00 291.43 188.57
2010_003729 19.063053 169.00 21.00 486.00 314.00 17.14 171.43
2010_003730 8.330574 29.00 94.00 448.00 266.00 274.29 188.57
2010_003746 2.827587 1.00 85.00 143.00 179.00 0.00 171.43
2010_003768 5.628130 152.00 163.00 334.00 208.00 120.00 171.43
2010_003768 8.392715 1.00 76.00 40.00 100.00 188.57 171.43
2010_003807 11.641937 12.00 154.00 333.00 472.00 342.86 188.57
2010_003813 15.409918 33.00 130.00 480.00 336.00 51.43 188.57
2010_003854 5.941051 1.00 33.00 403.00 333.00 205.71 188.57
2010_003981 3.169757 1.00 41.00 152.00 187.00 342.86 171.43
2010_003981 10.400425 52.00 15.00 446.00 314.00 342.86 171.43
2010_004021 3.458548 1.00 39.00 192.00 200.00 291.43 171.43
2010_004021 2.949465 137.00 61.00 315.00 124.00 0.00 171.43
2010_004027 14.349270 204.00 254.00 311.00 344.00 171.43 171.43
2010_004096 2.867625 129.00 140.00 500.00 324.00 85.71 171.43
2010_004139 4.644877 5.00 36.00 499.00 346.00 0.00 171.43
2010_004228 3.122184 1.00 1.00 84.00 31.00 51.43 171.43
2010_004263 7.685392 70.00 141.00 133.00 173.00 51.43 171.43
2010_004291 11.730275 71.00 124.00 458.00 274.00 240.00 171.43
2010_004337 5.824853 288.00 196.00 320.00 222.00 0.00 171.43
2010_004337 7.349739 266.00 200.00 288.00 219.00 342.86 171.43
2010_004390 22.652149 3.00 105.00 495.00 349.00 325.71 171.43
2010_004422 2.918919 309.00 1.00 500.00 203.00 342.86 171.43
2010_004484 20.569983 69.00 246.00 300.00 333.00 291.43 188.57
2010_004533 11.966294 94.00 85.00 353.00 167.00 291.43 171.43
2010_004533 4.191874 1.00 131.00 94.00 165.00 291.43 171.43
2010_004557 9.879729 359.00 283.00 393.00 302.00 154.29 171.43
2010_004557 9.407141 339.00 288.00 376.00 304.00 120.00 171.43
2010_004557 14.157351 283.00 288.00 344.00 313.00 137.14 171.43
2010_004618 8.635876 136.00 73.00 363.00 250.00 0.00 171.43
2010_004654 14.747892 33.00 100.00 462.00 281.00 34.29 188.57
2010_004661 9.869614 12.00 171.00 385.00 482.00 342.86 171.43
2010_004661 13.629751 248.00 140.00 308.00 183.00 17.14 171.43
2010_004661 8.948137 299.00 218.00 374.00 258.00 325.71 171.43
2010_004661 3.852790 177.00 165.00 235.00 203.00 325.71 171.43
2010_004686 5.912495 291.00 348.00 355.00 480.00 342.86 171.43
2010_004692 11.686811 200.00 11.00 319.00 47.00 274.29 171.43
2010_004692 5.777874 25.00 7.00 92.00 37.00 120.00 171.43
2010_004692 5.822744 1.00 85.00 457.00 374.00 0.00 188.57
2010_004692 5.597430 88.00 11.00 123.00 38.00 137.14 171.43
2010_004692 6.660300 263.00 13.00 332.00 44.00 291.43 171.43
2010_004747 13.416784 14.00 95.00 484.00 266.00 257.14 171.43
2010_004785 8.846576 83.00 91.00 433.00 309.00 17.14 188.57
2010_004785 3.575503 1.00 84.00 123.00 163.00 51.43 171.43
2010_004785 6.193546 94.00 52.00 123.00 79.00 171.43 171.43
2010_004785 10.770741 63.00 52.00 96.00 77.00 188.57 171.43
2010_004854 24.310604 159.00 11.00 285.00 66.00 137.14 171.43
2010_004865 20.579643 35.00 72.00 311.00 224.00 205.71 171.43
2010_004877 9.811408 47.00 116.00 413.00 307.00 205.71 188.57
2010_004877 6.840730 1.00 110.00 169.00 267.00 0.00 171.43
2010_004930 10.962688 108.00 102.00 354.00 278.00 342.86 171.43
2010_004946 18.049046 37.00 165.00 331.00 423.00 171.43 171.43
2010_005013 3.952806 342.00 10.00 493.00 70.00 85.71 205.71
2010_005075 6.993220 1.00 87.00 307.00 352.00 325.71 171.43
2010_005075 5.059437 109.00 66.00 500.00 300.00 308.57 171.43
2010_005087 6.453486 1.00 1.00 500.00 375.00 342.86 171.43
2010_005167 10.123125 1.00 323.00 118.00 375.00 205.71 188.57
2010_005226 25.425718 83.00 150.00 144.00 184.00 17.14 171.43
2010_005226 9.404955 210.00 141.00 230.00 159.00 0.00 171.43
2010_005284 8.589672 423.00 163.00 464.00 203.00 0.00 171.43
2010_005323 9.619452 9.00 190.00 490.00 326.00 68.57 171.43
2010_005414 4.228874 111.00 63.00 439.00 294.00 342.86 171.43
2010_005432 23.369095 36.00 71.00 487.00 319.00 154.29 171.43
2010_005474 5.919145 217.00 187.00 346.00 255.00 102.86 171.43
2010_005474 8.675835 259.00 163.00 289.00 185.00 171.43 171.43
2010_005474 2.667816 156.00 152.00 199.00 173.00 222.86 171.43
2010_005483 6.657824 1.00 1.00 500.00 317.00 0.00 171.43
2010_005501 5.292210 137.00 1.00 500.00 206.00 291.43 222.86
2010_005502 13.732177 211.00 164.00 273.00 214.00 342.86 171.43
2010_005587 13.488602 43.00 107.00 399.00 347.00 325.71 188.57
2010_005718 7.204165 19.00 197.00 79.00 233.00 17.14 171.43
2010_005718 5.885749 1.00 212.00 20.00 251.00 171.43 171.43
2010_005718 2.891433 81.00 197.00 146.00 224.00 51.43 171.43
2010_005733 15.889872 1.00 114.00 131.00 216.00 342.86 171.43
2010_005752 8.832228 2.00 116.00 359.00 466.00 342.86 171.43
2010_005804 3.728344 45.00 1.00 500.00 333.00 342.86 188.57
2010_005817 11.227713 45.00 115.00 473.00 264.00 274.29 171.43
2010_005860 14.277413 124.00 100.00 457.00 268.00 34.29 171.43
2010_005868 21.454952 49.00 79.00 425.00 302.00 17.14 171.43
2010_005907 7.798364 14.00 10.00 479.00 309.00 325.71 188.57
2010_005997 3.232162 273.00 119.00 307.00 151.00 188.57 171.43
2010_006003 5.430218 162.00 199.00 220.00 248.00 342.86 171.43
2010_006033 5.764738 1.00 1.00 500.00 306.00 342.86 171.43
2010_006070 2.832684 1.00 1.00 153.00 105.00 342.86 188.57
2011_000007 9.980659 64.00 198.00 87.00 224.00 171.43 171.43
2011_000034 4.389809 466.00 151.00 500.00 230.00 342.86 171.43
2011_000076 4.458425 11.00 129.00 240.00 491.00 342.86 171.43
2011_000086 15.054461 62.00 124.00 446.00 293.00 120.00 188.57
2011_000094 13.217026 89.00 59.00 455.00 289.00 325.71 188.57
2011_000094 12.503456 331.00 60.00 500.00 168.00 17.14 171.43
2011_000094 4.071753 240.00 63.00 391.00 106.00 0.00 171.43
2011_000128 7.355103 244.00 45.00 366.00 78.00 68.57 171.43
2011_000239 3.763729 2.00 177.00 52.00 199.00 308.57 171.43
2011_000248 1.914415 260.00 94.00 299.00 111.00 325.71 171.43
2011_000432 7.691200 150.00 163.00 382.00 332.00 342.86 171.43
2011_000432 5.352106 1.00 108.00 128.00 254.00 0.00 171.43
2011_000503 6.608050 1.00 250.00 18.00 287.00 0.00 171.43
2011_000503 20.659348 12.00 237.00 103.00 313.00 342.86 171.43
2011_000503 10.709021 395.00 243.00 491.00 289.00 205.71 171.43
2011_000503 5.230209 459.00 272.00 499.00 362.00 342.86 171.43
2011_000503 5.502998 262.00 251.00 400.00 306.00 205.71 171.43
2011_000503 4.008481 170.00 277.00 495.00 374.00 17.14 188.57
2011_000559 2.468190 67.00 153.00 98.00 205.00 342.86 171.43
2011_000569 16.014759 1.00 191.00 119.00 296.00 171.43 171.43
2011_000658 9.473137 367.00 303.00 499.00 353.00 274.29 171.43
2011_000658 5.805395 196.00 312.00 227.00 350.00 342.86 171.43
2011_000724 11.025797 118.00 147.00 419.00 266.00 17.14 171.43
2011_000785 6.536277 234.00 81.00 292.00 103.00 240.00 171.43
2011_000853 8.478294 1.00 280.00 16.00 340.00 0.00 171.43
2011_000853 12.274076 12.00 300.00 34.00 326.00 0.00 171.43
2011_000853 9.681253 58.00 296.00 99.00 331.00 342.86 171.43
2011_000853 12.593168 135.00 298.00 175.00 332.00 171.43 171.43
2011_000887 6.288737 159.00 145.00 310.00 205.00 34.29 171.43
2011_000887 6.488913 45.00 120.00 120.00 190.00 171.43 171.43
2011_000897 10.952663 355.00 206.00 499.00 301.00 222.86 171.43
2011_000900 27.401697 176.00 94.00 475.00 311.00 171.43 171.43
2011_000900 3.371621 438.00 77.00 500.00 126.00 51.43 171.43
2011_000900 11.275997 1.00 57.00 162.00 294.00 188.57 171.43
2011_000900 4.325025 1.00 26.00 160.00 109.00 342.86 171.43
2011_000900 3.761863 137.00 46.00 252.00 140.00 291.43 171.43
2011_000900 4.497272 184.00 51.00 359.00 98.00 342.86 171.43
2011_000900 3.584329 264.00 52.00 401.00 101.00 291.43 171.43
2011_000900 3.308296 324.00 54.00 423.00 104.00 137.14 171.43
2011_000900 2.339419 464.00 48.00 500.00 74.00 342.86 171.43
2011_001105 5.585853 438.00 131.00 500.00 168.00 0.00 171.43
2011_001110 28.034061 277.00 163.00 410.00 231.00 188.57 171.43
2011_001110 11.777676 1.00 159.00 233.00 314.00 222.86 188.57
2011_001110 7.418178 124.00 157.00 246.00 209.00 240.00 171.43
2011_001110 10.933041 223.00 154.00 293.00 180.00 291.43 171.43
2011_001110 8.499801 74.00 143.00 125.00 166.00 308.57 171.43
2011_001110 3.468209 1.00 140.00 63.00 162.00 0.00 171.43
2011_001110 3.064375 215.00 150.00 259.00 172.00 222.86 171.43
2011_001110 1.668149 363.00 154.00 405.00 173.00 325.71 171.43
2011_001124 5.716160 4.00 125.00 145.00 253.00 342.86 171.43
2011_001124 7.252185 103.00 134.00 253.00 236.00 308.57 171.43
2011_001124 3.630201 357.00 141.00 431.00 193.00 188.57 171.43
2011_001190 15.968615 68.00 266.00 91.00 288.00 171.43 171.43
2011_001260 4.752848 1.00 118.00 103.00 316.00 154.29 171.43
2011_001260 12.858196 97.00 135.00 371.00 305.00 102.86 188.57
2011_001260 5.061819 350.00 133.00 500.00 253.00 68.57 188.57
2011_001260 3.977380 256.00 103.00 354.00 154.00 137.14 171.43
2011_001260 4.219458 368.00 124.00 500.00 171.00 342.86 171.43
2011_001260 4.371025 364.00 117.00 500.00 167.00 342.86 171.43
2011_001261 5.860160 1.00 46.00 46.00 130.00 0.00 171.43
2011_001261 11.011219 39.00 62.00 460.00 291.00 137.14 188.57
2011_001271 4.913773 1.00 182.00 183.00 274.00 102.86 171.43
2011_001271 2.955426 273.00 179.00 320.00 213.00 342.86 171.43
2011_001271 3.212136 164.00 187.00 229.00 235.00 0.00 171.43
2011_001271 9.801791 283.00 161.00 500.00 256.00 51.43 171.43
2011_001311 18.290096 1.00 67.00 107.00 211.00 188.57 171.43
2011_001311 18.973614 128.00 83.00 360.00 262.00 171.43 171.43
2011_001313 4.522388 230.00 363.00 292.00 375.00 342.86 171.43
2011_001313 2.422952 95.00 361.00 150.00 375.00 0.00 171.43
2011_001406 2.868309 1.00 364.00 41.00 399.00 120.00 171.43
2011_001406 7.676778 1.00 432.00 38.00 500.00 0.00 171.43
2011_001524 13.733072 274.00 1.00 382.00 51.00 120.00 171.43
2011_001524 2.015156 193.00 1.00 274.00 41.00 342.86 171.43
2011_001524 6.766272 119.00 1.00 185.00 39.00 51.43 171.43
2011_001535 13.018657 137.00 87.00 176.00 143.00 188.57 171.43
2011_001535 9.918604 203.00 90.00 225.00 108.00 0.00 171.43
2011_001596 11.833729 328.00 168.00 385.00 196.00 205.71 171.43
2011_001596 6.825909 23.00 163.00 79.00 193.00 342.86 171.43
2011_001596 2.277605 401.00 178.00 444.00 197.00 342.86 171.43
2011_001641 3.367423 1.00 95.00 345.00 413.00 51.43 171.43
2011_001669 15.008289 331.00 240.00 359.00 259.00 154.29 171.43
2011_001747 12.460344 23.00 160.00 103.00 204.00 222.86 171.43
2011_001801 10.324207 25.00 181.00 109.00 238.00 171.43 171.43
2011_001824 11.532009 47.00 200.00 115.00 231.00 205.71 171.43
2011_001982 18.136084 43.00 117.00 449.00 303.00 34.29 171.43
2011_002002 3.777434 431.00 69.00 472.00 88.00 274.29 171.43
2011_002021 3.527642 389.00 138.00 500.00 219.00 342.86 171.43
2011_002033 7.175059 1.00 187.00 373.00 341.00 274.29 171.43
2011_002064 2.229404 76.00 86.00 121.00 124.00 342.86 171.43
2011_002064 4.238784 133.00 80.00 256.00 130.00 0.00 171.43
2011_002064 5.108269 378.00 67.00 500.00 139.00 342.86 171.43
2011_002174 10.294458 340.00 322.00 383.00 359.00 171.43 171.43
2011_002174 6.828743 228.00 302.00 321.00 367.00 137.14 171.43
2011_002174 3.611689 314.00 314.00 349.00 367.00 205.71 171.43
2011_002174 7.019521 365.00 318.00 407.00 351.00 171.43 171.43
2011_002215 4.830025 1.00 267.00 177.00 374.00 0.00 171.43
2011_002215 2.570489 134.00 287.00 270.00 374.00 102.86 171.43
2011_002215 7.787987 222.00 277.00 292.00 311.00 240.00 171.43
2011_002234 8.611096 15.00 67.00 500.00 333.00 308.57 188.57
2011_002322 5.098715 1.00 1.00 339.00 125.00 342.86 188.57
2011_002366 8.877111 56.00 48.00 341.00 141.00 308.57 188.57
2011_002384 6.906466 305.00 217.00 494.00 316.00 0.00 171.43
2011_002384 2.719438 433.00 208.00 500.00 249.00 342.86 171.43
2011_002536 16.651199 270.00 270.00 352.00 309.00 120.00 171.43
2011_002592 11.134740 45.00 21.00 473.00 342.00 0.00 188.57
2011_002629 5.911571 472.00 194.00 500.00 245.00 171.43 171.43
2011_002725 9.333361 59.00 159.00 290.00 312.00 342.86 171.43
2011_002796 7.932687 79.00 68.00 167.00 137.00 342.86 171.43
2011_002796 2.968529 202.00 69.00 237.00 92.00 17.14 171.43
2011_002812 15.591664 1.00 159.00 123.00 223.00 205.71 171.43
2011_002925 14.106613 271.00 277.00 317.00 299.00 137.14 171.43
2011_002925 2.225188 302.00 356.00 375.00 467.00 291.43 171.43
2011_002962 4.137410 422.00 152.00 500.00 238.00 0.00 171.43
2011_002978 6.337254 2.00 185.00 104.00 236.00 0.00 171.43
2011_002978 4.555758 19.00 196.00 103.00 237.00 0.00 171.43
2011_003019 6.612952 116.00 1.00 341.00 61.00 34.29 188.57
2011_003029 11.022726 19.00 50.00 500.00 375.00 188.57 171.43
2011_003055 5.638311 41.00 54.00 493.00 371.00 51.43 188.57
2011_003114 6.209186 373.00 172.00 402.00 234.00 342.86 171.43
2011_003176 14.662361 285.00 214.00 307.00 229.00 154.29 171.43
2011_003185 3.066804 1.00 65.00 500.00 367.00 0.00 171.43
2011_003269 14.931760 19.00 347.00 309.00 461.00 68.57 171.43
