2008_000043 5.680920 244.00 156.00 316.00 287.00 17.14 188.57
2008_000043 8.722290 328.00 162.00 388.00 194.00 0.00 188.57
2008_000043 6.218603 355.00 180.00 440.00 328.00 85.71 188.57
2008_000043 8.981792 289.00 197.00 373.00 336.00 188.57 188.57
2008_000043 7.151443 164.00 195.00 264.00 342.00 205.71 188.57
2008_000043 4.536149 150.00 161.00 186.00 282.00 240.00 188.57
2008_000051 5.625405 220.00 192.00 319.00 371.00 51.43 188.57
2008_000067 3.733836 94.00 224.00 255.00 445.00 0.00 188.57
2008_000107 3.124456 68.00 212.00 288.00 482.00 342.86 188.57
2008_000115 3.534620 1.00 1.00 497.00 400.00 308.57 188.57
2008_000149 8.754588 1.00 118.00 115.00 265.00 325.71 188.57
2008_000246 1.328677 352.00 1.00 500.00 233.00 342.86 188.57
2008_000274 4.220151 46.00 257.00 128.00 333.00 342.86 205.71
2008_000305 5.096115 80.00 205.00 193.00 328.00 137.14 188.57
2008_000381 3.055186 1.00 430.00 72.00 500.00 85.71 205.71
2008_000381 3.208864 70.00 432.00 134.00 500.00 154.29 205.71
2008_000418 7.127187 421.00 264.00 490.00 375.00 171.43 188.57
2008_000418 5.899378 307.00 235.00 385.00 354.00 291.43 188.57
2008_000473 1.806258 87.00 301.00 335.00 458.00 102.86 205.71
2008_000489 2.803309 396.00 208.00 500.00 375.00 342.86 188.57
2008_000498 8.392162 247.00 2.00 335.00 132.00 17.14 188.57
2008_000498 2.526942 321.00 56.00 440.00 196.00 85.71 188.57
2008_000498 3.843666 341.00 29.00 419.00 143.00 68.57 188.57
2008_000673 7.243024 70.00 26.00 320.00 213.00 17.14 188.57
2008_000690 9.184935 1.00 70.00 375.00 500.00 342.86 188.57
2008_000817 2.188697 249.00 155.00 293.00 246.00 102.86 171.43
2008_000817 3.101494 207.00 152.00 246.00 228.00 325.71 171.43
2008_000817 3.260740 294.00 163.00 343.00 244.00 102.86 171.43
2008_000835 4.855659 382.00 231.00 480.00 375.00 68.57 171.43
2008_000904 3.957128 1.00 72.00 96.00 306.00 68.57 171.43
2008_000936 10.088513 2.00 30.00 335.00 447.00 0.00 171.43
2008_000976 3.697113 32.00 245.00 92.00 347.00 274.29 171.43
2008_001046 3.846788 34.00 283.00 119.00 372.00 342.86 171.43
2008_001046 8.134104 117.00 283.00 202.00 375.00 342.86 188.57
2008_001046 7.639207 215.00 279.00 286.00 368.00 0.00 171.43
2008_001046 3.734968 291.00 276.00 359.00 370.00 154.29 188.57
2008_001046 4.942574 394.00 309.00 477.00 375.00 342.86 171.43
2008_001046 3.083996 296.00 313.00 355.00 375.00 308.57 188.57
2008_001046 5.908532 205.00 315.00 293.00 375.00 342.86 171.43
2008_001046 6.598956 94.00 317.00 183.00 375.00 342.86 171.43
2008_001046 6.934610 1.00 315.00 75.00 375.00 342.86 171.43
2008_001046 4.720835 390.00 217.00 441.00 301.00 0.00 188.57
2008_001320 5.072425 100.00 210.00 180.00 309.00 342.86 188.57
2008_001333 3.921920 1.00 91.00 373.00 500.00 308.57 188.57
2008_001333 3.595265 198.00 374.00 375.00 500.00 257.14 188.57
2008_001338 3.543729 391.00 93.00 422.00 151.00 0.00 171.43
2008_001439 6.854173 7.00 36.00 180.00 268.00 17.14 205.71
2008_001439 9.742848 175.00 37.00 314.00 275.00 0.00 205.71
2008_001439 8.721927 324.00 35.00 491.00 274.00 342.86 205.71
2008_001439 2.577132 70.00 9.00 198.00 200.00 0.00 205.71
2008_001439 7.224658 205.00 6.00 310.00 202.00 0.00 205.71
2008_001439 8.364979 321.00 6.00 433.00 202.00 342.86 188.57
2008_001451 5.046140 95.00 259.00 199.00 374.00 274.29 188.57
2008_001451 3.084053 65.00 281.00 179.00 375.00 0.00 171.43
2008_001503 4.411441 1.00 44.00 75.00 142.00 0.00 188.57
2008_001527 3.613625 1.00 11.00 500.00 375.00 325.71 188.57
2008_001596 2.800812 288.00 128.00 363.00 236.00 34.29 188.57
2008_001596 3.958003 277.00 140.00 337.00 275.00 34.29 188.57
2008_001613 3.366083 279.00 200.00 358.00 317.00 68.57 188.57
2008_001613 2.253755 102.00 194.00 177.00 313.00 308.57 188.57
2008_001613 3.361405 171.00 218.00 256.00 332.00 188.57 188.57
2008_001613 3.959400 1.00 194.00 49.00 281.00 0.00 188.57
2008_001624 5.308718 448.00 184.00 500.00 276.00 17.14 188.57
2008_001624 9.202621 1.00 188.00 184.00 267.00 325.71 188.57
2008_001636 2.434429 62.00 177.00 165.00 316.00 171.43 188.57
2008_001702 6.020947 1.00 1.00 166.00 500.00 0.00 171.43
2008_001715 9.793545 111.00 39.00 292.00 333.00 291.43 205.71
2008_001723 4.802726 228.00 275.00 291.00 375.00 257.14 171.43
2008_001723 8.552805 117.00 230.00 209.00 351.00 240.00 188.57
2008_001723 5.923478 289.00 222.00 328.00 266.00 51.43 188.57
2008_001764 5.196348 404.00 160.00 493.00 314.00 68.57 171.43
2008_001772 9.094465 86.00 205.00 159.00 333.00 68.57 188.57
2008_001772 4.644254 220.00 166.00 286.00 269.00 34.29 188.57
2008_001773 6.281037 59.00 230.00 223.00 375.00 257.14 188.57
2008_001841 3.708185 45.00 133.00 476.00 375.00 0.00 188.57
2008_001862 7.969643 292.00 28.00 374.00 167.00 257.14 171.43
2008_001910 2.957150 1.00 220.00 108.00 320.00 342.86 171.43
2008_001910 4.298104 42.00 188.00 98.00 233.00 0.00 171.43
2008_001928 3.474048 1.00 248.00 93.00 375.00 205.71 188.57
2008_002026 5.796099 148.00 216.00 275.00 363.00 0.00 188.57
2008_002071 7.797491 257.00 127.00 394.00 297.00 68.57 188.57
2008_002071 8.235405 81.00 184.00 264.00 333.00 240.00 205.71
2008_002082 2.256507 178.00 165.00 224.00 221.00 222.86 188.57
2008_002114 1.913748 362.00 195.00 500.00 375.00 171.43 205.71
2008_002379 2.724385 2.00 241.00 165.00 371.00 342.86 188.57
2008_002384 4.238997 40.00 232.00 147.00 375.00 222.86 188.57
2008_002403 5.437432 1.00 119.00 282.00 375.00 188.57 188.57
2008_002438 4.208035 104.00 68.00 252.00 137.00 0.00 171.43
2008_002481 7.311790 206.00 290.00 313.00 377.00 222.86 188.57
2008_002485 4.714031 81.00 189.00 335.00 375.00 0.00 188.57
2008_002502 3.041363 20.00 86.00 118.00 322.00 0.00 171.43
2008_002502 2.086407 232.00 181.00 327.00 320.00 68.57 171.43
2008_002508 13.762049 297.00 151.00 355.00 246.00 240.00 188.57
2008_002508 10.310295 318.00 162.00 380.00 268.00 240.00 188.57
2008_002508 6.393513 349.00 170.00 422.00 297.00 222.86 188.57
2008_002508 10.632781 416.00 172.00 499.00 290.00 51.43 188.57
2008_002508 5.580272 390.00 152.00 415.00 172.00 51.43 188.57
2008_002508 4.470164 276.00 144.00 318.00 211.00 205.71 188.57
2008_002508 3.333603 136.00 161.00 185.00 217.00 154.29 188.57
2008_002508 2.572284 54.00 189.00 157.00 308.00 0.00 188.57
2008_002508 4.111987 396.00 162.00 451.00 269.00 51.43 205.71
2008_002521 11.353813 211.00 219.00 285.00 367.00 257.14 188.57
2008_002795 4.874272 412.00 185.00 500.00 375.00 137.14 188.57
2008_002869 5.796803 41.00 146.00 407.00 375.00 17.14 188.57
2008_002920 5.147139 1.00 128.00 109.00 305.00 291.43 188.57
2008_003073 8.127357 58.00 223.00 165.00 333.00 325.71 205.71
2008_003136 1.837263 172.00 68.00 226.00 181.00 325.71 188.57
2008_003178 2.379728 119.00 84.00 381.00 375.00 325.71 188.57
2008_003178 3.014125 224.00 146.00 341.00 314.00 68.57 188.57
2008_003178 6.352738 322.00 174.00 389.00 270.00 85.71 188.57
2008_003178 6.355450 441.00 167.00 500.00 287.00 240.00 188.57
2008_003178 1.843941 88.00 127.00 244.00 348.00 0.00 188.57
2008_003245 4.103942 1.00 140.00 336.00 375.00 325.71 188.57
2008_003245 4.419747 142.00 77.00 394.00 335.00 308.57 188.57
2008_003280 3.772110 55.00 288.00 175.00 455.00 257.14 188.57
2008_003280 1.513406 25.00 242.00 94.00 351.00 257.14 171.43
2008_003351 2.522932 371.00 139.00 456.00 241.00 34.29 171.43
2008_003407 3.597219 9.00 182.00 90.00 288.00 0.00 188.57
2008_003432 3.543273 286.00 185.00 469.00 358.00 137.14 205.71
2008_003442 4.107217 101.00 277.00 173.00 356.00 0.00 188.57
2008_003472 4.221035 170.00 107.00 396.00 374.00 308.57 188.57
2008_003547 10.016363 1.00 227.00 116.00 459.00 51.43 188.57
2008_003681 3.321043 72.00 226.00 249.00 424.00 17.14 188.57
2008_003753 11.204845 248.00 225.00 349.00 375.00 257.14 188.57
2008_003753 3.548020 102.00 224.00 160.00 375.00 51.43 188.57
2008_003753 4.733818 164.00 215.00 238.00 329.00 34.29 188.57
2008_003753 3.749291 150.00 213.00 193.00 320.00 0.00 188.57
2008_003821 8.643986 33.00 163.00 231.00 493.00 308.57 188.57
2008_003838 9.983046 65.00 11.00 500.00 342.00 342.86 188.57
2008_003838 6.024699 382.00 13.00 500.00 186.00 0.00 171.43
2008_003881 6.438421 366.00 226.00 473.00 369.00 85.71 188.57
2008_003881 5.053241 423.00 198.00 482.00 285.00 342.86 171.43
2008_003904 5.735360 8.00 268.00 125.00 315.00 0.00 188.57
2008_003904 8.445342 132.00 265.00 255.00 324.00 0.00 188.57
2008_004003 1.989390 377.00 219.00 467.00 331.00 137.14 188.57
2008_004054 3.036901 472.00 196.00 500.00 281.00 257.14 171.43
2008_004071 5.716558 32.00 156.00 160.00 375.00 68.57 171.43
2008_004124 4.363872 104.00 100.00 436.00 375.00 240.00 188.57
2008_004251 12.401056 25.00 115.00 67.00 163.00 257.14 171.43
2008_004289 2.972530 306.00 162.00 491.00 333.00 102.86 205.71
2008_004289 3.628891 54.00 31.00 193.00 94.00 51.43 188.57
2008_004289 4.252975 184.00 16.00 297.00 65.00 0.00 188.57
2008_004297 7.952172 119.00 114.00 257.00 247.00 342.86 188.57
2008_004344 5.367355 1.00 218.00 147.00 375.00 0.00 188.57
2008_004384 6.533710 46.00 244.00 212.00 443.00 325.71 171.43
2008_004384 3.450288 1.00 292.00 84.00 500.00 0.00 171.43
2008_004384 6.493614 181.00 269.00 375.00 500.00 120.00 188.57
2008_004408 7.472738 280.00 280.00 331.00 373.00 325.71 188.57
2008_004408 9.722890 384.00 290.00 445.00 375.00 51.43 188.57
2008_004445 3.798641 204.00 233.00 295.00 332.00 240.00 188.57
2008_004445 4.295364 293.00 266.00 397.00 332.00 154.29 188.57
2008_004445 5.190656 280.00 221.00 328.00 254.00 0.00 188.57
2008_004460 4.378201 101.00 272.00 297.00 375.00 240.00 205.71
2008_004460 2.026305 376.00 297.00 500.00 375.00 137.14 171.43
2008_004487 5.959837 369.00 181.00 500.00 375.00 34.29 188.57
2008_004553 6.490526 1.00 27.00 333.00 500.00 0.00 188.57
2008_004564 1.582219 1.00 220.00 246.00 333.00 342.86 171.43
2008_004579 3.385484 46.00 1.00 342.00 176.00 342.86 188.57
2008_004592 4.342143 314.00 1.00 407.00 98.00 51.43 205.71
2008_004592 1.934845 302.00 1.00 500.00 271.00 137.14 205.71
2008_004592 1.919102 12.00 1.00 226.00 260.00 291.43 205.71
2008_004612 4.862084 118.00 76.00 385.00 331.00 342.86 188.57
2008_004619 4.234315 183.00 112.00 272.00 207.00 342.86 171.43
2008_004632 2.068848 1.00 290.00 283.00 500.00 0.00 205.71
2008_004665 3.436477 293.00 199.00 432.00 313.00 154.29 188.57
2008_004670 3.677979 456.00 191.00 500.00 283.00 17.14 188.57
2008_004670 4.245494 383.00 160.00 460.00 254.00 51.43 188.57
2008_004670 8.681271 375.00 139.00 429.00 230.00 274.29 188.57
2008_004670 10.760927 318.00 134.00 373.00 216.00 342.86 188.57
2008_004670 6.273581 264.00 131.00 316.00 210.00 51.43 188.57
2008_004670 5.300941 242.00 125.00 288.00 166.00 51.43 188.57
2008_004670 6.764904 189.00 128.00 239.00 188.00 17.14 171.43
2008_004670 16.621937 88.00 117.00 129.00 164.00 0.00 188.57
2008_004670 13.200800 45.00 116.00 86.00 166.00 0.00 188.57
2008_004720 8.795429 319.00 113.00 500.00 375.00 34.29 205.71
2008_004778 2.639692 63.00 85.00 258.00 400.00 34.29 188.57
2008_004896 8.435873 206.00 64.00 428.00 320.00 325.71 188.57
2008_004984 3.443110 305.00 11.00 401.00 154.00 325.71 188.57
2008_005037 8.318381 181.00 69.00 331.00 292.00 308.57 188.57
2008_005068 8.006741 136.00 293.00 259.00 477.00 68.57 188.57
2008_005070 4.804826 385.00 66.00 500.00 250.00 51.43 188.57
2008_005107 7.184826 1.00 75.00 375.00 500.00 325.71 188.57
2008_005111 8.593894 302.00 161.00 374.00 284.00 342.86 205.71
2008_005111 3.832638 202.00 147.00 300.00 262.00 240.00 205.71
2008_005111 4.069271 203.00 112.00 268.00 189.00 342.86 171.43
2008_005167 4.963714 1.00 1.00 92.00 241.00 342.86 171.43
2008_005191 3.375007 263.00 177.00 387.00 375.00 17.14 171.43
2008_005205 5.844472 433.00 198.00 500.00 380.00 342.86 188.57
2008_005205 4.046612 74.00 240.00 263.00 380.00 85.71 188.57
2008_005205 5.032437 1.00 183.00 96.00 348.00 0.00 188.57
2008_005257 3.889482 283.00 215.00 435.00 375.00 171.43 188.57
2008_005257 10.829340 36.00 183.00 180.00 375.00 257.14 188.57
2008_005257 2.680833 164.00 147.00 263.00 310.00 0.00 205.71
2008_005323 7.399261 22.00 201.00 193.00 337.00 308.57 188.57
2008_005348 7.961229 1.00 31.00 79.00 162.00 342.86 188.57
2008_005417 12.140480 50.00 266.00 142.00 375.00 274.29 188.57
2008_005417 4.691884 133.00 300.00 220.00 375.00 137.14 188.57
2008_005417 5.814233 227.00 283.00 313.00 375.00 102.86 188.57
2008_005552 2.620611 1.00 1.00 336.00 500.00 34.29 188.57
2008_005574 2.261684 1.00 26.00 286.00 500.00 342.86 171.43
2008_005574 2.069259 215.00 32.00 375.00 407.00 51.43 205.71
2008_005608 6.926948 372.00 194.00 500.00 250.00 342.86 188.57
2008_005608 2.157873 304.00 251.00 416.00 374.00 291.43 188.57
2008_005796 3.987522 12.00 133.00 35.00 160.00 17.14 171.43
2008_005848 6.201084 247.00 238.00 375.00 380.00 120.00 188.57
2008_005857 3.946255 1.00 1.00 289.00 375.00 34.29 188.57
2008_005881 2.065209 1.00 206.00 115.00 415.00 308.57 188.57
2008_005881 2.256202 93.00 186.00 162.00 325.00 85.71 188.57
2008_005914 5.927130 479.00 171.00 500.00 200.00 0.00 188.57
2008_005914 4.170985 275.00 200.00 321.00 253.00 308.57 188.57
2008_006008 7.746633 170.00 323.00 335.00 500.00 102.86 205.71
2008_006008 4.486489 38.00 311.00 179.00 500.00 222.86 188.57
2008_006008 4.781112 21.00 270.00 92.00 452.00 308.57 188.57
2008_006045 7.438814 1.00 137.00 197.00 300.00 291.43 188.57
2008_006045 6.959542 1.00 94.00 264.00 300.00 291.43 188.57
2008_006045 5.324213 78.00 77.00 364.00 300.00 291.43 188.57
2008_006045 5.326199 152.00 59.00 400.00 300.00 291.43 188.57
2008_006045 5.909541 218.00 47.00 400.00 300.00 291.43 188.57
2008_006045 4.626377 278.00 34.00 400.00 281.00 308.57 188.57
2008_006045 1.864294 331.00 23.00 400.00 139.00 342.86 205.71
2008_006151 6.197350 80.00 93.00 196.00 260.00 291.43 188.57
2008_006151 6.190925 76.00 125.00 194.00 309.00 240.00 188.57
2008_006151 9.242240 175.00 133.00 313.00 333.00 205.71 205.71
2008_006151 8.883444 302.00 117.00 426.00 302.00 102.86 188.57
2008_006303 10.255698 85.00 187.00 179.00 314.00 325.71 188.57
2008_006303 12.296152 331.00 188.00 421.00 314.00 17.14 188.57
2008_006307 7.035722 1.00 1.00 500.00 335.00 342.86 205.71
2008_006311 7.379250 254.00 223.00 363.00 375.00 171.43 188.57
2008_006311 6.402343 142.00 185.00 237.00 349.00 171.43 188.57
2008_006311 2.654909 1.00 216.00 124.00 375.00 325.71 188.57
2008_006330 8.803416 30.00 277.00 166.00 500.00 222.86 188.57
2008_006330 2.408255 1.00 269.00 85.00 451.00 240.00 188.57
2008_006337 5.403063 245.00 110.00 306.00 195.00 34.29 188.57
2008_006611 4.519981 1.00 183.00 157.00 343.00 308.57 188.57
2008_006611 4.653179 167.00 185.00 346.00 343.00 342.86 188.57
2008_006660 5.823062 266.00 165.00 354.00 320.00 308.57 205.71
2008_006660 4.649264 234.00 192.00 358.00 375.00 240.00 205.71
2008_006665 3.269823 437.00 239.00 500.00 333.00 51.43 171.43
2008_006684 6.189634 1.00 96.00 500.00 378.00 342.86 188.57
2008_006696 9.143064 18.00 53.00 291.00 422.00 342.86 171.43
2008_006710 5.073346 266.00 120.00 341.00 223.00 325.71 188.57
2008_006837 3.956685 229.00 1.00 343.00 207.00 171.43 188.57
2008_006837 2.962038 31.00 1.00 174.00 182.00 188.57 171.43
2008_006841 2.641936 226.00 136.00 333.00 286.00 188.57 188.57
2008_006841 3.768231 311.00 132.00 392.00 282.00 51.43 188.57
2008_006863 4.429616 1.00 99.00 276.00 375.00 17.14 205.71
2008_006979 8.634926 335.00 63.00 494.00 235.00 17.14 205.71
2008_007006 14.568624 18.00 19.00 335.00 489.00 17.14 188.57
2008_007048 9.644643 182.00 257.00 269.00 427.00 68.57 188.57
2008_007048 6.046275 178.00 249.00 251.00 395.00 68.57 188.57
2008_007048 5.384254 99.00 257.00 183.00 428.00 257.14 171.43
2008_007166 5.207401 437.00 193.00 500.00 291.00 34.29 188.57
2008_007166 8.340766 385.00 201.00 460.00 304.00 222.86 188.57
2008_007194 4.431199 41.00 89.00 171.00 312.00 0.00 188.57
2008_007194 5.291624 209.00 92.00 337.00 318.00 0.00 188.57
2008_007194 1.397293 355.00 88.00 489.00 304.00 274.29 205.71
2008_007287 4.231977 127.00 1.00 213.00 134.00 17.14 188.57
2008_007287 1.974399 4.00 204.00 304.00 375.00 240.00 205.71
2008_007287 2.891605 1.00 169.00 150.00 375.00 308.57 205.71
2008_007287 5.620295 247.00 187.00 407.00 375.00 308.57 205.71
2008_007287 5.678989 343.00 164.00 468.00 347.00 291.43 188.57
2008_007287 1.644220 417.00 142.00 482.00 239.00 308.57 205.71
2008_007287 3.295895 282.00 69.00 415.00 187.00 85.71 188.57
2008_007287 2.741815 173.00 93.00 319.00 238.00 240.00 205.71
2008_007287 1.330987 113.00 79.00 231.00 205.00 120.00 188.57
2008_007293 3.188198 200.00 276.00 375.00 500.00 171.43 188.57
2008_007339 4.830590 41.00 1.00 275.00 240.00 308.57 188.57
2008_007378 3.197810 296.00 1.00 500.00 201.00 102.86 188.57
2008_007402 8.762226 18.00 164.00 79.00 292.00 85.71 188.57
2008_007402 4.100970 1.00 193.00 40.00 327.00 291.43 188.57
2008_007402 1.956803 8.00 152.00 56.00 258.00 0.00 188.57
2008_007415 6.197263 109.00 110.00 300.00 418.00 0.00 188.57
2008_007452 6.140045 33.00 34.00 346.00 492.00 342.86 205.71
2008_007527 4.973050 82.00 219.00 289.00 375.00 205.71 205.71
2008_007561 5.085484 183.00 228.00 379.00 375.00 171.43 188.57
2008_007617 5.638169 1.00 235.00 49.00 375.00 274.29 171.43
2008_007685 6.139175 238.00 294.00 391.00 375.00 0.00 188.57
2008_007704 8.027936 150.00 1.00 366.00 142.00 342.86 188.57
2008_007704 5.046268 357.00 1.00 500.00 149.00 342.86 188.57
2008_007706 3.628455 1.00 56.00 500.00 375.00 0.00 188.57
2008_007737 2.526949 245.00 339.00 342.00 500.00 154.29 188.57
2008_007741 2.713734 35.00 277.00 111.00 375.00 154.29 188.57
2008_007768 5.491448 38.00 125.00 285.00 461.00 0.00 188.57
2008_007828 1.894238 196.00 247.00 316.00 377.00 274.29 188.57
2008_007893 16.128754 87.00 53.00 290.00 455.00 0.00 188.57
2008_007922 7.443392 177.00 228.00 327.00 375.00 120.00 188.57
2008_007922 6.747777 282.00 213.00 398.00 367.00 102.86 188.57
2008_007922 2.234029 1.00 252.00 109.00 375.00 342.86 188.57
2008_007922 3.244679 345.00 175.00 424.00 283.00 34.29 188.57
2008_007922 4.409454 54.00 169.00 118.00 290.00 342.86 188.57
2008_007922 3.473774 251.00 160.00 302.00 214.00 291.43 171.43
2008_007949 6.284162 87.00 240.00 152.00 321.00 17.14 188.57
2008_008155 6.368417 371.00 206.00 484.00 337.00 171.43 205.71
2008_008155 2.940954 416.00 174.00 490.00 325.00 85.71 188.57
2008_008362 4.031713 378.00 232.00 466.00 375.00 0.00 188.57
2008_008365 5.918333 56.00 227.00 132.00 345.00 291.43 188.57
2008_008365 4.828258 91.00 256.00 198.00 375.00 274.29 188.57
2008_008365 8.002898 274.00 262.00 389.00 375.00 85.71 188.57
2008_008365 3.953960 354.00 231.00 447.00 351.00 51.43 188.57
2008_008439 7.245731 15.00 208.00 138.00 308.00 308.57 188.57
2008_008439 7.850700 244.00 200.00 312.00 314.00 240.00 188.57
2008_008470 9.665767 62.00 173.00 119.00 263.00 257.14 188.57
2008_008536 5.378480 219.00 124.00 379.00 306.00 102.86 188.57
2008_008538 5.164184 286.00 191.00 383.00 271.00 0.00 171.43
2008_008554 2.080608 117.00 129.00 212.00 245.00 0.00 171.43
2008_008554 9.767059 229.00 126.00 331.00 239.00 0.00 171.43
2008_008554 12.073177 325.00 139.00 447.00 256.00 17.14 188.57
2008_008621 2.243912 437.00 191.00 500.00 328.00 342.86 171.43
2008_008621 6.338684 315.00 105.00 500.00 332.00 34.29 188.57
2008_008658 6.783772 294.00 171.00 448.00 342.00 68.57 205.71
2009_000096 6.925624 109.00 113.00 158.00 161.00 85.71 188.57
2009_000157 2.819046 66.00 322.00 121.00 366.00 0.00 171.43
2009_000182 2.546750 1.00 179.00 18.00 212.00 0.00 171.43
2009_000182 4.693285 46.00 154.00 85.00 207.00 68.57 171.43
2009_000182 2.237094 138.00 149.00 168.00 193.00 51.43 171.43
2009_000182 2.892530 188.00 149.00 207.00 190.00 0.00 171.43
2009_000182 2.293732 215.00 148.00 244.00 186.00 34.29 188.57
2009_000182 2.263921 206.00 146.00 231.00 186.00 154.29 171.43
2009_000182 6.798056 31.00 196.00 375.00 500.00 308.57 188.57
2009_000182 2.157443 276.00 144.00 298.00 182.00 342.86 171.43
2009_000182 4.779670 257.00 143.00 273.00 169.00 0.00 171.43
2009_000182 3.548947 245.00 153.00 261.00 169.00 342.86 171.43
2009_000182 5.554265 332.00 163.00 375.00 216.00 342.86 171.43
2009_000182 2.236271 301.00 151.00 355.00 193.00 34.29 188.57
2009_000192 3.320288 174.00 62.00 306.00 250.00 0.00 188.57
2009_000198 6.830354 236.00 100.00 346.00 290.00 0.00 188.57
2009_000198 6.390187 15.00 107.00 180.00 339.00 325.71 188.57
2009_000212 5.108829 217.00 221.00 298.00 414.00 85.71 188.57
2009_000212 3.517498 159.00 215.00 219.00 385.00 171.43 188.57
2009_000212 6.714849 72.00 222.00 153.00 411.00 274.29 171.43
2009_000212 8.077687 141.00 238.00 226.00 452.00 171.43 188.57
2009_000214 11.493926 230.00 179.00 348.00 333.00 102.86 188.57
2009_000298 3.082771 1.00 267.00 167.00 500.00 222.86 188.57
2009_000298 2.293019 190.00 116.00 331.00 353.00 51.43 205.71
2009_000298 5.367658 90.00 105.00 217.00 290.00 205.71 188.57
2009_000298 3.632107 16.00 94.00 144.00 264.00 222.86 188.57
2009_000298 3.858052 1.00 92.00 83.00 238.00 308.57 188.57
2009_000298 3.921247 1.00 254.00 68.00 356.00 0.00 171.43
2009_000304 3.761442 1.00 1.00 500.00 375.00 0.00 205.71
2009_000316 8.973519 183.00 156.00 247.00 218.00 0.00 188.57
2009_000316 2.143206 47.00 232.00 83.00 293.00 274.29 188.57
2009_000391 3.310409 1.00 82.00 68.00 283.00 51.43 188.57
2009_000422 5.786423 337.00 228.00 408.00 331.00 17.14 188.57
2009_000422 6.068754 247.00 225.00 296.00 309.00 342.86 188.57
2009_000422 1.705956 1.00 231.00 29.00 303.00 0.00 188.57
2009_000453 3.255368 4.00 103.00 500.00 375.00 325.71 188.57
2009_000483 1.940017 47.00 8.00 422.00 375.00 325.71 205.71
2009_000552 3.516376 80.00 168.00 300.00 494.00 85.71 188.57
2009_000590 5.498883 62.00 131.00 224.00 421.00 274.29 205.71
2009_000624 10.475668 1.00 95.00 237.00 375.00 0.00 188.57
2009_000760 9.867867 66.00 169.00 140.00 279.00 325.71 188.57
2009_000760 3.069091 256.00 172.00 312.00 296.00 0.00 188.57
2009_000760 4.288849 194.00 172.00 263.00 298.00 342.86 188.57
2009_000762 2.103878 146.00 62.00 407.00 459.00 17.14 188.57
2009_000811 3.521268 306.00 124.00 486.00 350.00 68.57 205.71
2009_000811 4.287799 29.00 137.00 200.00 354.00 274.29 205.71
2009_000811 1.889952 299.00 87.00 432.00 267.00 68.57 205.71
2009_000811 3.375988 336.00 58.00 397.00 143.00 51.43 188.57
2009_000811 1.685001 58.00 92.00 135.00 193.00 342.86 205.71
2009_000811 1.580948 81.00 62.00 148.00 147.00 291.43 188.57
2009_000811 5.544080 1.00 21.00 55.00 101.00 291.43 188.57
2009_000811 2.338039 33.00 11.00 69.00 75.00 154.29 188.57
2009_000851 3.922917 52.00 1.00 407.00 336.00 291.43 171.43
2009_000851 5.180012 355.00 1.00 500.00 330.00 257.14 171.43
2009_000928 7.979545 1.00 78.00 370.00 500.00 0.00 188.57
2009_000939 3.699637 82.00 180.00 120.00 242.00 154.29 188.57
2009_001000 2.485418 28.00 75.00 46.00 117.00 342.86 188.57
2009_001000 4.769736 105.00 36.00 183.00 121.00 51.43 171.43
2009_001021 4.738611 62.00 320.00 145.00 470.00 325.71 188.57
2009_001021 3.248460 1.00 342.00 93.00 500.00 342.86 188.57
2009_001028 6.889164 302.00 246.00 441.00 434.00 17.14 188.57
2009_001028 6.792122 26.00 244.00 169.00 434.00 308.57 171.43
2009_001038 10.379368 79.00 75.00 318.00 434.00 34.29 171.43
2009_001057 3.178742 293.00 70.00 500.00 324.00 342.86 171.43
2009_001243 7.067248 83.00 16.00 424.00 375.00 325.71 205.71
2009_001249 7.454985 332.00 177.00 407.00 259.00 68.57 188.57
2009_001249 8.042432 318.00 176.00 383.00 247.00 68.57 188.57
2009_001249 3.494436 218.00 196.00 288.00 279.00 188.57 171.43
2009_001249 8.270027 101.00 181.00 178.00 259.00 274.29 188.57
2009_001249 7.138059 115.00 176.00 182.00 245.00 274.29 188.57
2009_001299 4.240841 32.00 95.00 197.00 295.00 0.00 171.43
2009_001299 7.491850 194.00 98.00 331.00 287.00 342.86 188.57
2009_001299 7.825064 330.00 96.00 480.00 291.00 0.00 188.57
2009_001299 6.771380 476.00 95.00 500.00 290.00 342.86 171.43
2009_001313 6.072750 33.00 176.00 142.00 289.00 291.43 188.57
2009_001313 11.506243 366.00 156.00 486.00 265.00 34.29 188.57
2009_001371 12.823205 365.00 63.00 467.00 259.00 342.86 188.57
2009_001371 12.000843 161.00 66.00 284.00 269.00 325.71 188.57
2009_001371 8.313903 26.00 77.00 137.00 293.00 342.86 205.71
2009_001398 7.704244 80.00 282.00 143.00 308.00 0.00 171.43
2009_001398 2.478630 190.00 295.00 211.00 329.00 0.00 171.43
2009_001398 2.982677 201.00 313.00 218.00 359.00 274.29 171.43
2009_001398 4.418415 3.00 383.00 128.00 464.00 0.00 171.43
2009_001426 3.541338 383.00 182.00 479.00 254.00 0.00 188.57
2009_001426 4.300794 157.00 191.00 238.00 375.00 291.43 205.71
2009_001426 4.872666 249.00 137.00 278.00 198.00 0.00 188.57
2009_001426 1.883098 68.00 127.00 139.00 193.00 68.57 171.43
2009_001426 2.163383 1.00 171.00 54.00 254.00 102.86 188.57
2009_001431 6.921199 38.00 40.00 307.00 473.00 342.86 205.71
2009_001437 7.005546 78.00 167.00 188.00 273.00 342.86 188.57
2009_001437 7.431322 230.00 149.00 266.00 185.00 342.86 171.43
2009_001440 5.505218 1.00 131.00 48.00 263.00 0.00 171.43
2009_001447 4.492300 1.00 238.00 203.00 375.00 0.00 171.43
2009_001447 2.325770 435.00 211.00 484.00 280.00 171.43 188.57
2009_001447 6.871861 270.00 209.00 442.00 279.00 342.86 188.57
2009_001490 2.542309 4.00 56.00 418.00 375.00 34.29 188.57
2009_001575 1.885933 242.00 271.00 368.00 397.00 205.71 205.71
2009_001621 7.626870 111.00 122.00 240.00 262.00 342.86 171.43
2009_001623 7.547765 159.00 1.00 222.00 158.00 17.14 171.43
2009_001623 2.835883 49.00 1.00 175.00 226.00 240.00 188.57
2009_001754 4.928436 262.00 259.00 412.00 375.00 137.14 205.71
2009_001754 10.245558 304.00 216.00 407.00 321.00 51.43 188.57
2009_001754 4.270533 259.00 204.00 294.00 236.00 51.43 188.57
2009_001754 11.249821 122.00 233.00 243.00 375.00 240.00 188.57
2009_001754 7.763810 94.00 215.00 192.00 361.00 240.00 188.57
2009_001754 4.262527 145.00 194.00 198.00 224.00 342.86 171.43
2009_001754 11.524157 1.00 207.00 81.00 303.00 308.57 188.57
2009_001775 4.736964 1.00 170.00 193.00 415.00 257.14 188.57
2009_001784 8.048455 20.00 1.00 375.00 500.00 342.86 188.57
2009_001848 5.104001 316.00 216.00 375.00 315.00 342.86 171.43
2009_001864 3.180763 294.00 216.00 353.00 326.00 0.00 171.43
2009_001976 3.846039 212.00 175.00 311.00 334.00 0.00 188.57
2009_002003 8.084061 116.00 30.00 255.00 246.00 291.43 188.57
2009_002003 9.101929 291.00 25.00 406.00 252.00 85.71 188.57
2009_002055 6.899542 240.00 228.00 341.00 375.00 120.00 188.57
2009_002055 6.202416 114.00 237.00 227.00 375.00 222.86 188.57
2009_002055 1.975783 85.00 210.00 129.00 367.00 240.00 188.57
2009_002055 3.418063 234.00 212.00 274.00 256.00 0.00 188.57
2009_002055 2.505647 4.00 205.00 46.00 316.00 102.86 188.57
2009_002078 3.299847 268.00 68.00 319.00 194.00 342.86 205.71
2009_002078 3.028495 169.00 63.00 213.00 106.00 188.57 188.57
2009_002078 7.672167 127.00 79.00 168.00 118.00 291.43 171.43
2009_002078 6.592187 87.00 85.00 145.00 225.00 291.43 188.57
2009_002078 9.085847 35.00 96.00 118.00 253.00 257.14 188.57
2009_002078 7.441733 100.00 129.00 251.00 338.00 205.71 205.71
2009_002078 3.641056 377.00 65.00 439.00 176.00 51.43 171.43
2009_002078 4.440179 369.00 83.00 421.00 167.00 68.57 171.43
2009_002078 13.171318 315.00 92.00 429.00 257.00 85.71 188.57
2009_002078 17.236534 297.00 101.00 430.00 307.00 85.71 188.57
2009_002111 7.005036 1.00 235.00 368.00 476.00 171.43 205.71
2009_002139 3.284783 399.00 220.00 463.00 335.00 342.86 188.57
2009_002139 3.674596 70.00 220.00 184.00 330.00 0.00 171.43
2009_002169 1.298841 318.00 46.00 370.00 130.00 51.43 205.71
2009_002169 1.058308 15.00 45.00 68.00 135.00 0.00 222.86
2009_002169 4.836237 1.00 91.00 34.00 207.00 0.00 171.43
2009_002169 4.627710 39.00 333.00 351.00 500.00 171.43 171.43
2009_002169 3.585277 142.00 21.00 236.00 45.00 0.00 171.43
2009_002208 1.821330 283.00 184.00 389.00 339.00 85.71 188.57
2009_002208 1.215932 18.00 174.00 136.00 315.00 257.14 205.71
2009_002208 4.302953 106.00 163.00 183.00 283.00 0.00 171.43
2009_002208 2.147997 141.00 201.00 253.00 329.00 342.86 205.71
2009_002252 8.618198 55.00 32.00 290.00 457.00 342.86 188.57
2009_002257 6.801228 1.00 224.00 399.00 500.00 0.00 171.43
2009_002325 4.892309 385.00 191.00 500.00 294.00 51.43 188.57
2009_002325 5.949149 338.00 179.00 434.00 259.00 51.43 188.57
2009_002328 4.257748 1.00 18.00 116.00 143.00 342.86 171.43
2009_002346 4.273317 373.00 112.00 500.00 375.00 0.00 171.43
2009_002374 6.847684 1.00 1.00 375.00 500.00 342.86 222.86
2009_002415 13.595606 70.00 25.00 346.00 500.00 342.86 205.71
2009_002433 1.905328 305.00 194.00 340.00 201.00 0.00 171.43
2009_002433 2.780255 384.00 201.00 417.00 228.00 0.00 171.43
2009_002433 1.762129 390.00 224.00 412.00 311.00 291.43 188.57
2009_002433 6.459805 333.00 231.00 392.00 320.00 120.00 188.57
2009_002433 10.586107 287.00 247.00 376.00 333.00 102.86 205.71
2009_002433 4.229423 198.00 283.00 288.00 333.00 342.86 188.57
2009_002433 3.987579 70.00 254.00 178.00 333.00 240.00 188.57
2009_002444 5.921750 65.00 335.00 128.00 500.00 274.29 188.57
2009_002444 3.623344 91.00 324.00 236.00 500.00 257.14 188.57
2009_002444 4.153574 228.00 304.00 328.00 369.00 171.43 188.57
2009_002444 3.701043 134.00 322.00 224.00 400.00 171.43 188.57
2009_002471 5.600474 1.00 248.00 169.00 375.00 222.86 188.57
2009_002471 4.308922 184.00 291.00 316.00 375.00 188.57 188.57
2009_002471 4.859386 1.00 201.00 32.00 249.00 0.00 171.43
2009_002471 2.974931 123.00 165.00 171.00 193.00 0.00 188.57
2009_002471 2.660666 183.00 144.00 226.00 203.00 308.57 188.57
2009_002471 2.782786 421.00 143.00 447.00 168.00 342.86 171.43
2009_002471 4.224518 301.00 133.00 332.00 153.00 342.86 171.43
2009_002471 2.922590 171.00 142.00 241.00 195.00 308.57 188.57
2009_002487 7.931866 172.00 150.00 242.00 284.00 308.57 188.57
2009_002487 8.254799 255.00 151.00 338.00 291.00 34.29 188.57
2009_002487 9.000580 279.00 171.00 382.00 333.00 85.71 188.57
2009_002487 13.216425 102.00 160.00 193.00 319.00 257.14 188.57
2009_002537 4.073469 300.00 256.00 367.00 359.00 291.43 188.57
2009_002546 3.607193 213.00 262.00 279.00 320.00 325.71 188.57
2009_002546 3.830164 102.00 274.00 189.00 344.00 325.71 188.57
2009_002546 1.863044 451.00 332.00 500.00 375.00 342.86 188.57
2009_002571 12.470308 228.00 29.00 329.00 195.00 274.29 171.43
2009_002571 1.603867 352.00 1.00 478.00 205.00 154.29 171.43
2009_002634 2.814667 427.00 328.00 470.00 375.00 0.00 171.43
2009_002634 4.019870 402.00 308.00 439.00 366.00 240.00 188.57
2009_002634 5.991879 356.00 299.00 421.00 348.00 240.00 188.57
2009_002634 3.445144 352.00 351.00 420.00 375.00 0.00 188.57
2009_002634 2.939263 346.00 328.00 383.00 375.00 51.43 188.57
2009_002634 2.287797 309.00 312.00 339.00 351.00 342.86 171.43
2009_002634 5.127761 283.00 303.00 312.00 338.00 51.43 171.43
2009_002634 6.802102 204.00 344.00 274.00 375.00 240.00 188.57
2009_002634 7.714367 189.00 328.00 243.00 369.00 240.00 188.57
2009_002634 5.107014 171.00 311.00 223.00 368.00 257.14 188.57
2009_002634 3.040725 85.00 321.00 136.00 373.00 51.43 171.43
2009_002634 5.176893 48.00 337.00 121.00 375.00 68.57 188.57
2009_002663 2.218379 182.00 270.00 357.00 375.00 68.57 205.71
2009_002663 6.446342 340.00 221.00 459.00 375.00 102.86 188.57
2009_002663 3.478151 377.00 182.00 475.00 375.00 85.71 188.57
2009_002663 2.848424 104.00 142.00 176.00 214.00 325.71 188.57
2009_002663 5.266827 1.00 152.00 53.00 242.00 291.43 188.57
2009_002663 2.222208 301.00 144.00 376.00 204.00 188.57 188.57
2009_002683 8.772389 128.00 229.00 257.00 355.00 308.57 188.57
2009_002683 4.529397 1.00 339.00 143.00 400.00 308.57 188.57
2009_002698 6.216081 274.00 267.00 361.00 413.00 0.00 188.57
2009_002743 1.612622 1.00 198.00 97.00 375.00 137.14 205.71
2009_002743 5.400144 316.00 197.00 456.00 375.00 68.57 188.57
2009_002743 2.840341 351.00 150.00 441.00 235.00 68.57 171.43
2009_002743 11.338400 287.00 97.00 351.00 181.00 325.71 188.57
2009_002743 3.820409 401.00 95.00 431.00 133.00 308.57 188.57
2009_002744 2.229962 16.00 107.00 81.00 218.00 154.29 188.57
2009_002755 4.731009 131.00 40.00 361.00 374.00 222.86 188.57
2009_002762 3.867033 106.00 58.00 480.00 340.00 51.43 188.57
2009_002785 5.545791 18.00 130.00 135.00 299.00 68.57 188.57
2009_002790 3.617071 123.00 117.00 217.00 203.00 291.43 188.57
2009_002816 4.672986 4.00 314.00 174.00 500.00 154.29 188.57
2009_002816 6.002466 159.00 301.00 305.00 500.00 154.29 188.57
2009_002816 2.932916 268.00 308.00 375.00 500.00 137.14 188.57
2009_002841 4.039197 212.00 395.00 229.00 433.00 0.00 171.43
2009_002978 3.787788 257.00 276.00 429.00 375.00 120.00 188.57
2009_002978 3.088913 319.00 227.00 391.00 307.00 17.14 188.57
2009_002978 2.306849 244.00 205.00 313.00 278.00 325.71 188.57
2009_002978 2.444569 98.00 211.00 165.00 273.00 325.71 188.57
2009_002978 7.063845 35.00 252.00 194.00 375.00 257.14 188.57
2009_002978 4.287076 10.00 230.00 148.00 365.00 257.14 188.57
2009_002995 1.874026 301.00 54.00 430.00 277.00 205.71 205.71
2009_002995 4.082239 1.00 88.00 66.00 266.00 240.00 188.57
2009_003071 3.987675 17.00 118.00 158.00 330.00 308.57 188.57
2009_003071 4.111135 387.00 110.00 500.00 190.00 0.00 171.43
2009_003098 2.802449 1.00 1.00 129.00 106.00 17.14 188.57
2009_003110 11.039852 300.00 43.00 481.00 297.00 308.57 188.57
2009_003123 5.855927 1.00 230.00 78.00 286.00 0.00 171.43
2009_003140 6.113506 247.00 205.00 409.00 375.00 102.86 205.71
2009_003150 9.642763 399.00 230.00 495.00 327.00 102.86 188.57
2009_003150 6.998564 315.00 248.00 413.00 331.00 120.00 205.71
2009_003150 8.427757 213.00 258.00 308.00 331.00 222.86 188.57
2009_003150 4.795650 152.00 191.00 216.00 299.00 342.86 171.43
2009_003191 1.369283 313.00 305.00 351.00 483.00 51.43 188.57
2009_003198 8.446626 220.00 227.00 385.00 375.00 102.86 205.71
2009_003198 3.724289 16.00 248.00 198.00 375.00 240.00 205.71
2009_003198 3.451904 1.00 240.00 75.00 375.00 240.00 205.71
2009_003198 3.500087 91.00 168.00 144.00 222.00 291.43 188.57
2009_003198 4.577775 154.00 183.00 214.00 232.00 0.00 188.57
2009_003198 3.827801 225.00 186.00 296.00 245.00 34.29 188.57
2009_003198 4.736349 1.00 187.00 65.00 249.00 291.43 188.57
2009_003251 2.970381 282.00 122.00 341.00 148.00 0.00 171.43
2009_003251 2.008948 416.00 111.00 500.00 350.00 85.71 188.57
2009_003251 2.442886 1.00 259.00 187.00 375.00 257.14 171.43
2009_003251 1.765521 55.00 91.00 105.00 197.00 342.86 188.57
2009_003320 3.254097 1.00 220.00 305.00 500.00 34.29 188.57
2009_003351 5.815238 272.00 285.00 298.00 332.00 0.00 188.57
2009_003415 3.711672 101.00 16.00 399.00 222.00 0.00 188.57
2009_003415 5.509317 1.00 1.00 130.00 186.00 34.29 188.57
2009_003440 2.865485 171.00 359.00 232.00 374.00 342.86 171.43
2009_003440 2.286221 206.00 280.00 266.00 374.00 291.43 188.57
2009_003440 4.283669 166.00 213.00 228.00 286.00 154.29 188.57
2009_003440 2.353022 245.00 214.00 306.00 285.00 342.86 171.43
2009_003440 6.098713 93.00 200.00 160.00 268.00 291.43 188.57
2009_003440 7.603261 116.00 192.00 171.00 250.00 274.29 188.57
2009_003494 6.000441 137.00 287.00 301.00 500.00 17.14 188.57
2009_003494 6.449120 1.00 313.00 103.00 477.00 308.57 188.57
2009_003494 2.346405 176.00 307.00 273.00 444.00 0.00 171.43
2009_003507 3.499353 252.00 308.00 334.00 468.00 0.00 188.57
2009_003507 5.533621 136.00 308.00 249.00 500.00 291.43 188.57
2009_003507 9.055513 118.00 340.00 281.00 500.00 222.86 205.71
2009_003508 4.233681 358.00 127.00 387.00 166.00 154.29 188.57
2009_003508 2.906248 362.00 156.00 390.00 191.00 102.86 171.43
2009_003508 2.262638 456.00 255.00 500.00 320.00 51.43 171.43
2009_003508 2.415604 413.00 226.00 455.00 280.00 342.86 171.43
2009_003508 4.822399 413.00 194.00 448.00 245.00 137.14 171.43
2009_003508 1.918303 344.00 172.00 378.00 217.00 137.14 188.57
2009_003508 1.763865 355.00 237.00 390.00 289.00 0.00 171.43
2009_003508 2.248605 312.00 165.00 340.00 214.00 137.14 171.43
2009_003508 3.011814 324.00 265.00 359.00 318.00 342.86 171.43
2009_003508 2.332268 286.00 292.00 327.00 346.00 0.00 171.43
2009_003508 3.872164 238.00 314.00 274.00 370.00 154.29 188.57
2009_003508 4.781094 198.00 314.00 236.00 375.00 154.29 171.43
2009_003508 3.015902 258.00 237.00 292.00 293.00 154.29 171.43
2009_003508 2.533222 220.00 180.00 249.00 230.00 0.00 171.43
2009_003508 4.244237 230.00 136.00 261.00 181.00 154.29 188.57
2009_003508 3.285002 174.00 125.00 199.00 164.00 154.29 171.43
2009_003508 2.135902 144.00 143.00 169.00 195.00 188.57 171.43
2009_003508 2.169719 154.00 212.00 188.00 266.00 154.29 171.43
2009_003544 2.749210 78.00 130.00 258.00 440.00 257.14 171.43
2009_003554 7.211995 386.00 166.00 470.00 253.00 0.00 188.57
2009_003671 1.088260 312.00 199.00 500.00 312.00 34.29 188.57
2009_003671 3.796814 411.00 114.00 500.00 221.00 51.43 205.71
2009_003726 1.690570 1.00 282.00 13.00 316.00 274.29 171.43
2009_003726 1.735962 7.00 280.00 30.00 315.00 205.71 171.43
2009_003726 2.060423 26.00 281.00 46.00 314.00 137.14 171.43
2009_003759 4.730617 91.00 181.00 131.00 289.00 257.14 171.43
2009_003759 6.062291 119.00 195.00 199.00 316.00 240.00 188.57
2009_003759 4.545612 180.00 208.00 270.00 331.00 17.14 188.57
2009_003759 4.298227 225.00 180.00 289.00 294.00 17.14 188.57
2009_003759 8.492397 219.00 172.00 253.00 206.00 17.14 171.43
2009_003759 6.728454 125.00 163.00 171.00 188.00 342.86 171.43
2009_003813 5.225973 39.00 50.00 324.00 456.00 325.71 188.57
2009_003835 4.888488 320.00 213.00 396.00 316.00 154.29 188.57
2009_003835 11.457059 248.00 201.00 313.00 304.00 257.14 188.57
2009_003840 3.783117 56.00 322.00 213.00 375.00 171.43 205.71
2009_003840 2.062172 204.00 244.00 296.00 375.00 102.86 188.57
2009_003840 4.380088 20.00 232.00 94.00 277.00 0.00 171.43
2009_003849 5.766562 355.00 191.00 498.00 375.00 34.29 188.57
2009_003884 2.404506 89.00 197.00 303.00 488.00 68.57 188.57
2009_003884 9.844408 1.00 171.00 127.00 381.00 34.29 188.57
2009_003884 2.766199 127.00 156.00 219.00 272.00 291.43 188.57
2009_003884 1.698448 119.00 148.00 189.00 239.00 291.43 188.57
2009_003895 5.433405 1.00 63.00 115.00 131.00 291.43 188.57
2009_003973 8.761040 398.00 176.00 480.00 303.00 51.43 188.57
2009_003973 6.222191 290.00 175.00 333.00 269.00 34.29 171.43
2009_003973 4.450664 191.00 182.00 274.00 302.00 34.29 188.57
2009_003973 5.132698 119.00 186.00 227.00 325.00 291.43 188.57
2009_003973 11.318745 74.00 212.00 227.00 372.00 222.86 205.71
2009_003973 13.850895 302.00 185.00 388.00 325.00 102.86 188.57
2009_003973 22.251381 252.00 193.00 365.00 372.00 102.86 205.71
2009_003991 5.082955 207.00 120.00 329.00 342.00 51.43 188.57
2009_004032 1.719817 91.00 81.00 131.00 145.00 240.00 171.43
2009_004032 2.442994 123.00 82.00 136.00 149.00 342.86 171.43
2009_004092 1.876498 230.00 177.00 452.00 375.00 34.29 188.57
2009_004092 4.738673 68.00 88.00 199.00 222.00 0.00 188.57
2009_004129 9.430054 170.00 123.00 322.00 328.00 0.00 188.57
2009_004131 0.679138 143.00 204.00 390.00 372.00 120.00 188.57
2009_004131 3.427267 77.00 157.00 252.00 375.00 240.00 188.57
2009_004131 4.469240 391.00 142.00 495.00 335.00 34.29 188.57
2009_004140 5.017293 189.00 167.00 251.00 237.00 342.86 171.43
2009_004140 5.900047 99.00 180.00 211.00 327.00 308.57 188.57
2009_004140 3.429023 305.00 185.00 390.00 340.00 0.00 188.57
2009_004140 5.832195 60.00 206.00 248.00 375.00 257.14 188.57
2009_004140 2.562124 285.00 218.00 500.00 375.00 51.43 188.57
2009_004148 2.628692 101.00 269.00 212.00 462.00 342.86 171.43
2009_004152 2.195084 128.00 144.00 144.00 204.00 85.71 171.43
2009_004152 6.132029 321.00 152.00 343.00 239.00 274.29 171.43
2009_004217 10.576166 115.00 251.00 215.00 415.00 85.71 171.43
2009_004243 6.637755 67.00 169.00 191.00 333.00 291.43 188.57
2009_004263 4.026173 1.00 197.00 128.00 458.00 0.00 171.43
2009_004263 4.234715 356.00 197.00 500.00 458.00 342.86 171.43
2009_004263 5.413985 293.00 211.00 373.00 298.00 342.86 171.43
2009_004263 3.838202 116.00 211.00 181.00 301.00 342.86 171.43
2009_004359 2.372378 1.00 57.00 106.00 375.00 0.00 171.43
2009_004377 4.204880 61.00 122.00 353.00 374.00 34.29 188.57
2009_004404 3.597229 238.00 369.00 333.00 500.00 342.86 171.43
2009_004419 5.134699 74.00 232.00 370.00 375.00 325.71 205.71
2009_004419 7.178686 105.00 164.00 173.00 215.00 342.86 188.57
2009_004419 5.575727 49.00 192.00 106.00 293.00 257.14 188.57
2009_004499 1.467000 290.00 54.00 339.00 126.00 291.43 171.43
2009_004499 3.244654 185.00 64.00 305.00 308.00 17.14 188.57
2009_004499 2.537410 1.00 113.00 38.00 266.00 240.00 171.43
2009_004499 8.756576 19.00 73.00 186.00 359.00 257.14 188.57
2009_004499 3.965921 216.00 80.00 374.00 354.00 120.00 188.57
2009_004499 10.751547 363.00 67.00 471.00 308.00 51.43 188.57
2009_004532 6.260700 360.00 215.00 500.00 375.00 85.71 188.57
2009_004532 3.067247 3.00 139.00 137.00 261.00 308.57 188.57
2009_004532 2.485869 139.00 126.00 236.00 200.00 342.86 171.43
2009_004532 3.928637 385.00 121.00 485.00 209.00 0.00 188.57
2009_004536 11.046351 19.00 17.00 307.00 479.00 17.14 205.71
2009_004537 4.434189 35.00 297.00 171.00 490.00 205.71 188.57
2009_004687 4.011155 403.00 197.00 500.00 300.00 68.57 188.57
2009_004718 9.548174 88.00 70.00 395.00 372.00 0.00 188.57
2009_004720 2.922419 3.00 293.00 185.00 375.00 0.00 188.57
2009_004720 4.804570 270.00 19.00 349.00 94.00 0.00 171.43
2009_004720 2.903539 390.00 19.00 470.00 141.00 154.29 188.57
2009_004720 3.449026 99.00 21.00 177.00 107.00 342.86 188.57
2009_004746 10.995814 30.00 46.00 225.00 382.00 325.71 188.57
2009_004769 5.573508 90.00 415.00 249.00 500.00 137.14 188.57
2009_004769 3.883486 275.00 395.00 375.00 500.00 137.14 188.57
2009_004769 2.341626 33.00 328.00 125.00 357.00 154.29 188.57
2009_004784 2.618485 152.00 218.00 264.00 332.00 51.43 171.43
2009_004784 2.156406 306.00 276.00 371.00 332.00 342.86 188.57
2009_004784 3.190143 435.00 85.00 500.00 164.00 205.71 171.43
2009_004823 8.887689 110.00 211.00 236.00 343.00 308.57 188.57
2009_004849 3.116942 101.00 158.00 219.00 318.00 68.57 188.57
2009_004859 3.856667 2.00 25.00 129.00 375.00 308.57 188.57
2009_004869 6.871514 111.00 18.00 473.00 333.00 17.14 188.57
2009_004922 7.099500 81.00 123.00 261.00 334.00 222.86 188.57
2009_004974 3.487143 123.00 88.00 267.00 168.00 0.00 171.43
2009_005062 2.057905 39.00 172.00 186.00 399.00 188.57 205.71
2009_005079 3.820154 21.00 1.00 342.00 500.00 274.29 188.57
2009_005080 3.808129 287.00 164.00 370.00 278.00 308.57 188.57
2009_005080 4.832277 1.00 163.00 61.00 217.00 325.71 171.43
2009_005080 2.476510 98.00 231.00 232.00 375.00 240.00 205.71
2009_005080 1.929124 80.00 207.00 185.00 375.00 68.57 188.57
2009_005165 2.892805 250.00 293.00 375.00 500.00 342.86 188.57
2009_005165 2.692781 1.00 99.00 106.00 323.00 308.57 188.57
2009_005171 3.040352 291.00 293.00 477.00 375.00 188.57 188.57
2009_005171 4.924570 434.00 216.00 500.00 281.00 17.14 171.43
2009_005171 6.910618 267.00 217.00 327.00 303.00 291.43 188.57
2009_005171 9.059084 149.00 174.00 260.00 375.00 120.00 188.57
2009_005171 12.690265 4.00 181.00 145.00 375.00 120.00 188.57
2009_005202 1.880583 322.00 227.00 500.00 375.00 68.57 222.86
2009_005202 9.567354 30.00 168.00 250.00 375.00 205.71 205.71
2009_005202 3.849119 250.00 53.00 321.00 102.00 0.00 188.57
2009_005202 3.675840 278.00 102.00 430.00 291.00 85.71 188.57
2009_005202 4.419469 28.00 69.00 111.00 160.00 291.43 188.57
2009_005204 13.315872 1.00 133.00 332.00 500.00 325.71 188.57
2009_005205 1.793125 119.00 145.00 143.00 169.00 51.43 188.57
2009_005205 1.929317 276.00 147.00 299.00 174.00 291.43 171.43
2009_005205 2.929156 282.00 170.00 318.00 246.00 68.57 188.57
2009_005205 2.452908 98.00 165.00 132.00 245.00 0.00 205.71
2009_005205 2.249808 53.00 215.00 111.00 320.00 274.29 222.86
2009_005205 2.576441 298.00 220.00 359.00 323.00 51.43 205.71
2009_005205 2.393370 6.00 265.00 194.00 500.00 274.29 222.86
2009_005205 1.545402 204.00 298.00 375.00 500.00 342.86 222.86
2009_005216 5.029846 1.00 16.00 333.00 500.00 0.00 188.57
2009_005257 2.092436 295.00 214.00 440.00 374.00 222.86 188.57
2009_005257 3.270483 50.00 199.00 177.00 324.00 240.00 188.57
2009_005286 3.478548 267.00 141.00 350.00 215.00 34.29 188.57
2009_005286 4.140197 310.00 141.00 431.00 226.00 17.14 188.57
2009_005288 1.688087 1.00 208.00 78.00 336.00 308.57 188.57
2009_005300 5.070468 222.00 263.00 339.00 461.00 342.86 205.71
2010_000003 1.974443 17.00 52.00 455.00 375.00 68.57 222.86
2010_000015 3.601777 342.00 32.00 500.00 375.00 0.00 205.71
2010_000090 5.106487 11.00 1.00 464.00 375.00 342.86 171.43
2010_000178 3.703302 321.00 237.00 430.00 338.00 34.29 188.57
2010_000178 2.553486 153.00 296.00 215.00 364.00 0.00 171.43
2010_000178 2.304347 191.00 250.00 306.00 372.00 171.43 188.57
2010_000349 5.561121 72.00 198.00 112.00 278.00 102.86 188.57
2010_000384 2.100477 23.00 1.00 421.00 333.00 291.43 188.57
2010_000431 3.874328 3.00 243.00 146.00 490.00 17.14 188.57
2010_000435 4.963211 164.00 205.00 311.00 363.00 171.43 188.57
2010_000435 2.669345 379.00 183.00 500.00 307.00 51.43 188.57
2010_000470 8.789730 248.00 13.00 375.00 291.00 342.86 205.71
2010_000485 6.397205 47.00 168.00 292.00 488.00 51.43 171.43
2010_000497 2.506500 40.00 1.00 234.00 221.00 17.14 171.43
2010_000497 1.830949 4.00 1.00 141.00 219.00 342.86 171.43
2010_000602 2.929894 300.00 127.00 343.00 184.00 308.57 188.57
2010_000639 4.821411 1.00 1.00 113.00 304.00 342.86 171.43
2010_000646 6.361178 1.00 272.00 123.00 375.00 85.71 188.57
2010_000646 9.008664 124.00 178.00 197.00 282.00 17.14 188.57
2010_000669 4.861353 53.00 267.00 122.00 316.00 342.86 188.57
2010_000669 2.205359 1.00 314.00 111.00 374.00 342.86 171.43
2010_000705 3.097663 317.00 207.00 448.00 307.00 51.43 188.57
2010_000754 5.232930 13.00 233.00 139.00 333.00 222.86 188.57
2010_000754 6.061315 185.00 234.00 335.00 333.00 137.14 188.57
2010_000754 4.734562 284.00 216.00 406.00 333.00 102.86 205.71
2010_000754 2.859293 284.00 194.00 382.00 333.00 120.00 205.71
2010_000754 3.218319 81.00 205.00 155.00 236.00 342.86 188.57
2010_000761 1.364795 78.00 8.00 356.00 288.00 34.29 205.71
2010_000821 5.546517 249.00 202.00 340.00 375.00 291.43 188.57
2010_000821 3.636144 399.00 195.00 459.00 255.00 0.00 188.57
2010_000821 4.979080 335.00 239.00 453.00 375.00 205.71 188.57
2010_000968 1.948961 25.00 138.00 233.00 355.00 171.43 188.57
2010_001188 2.624223 1.00 290.00 160.00 374.00 0.00 188.57
2010_001189 12.272439 52.00 174.00 166.00 300.00 342.86 188.57
2010_001216 1.888339 358.00 1.00 500.00 265.00 342.86 205.71
2010_001343 5.303417 54.00 172.00 142.00 243.00 0.00 171.43
2010_001343 5.062151 266.00 207.00 333.00 297.00 51.43 171.43
2010_001343 5.062153 1.00 222.00 117.00 456.00 257.14 188.57
2010_001343 6.102283 11.00 266.00 174.00 500.00 257.14 188.57
2010_001455 3.887700 115.00 305.00 224.00 442.00 34.29 171.43
2010_001455 9.074173 15.00 301.00 122.00 464.00 240.00 188.57
2010_001455 2.374285 97.00 305.00 151.00 434.00 34.29 171.43
2010_001528 3.297385 388.00 228.00 493.00 375.00 291.43 188.57
2010_001535 3.453898 367.00 97.00 500.00 251.00 222.86 188.57
2010_001535 6.511355 307.00 116.00 490.00 303.00 222.86 188.57
2010_001574 4.318965 54.00 119.00 134.00 219.00 102.86 188.57
2010_001574 3.434499 125.00 124.00 214.00 250.00 68.57 188.57
2010_001579 3.614259 291.00 177.00 336.00 245.00 0.00 171.43
2010_001680 3.643756 1.00 1.00 146.00 133.00 325.71 205.71
2010_001682 3.428822 384.00 124.00 472.00 296.00 85.71 171.43
2010_001682 2.879228 165.00 121.00 230.00 199.00 0.00 171.43
2010_001699 4.891494 258.00 84.00 421.00 358.00 342.86 205.71
2010_001712 1.934210 22.00 236.00 93.00 375.00 274.29 188.57
2010_001731 22.283644 109.00 37.00 385.00 469.00 34.29 188.57
2010_001823 9.748426 127.00 333.00 235.00 500.00 257.14 188.57
2010_001823 2.661737 239.00 366.00 333.00 500.00 240.00 205.71
2010_001851 8.212572 37.00 211.00 131.00 355.00 274.29 188.57
2010_001851 9.598981 218.00 199.00 309.00 337.00 68.57 205.71
2010_001857 2.917361 57.00 210.00 258.00 414.00 342.86 188.57
2010_001862 2.904549 202.00 95.00 456.00 375.00 171.43 188.57
2010_002017 0.882472 309.00 52.00 500.00 375.00 51.43 188.57
2010_002050 3.609374 1.00 1.00 135.00 223.00 325.71 205.71
2010_002086 3.086260 3.00 1.00 500.00 333.00 0.00 171.43
2010_002199 8.339983 219.00 254.00 306.00 350.00 34.29 188.57
2010_002211 1.885379 121.00 407.00 212.00 470.00 342.86 188.57
2010_002319 4.109157 26.00 150.00 239.00 385.00 274.29 171.43
2010_002336 4.537360 172.00 144.00 375.00 496.00 325.71 188.57
2010_002336 4.750752 1.00 156.00 157.00 412.00 342.86 188.57
2010_002336 1.259581 195.00 103.00 323.00 357.00 102.86 188.57
2010_002336 4.977624 24.00 138.00 195.00 340.00 342.86 188.57
2010_002337 5.418042 1.00 101.00 223.00 321.00 291.43 188.57
2010_002366 6.661033 183.00 331.00 309.00 453.00 102.86 188.57
2010_002366 6.255784 89.00 308.00 149.00 349.00 325.71 188.57
2010_002366 6.064670 1.00 326.00 123.00 500.00 291.43 188.57
2010_002366 10.838415 143.00 354.00 303.00 500.00 102.86 205.71
2010_002370 3.832795 170.00 224.00 325.00 375.00 257.14 205.71
2010_002370 2.044384 184.00 191.00 293.00 320.00 274.29 205.71
2010_002370 2.900350 201.00 172.00 282.00 249.00 342.86 188.57
2010_002370 3.641218 122.00 163.00 188.00 238.00 274.29 188.57
2010_002370 2.847404 8.00 162.00 75.00 236.00 342.86 171.43
2010_002383 5.420339 139.00 142.00 271.00 317.00 342.86 188.57
2010_002538 4.409092 238.00 336.00 305.00 407.00 205.71 171.43
2010_002538 4.310748 154.00 336.00 220.00 406.00 205.71 171.43
2010_002603 4.694324 235.00 248.00 375.00 500.00 291.43 188.57
2010_002603 2.284302 6.00 237.00 107.00 422.00 291.43 188.57
2010_002605 2.122408 117.00 44.00 335.00 346.00 0.00 171.43
2010_002605 4.070827 272.00 176.00 375.00 433.00 171.43 188.57
2010_002605 6.905827 31.00 200.00 177.00 449.00 274.29 188.57
2010_002605 2.891351 96.00 246.00 165.00 395.00 0.00 188.57
2010_002639 6.307530 210.00 120.00 269.00 163.00 342.86 171.43
2010_002639 3.652282 18.00 174.00 123.00 315.00 308.57 205.71
2010_002639 3.390028 10.00 236.00 155.00 375.00 325.71 205.71
2010_002639 3.709886 253.00 151.00 311.00 196.00 34.29 188.57
2010_002639 4.263651 357.00 174.00 435.00 243.00 17.14 205.71
2010_002639 2.158126 312.00 279.00 485.00 375.00 137.14 205.71
2010_002693 3.690502 1.00 270.00 203.00 500.00 68.57 188.57
2010_002721 3.012162 382.00 64.00 471.00 281.00 51.43 188.57
2010_002721 15.348274 222.00 152.00 473.00 375.00 102.86 205.71
2010_002721 5.655341 1.00 133.00 231.00 375.00 222.86 205.71
2010_002728 14.212526 135.00 174.00 276.00 373.00 240.00 205.71
2010_002728 13.723248 277.00 166.00 413.00 368.00 102.86 205.71
2010_002877 4.057940 95.00 195.00 141.00 302.00 274.29 188.57
2010_002877 6.471183 340.00 213.00 414.00 338.00 85.71 188.57
2010_002877 2.523898 118.00 211.00 192.00 336.00 240.00 188.57
2010_002877 3.571257 197.00 226.00 268.00 338.00 0.00 188.57
2010_002881 2.210259 54.00 106.00 250.00 331.00 120.00 188.57
2010_002921 7.121213 121.00 255.00 336.00 374.00 274.29 188.57
2010_002921 2.136703 1.00 210.00 117.00 374.00 274.29 188.57
2010_002958 4.721638 168.00 195.00 332.00 447.00 51.43 188.57
2010_002958 8.941126 1.00 114.00 255.00 384.00 34.29 188.57
2010_003103 6.340166 6.00 229.00 230.00 450.00 274.29 188.57
2010_003154 10.088915 147.00 288.00 271.00 375.00 188.57 188.57
2010_003154 9.257731 289.00 270.00 402.00 375.00 85.71 188.57
2010_003154 11.172203 144.00 246.00 240.00 375.00 291.43 188.57
2010_003154 2.290104 273.00 239.00 330.00 348.00 0.00 188.57
2010_003302 6.354729 184.00 212.00 366.00 375.00 34.29 205.71
2010_003302 4.234781 31.00 206.00 157.00 375.00 188.57 188.57
2010_003325 6.668487 164.00 1.00 500.00 344.00 0.00 188.57
2010_003379 3.036777 351.00 242.00 500.00 375.00 240.00 205.71
2010_003398 13.015794 107.00 45.00 298.00 375.00 342.86 188.57
2010_003401 2.421640 112.00 211.00 275.00 333.00 68.57 188.57
2010_003409 2.687188 425.00 218.00 457.00 271.00 188.57 171.43
2010_003409 2.671696 271.00 232.00 320.00 312.00 188.57 188.57
2010_003409 5.395741 215.00 226.00 243.00 310.00 240.00 188.57
2010_003520 3.160222 281.00 447.00 375.00 500.00 85.71 188.57
2010_003520 3.318114 21.00 392.00 127.00 500.00 291.43 188.57
2010_003520 5.831384 103.00 372.00 186.00 491.00 0.00 188.57
2010_003531 5.342904 298.00 268.00 401.00 375.00 188.57 188.57
2010_003531 6.324545 164.00 251.00 302.00 374.00 188.57 188.57
2010_003531 6.106622 88.00 245.00 176.00 374.00 222.86 188.57
2010_003531 2.665774 64.00 221.00 118.00 375.00 291.43 188.57
2010_003531 3.948665 223.00 218.00 277.00 259.00 0.00 188.57
2010_003531 2.639516 297.00 221.00 352.00 271.00 0.00 188.57
2010_003531 4.907641 385.00 227.00 458.00 277.00 0.00 188.57
2010_003540 3.605091 437.00 196.00 470.00 245.00 0.00 171.43
2010_003540 2.259931 452.00 196.00 495.00 264.00 154.29 188.57
2010_003563 4.457391 32.00 174.00 271.00 500.00 342.86 188.57
2010_003579 4.377254 1.00 1.00 375.00 419.00 274.29 205.71
2010_003632 3.555162 454.00 254.00 500.00 300.00 342.86 171.43
2010_003632 2.992957 444.00 310.00 500.00 375.00 257.14 171.43
2010_003728 1.495972 351.00 208.00 473.00 303.00 154.29 188.57
2010_003861 2.050933 357.00 111.00 500.00 302.00 342.86 188.57
2010_003971 3.420336 9.00 141.00 286.00 500.00 257.14 171.43
2010_003976 3.253153 351.00 138.00 500.00 276.00 34.29 188.57
2010_004023 1.790000 27.00 128.00 463.00 333.00 0.00 188.57
2010_004095 3.479784 1.00 215.00 123.00 345.00 257.14 188.57
2010_004125 3.813689 148.00 150.00 187.00 203.00 0.00 171.43
2010_004173 1.477858 1.00 293.00 214.00 500.00 308.57 188.57
2010_004207 6.330461 38.00 110.00 457.00 474.00 0.00 171.43
2010_004229 7.654402 72.00 166.00 215.00 369.00 222.86 188.57
2010_004278 13.622533 283.00 78.00 493.00 357.00 102.86 205.71
2010_004278 9.500566 1.00 122.00 235.00 368.00 240.00 205.71
2010_004278 5.751631 15.00 18.00 187.00 190.00 291.43 205.71
2010_004278 4.271064 249.00 14.00 354.00 52.00 17.14 188.57
2010_004345 3.132586 387.00 167.00 500.00 335.00 51.43 188.57
2010_004345 5.518215 265.00 130.00 379.00 285.00 0.00 171.43
2010_004387 4.281639 130.00 1.00 267.00 175.00 0.00 171.43
2010_004509 8.375861 319.00 125.00 409.00 220.00 342.86 188.57
2010_004509 9.293981 247.00 123.00 329.00 220.00 342.86 188.57
2010_004543 2.536206 338.00 123.00 378.00 218.00 342.86 171.43
2010_004753 3.239071 47.00 1.00 500.00 375.00 342.86 188.57
2010_004763 5.533588 319.00 1.00 500.00 306.00 68.57 171.43
2010_004763 3.585774 1.00 128.00 169.00 295.00 342.86 171.43
2010_004763 3.104902 1.00 1.00 325.00 363.00 342.86 171.43
2010_004763 5.420492 349.00 35.00 441.00 271.00 68.57 171.43
2010_004775 3.315034 206.00 224.00 297.00 351.00 342.86 188.57
2010_004778 4.481890 1.00 223.00 153.00 375.00 308.57 188.57
2010_004778 2.831023 318.00 286.00 500.00 375.00 0.00 205.71
2010_004783 12.820268 402.00 152.00 500.00 306.00 0.00 188.57
2010_004783 4.485001 1.00 179.00 115.00 347.00 308.57 188.57
2010_004786 3.003153 5.00 83.00 309.00 375.00 85.71 188.57
2010_004786 3.657651 31.00 110.00 155.00 201.00 51.43 188.57
2010_004813 6.865681 11.00 14.00 224.00 304.00 34.29 205.71
2010_004825 2.560521 125.00 252.00 264.00 500.00 188.57 188.57
2010_004825 7.708430 52.00 234.00 141.00 428.00 274.29 188.57
2010_004889 1.597390 114.00 44.00 500.00 346.00 17.14 188.57
2010_004889 3.602731 1.00 1.00 206.00 122.00 34.29 205.71
2010_004889 4.398863 1.00 1.00 124.00 117.00 34.29 188.57
2010_004909 6.670583 430.00 218.00 500.00 374.00 85.71 188.57
2010_004909 5.064900 328.00 107.00 405.00 156.00 0.00 171.43
2010_004909 2.324818 18.00 153.00 113.00 254.00 291.43 205.71
2010_004909 4.313389 91.00 127.00 170.00 216.00 291.43 188.57
2010_004952 4.160069 238.00 78.00 332.00 325.00 291.43 188.57
2010_004982 13.708368 286.00 110.00 366.00 259.00 274.29 188.57
2010_004992 1.749101 161.00 249.00 371.00 490.00 171.43 205.71
2010_004992 2.689973 236.00 55.00 375.00 324.00 325.71 205.71
2010_004992 5.085850 80.00 32.00 224.00 300.00 325.71 205.71
2010_005008 3.461927 151.00 1.00 295.00 98.00 17.14 188.57
2010_005021 5.636478 100.00 1.00 500.00 375.00 342.86 205.71
2010_005044 6.662807 90.00 127.00 327.00 500.00 0.00 205.71
2010_005052 3.135195 25.00 4.00 325.00 500.00 0.00 188.57
2010_005188 3.905237 159.00 147.00 324.00 364.00 291.43 188.57
2010_005222 11.971899 323.00 149.00 462.00 362.00 34.29 188.57
2010_005222 4.492866 120.00 132.00 223.00 270.00 240.00 188.57
2010_005243 4.644275 175.00 241.00 322.00 333.00 257.14 188.57
2010_005372 4.774518 66.00 311.00 225.00 500.00 154.29 188.57
2010_005398 3.141555 313.00 153.00 357.00 186.00 0.00 171.43
2010_005398 4.797309 250.00 155.00 297.00 186.00 0.00 171.43
2010_005398 3.513654 173.00 163.00 243.00 238.00 274.29 188.57
2010_005398 5.641693 397.00 158.00 464.00 284.00 51.43 188.57
2010_005398 4.850232 280.00 177.00 340.00 313.00 171.43 188.57
2010_005398 5.235226 330.00 173.00 420.00 312.00 120.00 188.57
2010_005493 3.379858 16.00 94.00 326.00 461.00 274.29 205.71
2010_005493 5.333135 10.00 1.00 227.00 229.00 308.57 188.57
2010_005620 2.645079 2.00 237.00 135.00 344.00 257.14 188.57
2010_005626 4.832931 256.00 176.00 333.00 231.00 342.86 171.43
2010_005637 5.133522 1.00 47.00 309.00 366.00 291.43 188.57
2010_005637 6.092538 165.00 15.00 384.00 240.00 274.29 188.57
2010_005654 6.599619 264.00 268.00 382.00 374.00 154.29 205.71
2010_005654 8.224510 85.00 258.00 142.00 374.00 342.86 188.57
2010_005754 5.670126 72.00 244.00 262.00 500.00 274.29 188.57
2010_005764 5.569574 384.00 66.00 500.00 269.00 171.43 188.57
2010_005843 3.535177 70.00 237.00 155.00 388.00 325.71 188.57
2010_005843 6.394536 128.00 246.00 328.00 500.00 34.29 188.57
2010_005882 1.551935 353.00 168.00 500.00 357.00 0.00 222.86
2010_005882 1.389844 1.00 171.00 156.00 369.00 85.71 205.71
2010_005884 3.015517 296.00 179.00 391.00 253.00 17.14 188.57
2010_005894 4.988770 304.00 127.00 467.00 340.00 102.86 205.71
2010_005894 2.810347 75.00 79.00 204.00 217.00 291.43 205.71
2010_005901 3.025656 92.00 209.00 128.00 241.00 68.57 171.43
2010_005901 3.018323 126.00 213.00 169.00 249.00 342.86 171.43
2010_005901 2.863687 187.00 223.00 234.00 259.00 51.43 171.43
2010_005901 3.689239 240.00 225.00 307.00 272.00 0.00 171.43
2010_005901 2.930988 319.00 236.00 402.00 294.00 0.00 171.43
2010_005901 3.539033 408.00 299.00 486.00 375.00 342.86 171.43
2010_006010 3.099967 271.00 262.00 345.00 316.00 51.43 188.57
2010_006010 2.674535 145.00 244.00 209.00 275.00 154.29 188.57
2010_006041 2.885991 78.00 156.00 256.00 344.00 325.71 171.43
2010_006056 4.173060 296.00 124.00 333.00 316.00 85.71 188.57
2010_006056 4.793407 273.00 112.00 303.00 209.00 51.43 188.57
2010_006056 4.296563 70.00 212.00 213.00 375.00 188.57 188.57
2011_000009 5.262087 208.00 197.00 438.00 375.00 85.71 205.71
2011_000016 7.508760 31.00 178.00 94.00 270.00 257.14 188.57
2011_000016 4.978457 64.00 192.00 116.00 300.00 240.00 188.57
2011_000016 8.332275 99.00 210.00 182.00 333.00 240.00 188.57
2011_000016 7.435583 124.00 236.00 222.00 372.00 240.00 188.57
2011_000016 3.808864 170.00 274.00 324.00 374.00 325.71 188.57
2011_000016 4.530776 346.00 207.00 410.00 252.00 325.71 188.57
2011_000016 4.074136 254.00 189.00 301.00 214.00 34.29 188.57
2011_000016 3.899153 184.00 171.00 216.00 190.00 17.14 171.43
2011_000036 3.776871 1.00 213.00 142.00 375.00 257.14 188.57
2011_000037 2.946968 77.00 234.00 166.00 375.00 154.29 188.57
2011_000065 6.794142 190.00 142.00 425.00 373.00 137.14 205.71
2011_000065 6.797296 329.00 40.00 500.00 283.00 51.43 188.57
2011_000065 6.515210 1.00 123.00 212.00 374.00 308.57 188.57
2011_000071 2.744527 330.00 211.00 500.00 356.00 342.86 171.43
2011_000082 6.189737 297.00 132.00 459.00 335.00 0.00 188.57
2011_000098 7.029106 54.00 193.00 213.00 375.00 205.71 205.71
2011_000098 5.599181 61.00 139.00 125.00 201.00 291.43 188.57
2011_000124 11.506092 51.00 28.00 342.00 487.00 325.71 205.71
2011_000202 4.101036 1.00 129.00 375.00 500.00 342.86 171.43
2011_000213 6.919343 11.00 16.00 249.00 382.00 0.00 205.71
2011_000226 9.699570 176.00 239.00 359.00 500.00 85.71 188.57
2011_000226 7.947424 258.00 237.00 375.00 471.00 85.71 188.57
2011_000226 6.456613 1.00 247.00 202.00 500.00 222.86 188.57
2011_000226 4.732738 214.00 221.00 269.00 262.00 0.00 188.57
2011_000226 4.198016 20.00 219.00 68.00 253.00 342.86 171.43
2011_000253 3.622021 239.00 235.00 320.00 361.00 188.57 188.57
2011_000288 11.466168 1.00 164.00 220.00 500.00 308.57 188.57
2011_000338 10.671203 94.00 263.00 224.00 375.00 120.00 188.57
2011_000338 2.483670 126.00 238.00 183.00 344.00 51.43 188.57
2011_000338 4.156778 1.00 277.00 140.00 375.00 120.00 188.57
2011_000338 3.830234 1.00 241.00 32.00 280.00 0.00 171.43
2011_000518 5.423384 345.00 140.00 455.00 249.00 137.14 188.57
2011_000518 3.801006 310.00 108.00 343.00 149.00 51.43 171.43
2011_000518 8.211794 345.00 114.00 398.00 162.00 120.00 188.57
2011_000518 3.704545 235.00 119.00 285.00 151.00 102.86 188.57
2011_000530 3.661046 341.00 173.00 375.00 267.00 102.86 188.57
2011_000575 2.547717 93.00 2.00 232.00 336.00 342.86 171.43
2011_000575 3.317888 155.00 121.00 448.00 375.00 17.14 188.57
2011_000607 4.047512 356.00 259.00 473.00 375.00 325.71 188.57
2011_000608 2.062351 1.00 296.00 152.00 375.00 120.00 171.43
2011_000661 1.812888 1.00 1.00 489.00 375.00 0.00 205.71
2011_000666 4.563100 362.00 262.00 442.00 322.00 0.00 188.57
2011_000745 4.992916 147.00 104.00 253.00 247.00 51.43 205.71
2011_000745 4.289930 171.00 90.00 200.00 117.00 0.00 188.57
2011_000745 2.801606 335.00 92.00 365.00 130.00 342.86 188.57
2011_000809 5.520608 29.00 102.00 280.00 351.00 308.57 188.57
2011_000813 3.579087 79.00 17.00 374.00 500.00 0.00 188.57
2011_000917 5.879630 13.00 242.00 173.00 500.00 308.57 188.57
2011_000917 10.819142 234.00 250.00 347.00 426.00 325.71 188.57
2011_000917 4.532858 117.00 243.00 252.00 462.00 308.57 188.57
2011_000919 2.996144 252.00 160.00 345.00 319.00 342.86 188.57
2011_000919 7.548702 281.00 197.00 461.00 375.00 102.86 205.71
2011_000919 5.376395 73.00 161.00 188.00 355.00 325.71 188.57
2011_000919 6.089804 81.00 220.00 266.00 375.00 205.71 188.57
2011_000932 4.114176 365.00 231.00 488.00 375.00 257.14 188.57
2011_000957 5.580415 113.00 170.00 367.00 375.00 0.00 188.57
2011_000957 3.837670 150.00 130.00 362.00 234.00 342.86 188.57
2011_000965 8.603995 119.00 238.00 231.00 375.00 240.00 205.71
2011_001032 2.880943 359.00 166.00 414.00 238.00 188.57 188.57
2011_001032 4.281790 414.00 156.00 499.00 237.00 137.14 171.43
2011_001032 2.144877 288.00 162.00 348.00 231.00 274.29 171.43
2011_001032 4.219585 232.00 164.00 277.00 223.00 0.00 171.43
2011_001032 3.696631 255.00 165.00 296.00 191.00 291.43 171.43
2011_001032 2.569694 252.00 165.00 290.00 201.00 308.57 171.43
2011_001032 4.312554 185.00 159.00 224.00 195.00 274.29 171.43
2011_001071 5.590657 1.00 56.00 202.00 294.00 0.00 188.57
2011_001071 3.678407 244.00 23.00 384.00 293.00 342.86 188.57
2011_001106 6.609636 2.00 282.00 188.00 500.00 222.86 205.71
2011_001106 4.550151 53.00 188.00 137.00 269.00 325.71 188.57
2011_001106 8.243708 228.00 227.00 375.00 500.00 102.86 205.71
2011_001111 3.271052 199.00 237.00 375.00 500.00 205.71 188.57
2011_001137 8.247750 149.00 155.00 234.00 250.00 342.86 188.57
2011_001137 7.857225 313.00 161.00 405.00 242.00 342.86 188.57
2011_001167 3.300061 388.00 232.00 437.00 300.00 102.86 171.43
2011_001167 3.849370 247.00 231.00 306.00 303.00 308.57 171.43
2011_001167 1.406618 140.00 242.00 242.00 373.00 308.57 188.57
2011_001167 3.527096 130.00 281.00 239.00 373.00 257.14 188.57
2011_001167 3.112326 263.00 328.00 367.00 373.00 188.57 188.57
2011_001167 5.470601 31.00 219.00 114.00 317.00 257.14 188.57
2011_001167 5.030809 179.00 200.00 238.00 274.00 85.71 188.57
2011_001167 8.056417 41.00 191.00 83.00 243.00 325.71 171.43
2011_001221 3.748324 307.00 368.00 405.00 430.00 0.00 188.57
2011_001223 4.368750 134.00 246.00 277.00 402.00 154.29 188.57
2011_001223 4.138855 24.00 230.00 130.00 383.00 342.86 188.57
2011_001223 3.024601 239.00 222.00 294.00 352.00 34.29 188.57
2011_001226 5.863052 271.00 117.00 345.00 231.00 257.14 188.57
2011_001226 1.536474 271.00 107.00 406.00 197.00 342.86 188.57
2011_001304 2.713240 289.00 150.00 492.00 352.00 0.00 205.71
2011_001305 3.166073 360.00 121.00 454.00 246.00 342.86 188.57
2011_001319 7.883576 269.00 173.00 385.00 312.00 51.43 188.57
2011_001330 7.860692 241.00 156.00 330.00 312.00 291.43 188.57
2011_001330 8.000366 289.00 192.00 428.00 373.00 274.29 188.57
2011_001330 5.985309 100.00 129.00 219.00 168.00 342.86 188.57
2011_001330 2.777483 423.00 101.00 500.00 167.00 342.86 188.57
2011_001346 2.748587 156.00 157.00 328.00 253.00 291.43 205.71
2011_001366 2.291211 309.00 166.00 456.00 372.00 205.71 205.71
2011_001366 2.988790 91.00 221.00 269.00 375.00 205.71 205.71
2011_001366 4.116251 69.00 91.00 172.00 260.00 308.57 205.71
2011_001366 4.998749 289.00 71.00 399.00 165.00 17.14 188.57
2011_001370 6.451253 19.00 208.00 166.00 295.00 308.57 188.57
2011_001370 2.180224 340.00 211.00 444.00 357.00 34.29 188.57
2011_001404 4.561645 430.00 26.00 500.00 129.00 68.57 188.57
2011_001404 4.666445 427.00 133.00 500.00 240.00 51.43 205.71
2011_001404 3.433036 452.00 98.00 500.00 167.00 342.86 171.43
2011_001447 4.469773 1.00 57.00 237.00 375.00 0.00 188.57
2011_001447 6.168663 205.00 53.00 500.00 368.00 325.71 188.57
2011_001524 3.418687 233.00 95.00 322.00 225.00 51.43 188.57
2011_001524 7.525568 277.00 107.00 389.00 269.00 34.29 188.57
2011_001567 9.954172 334.00 116.00 419.00 263.00 68.57 188.57
2011_001567 3.313681 232.00 101.00 301.00 232.00 342.86 171.43
2011_001567 5.026515 1.00 179.00 213.00 333.00 342.86 188.57
2011_001573 2.455439 43.00 166.00 221.00 333.00 274.29 222.86
2011_001665 3.835682 99.00 129.00 168.00 195.00 154.29 188.57
2011_001665 9.117332 4.00 129.00 81.00 271.00 257.14 188.57
2011_001665 6.556992 161.00 120.00 229.00 183.00 154.29 188.57
2011_001665 4.463982 1.00 209.00 55.00 333.00 240.00 188.57
2011_001665 6.174364 264.00 103.00 294.00 154.00 51.43 171.43
2011_001665 3.964149 445.00 92.00 489.00 181.00 102.86 188.57
2011_001719 4.039809 136.00 177.00 182.00 220.00 34.29 171.43
2011_001719 3.525463 238.00 188.00 296.00 244.00 120.00 188.57
2011_001785 5.631758 50.00 192.00 78.00 270.00 240.00 171.43
2011_001785 6.678301 70.00 194.00 108.00 282.00 257.14 188.57
2011_001785 6.436615 102.00 198.00 146.00 300.00 240.00 188.57
2011_001785 6.061921 141.00 203.00 218.00 323.00 240.00 188.57
2011_001785 7.346292 204.00 209.00 302.00 361.00 222.86 188.57
2011_001785 2.155330 151.00 186.00 184.00 207.00 0.00 171.43
2011_001785 2.310576 182.00 187.00 223.00 211.00 0.00 171.43
2011_001785 1.732459 233.00 188.00 274.00 214.00 342.86 171.43
2011_001785 1.867585 274.00 190.00 340.00 219.00 325.71 171.43
2011_001785 3.121541 361.00 193.00 420.00 246.00 34.29 171.43
2011_001785 6.441573 354.00 134.00 497.00 375.00 120.00 188.57
2011_001812 9.057087 62.00 45.00 293.00 452.00 34.29 188.57
2011_001834 8.047144 156.00 57.00 316.00 317.00 0.00 188.57
2011_001842 3.086282 1.00 248.00 126.00 375.00 274.29 188.57
2011_001847 2.052643 225.00 288.00 332.00 457.00 0.00 205.71
2011_001847 4.032235 2.00 307.00 153.00 500.00 222.86 205.71
2011_001847 4.245318 26.00 227.00 162.00 368.00 308.57 188.57
2011_001847 2.900036 193.00 221.00 291.00 399.00 34.29 188.57
2011_001862 5.075303 267.00 184.00 315.00 258.00 102.86 188.57
2011_001862 2.844235 250.00 178.00 284.00 254.00 17.14 188.57
2011_001862 4.992584 211.00 178.00 259.00 250.00 0.00 188.57
2011_001900 3.007993 210.00 97.00 500.00 422.00 0.00 205.71
2011_001932 2.383967 48.00 156.00 129.00 225.00 240.00 188.57
2011_001941 4.979861 207.00 257.00 272.00 338.00 154.29 188.57
2011_001941 5.213427 153.00 280.00 226.00 353.00 171.43 188.57
2011_001941 6.090171 84.00 266.00 154.00 343.00 188.57 188.57
2011_001941 1.871452 87.00 351.00 223.00 375.00 171.43 188.57
2011_001941 4.084589 402.00 352.00 492.00 375.00 342.86 171.43
2011_001941 2.527753 364.00 310.00 474.00 375.00 222.86 188.57
2011_001941 4.212017 344.00 293.00 412.00 375.00 222.86 188.57
2011_001941 4.810245 320.00 274.00 400.00 360.00 222.86 188.57
2011_001941 3.640436 306.00 264.00 359.00 334.00 205.71 188.57
2011_001941 4.725425 1.00 236.00 48.00 306.00 85.71 188.57
2011_001941 2.154073 5.00 237.00 40.00 264.00 342.86 188.57
2011_001946 3.049744 83.00 213.00 134.00 336.00 154.29 171.43
2011_002038 4.974695 122.00 44.00 385.00 353.00 291.43 188.57
2011_002041 9.677070 123.00 91.00 257.00 281.00 0.00 188.57
2011_002045 1.455931 16.00 166.00 91.00 351.00 51.43 171.43
2011_002108 3.510649 162.00 189.00 214.00 266.00 222.86 171.43
2011_002108 3.366764 198.00 186.00 227.00 253.00 34.29 171.43
2011_002124 6.577369 120.00 205.00 245.00 331.00 342.86 188.57
2011_002163 6.173286 388.00 44.00 500.00 243.00 85.71 188.57
2011_002200 4.003928 5.00 196.00 104.00 375.00 274.29 188.57
2011_002241 8.665464 17.00 124.00 224.00 375.00 240.00 188.57
2011_002241 7.292581 153.00 94.00 240.00 164.00 325.71 188.57
2011_002241 6.206529 327.00 99.00 457.00 340.00 51.43 188.57
2011_002241 13.308516 220.00 143.00 438.00 375.00 120.00 188.57
2011_002260 5.596452 43.00 228.00 185.00 375.00 222.86 188.57
2011_002260 3.672328 177.00 280.00 334.00 375.00 222.86 205.71
2011_002270 1.690226 397.00 24.00 463.00 113.00 51.43 205.71
2011_002270 3.177601 472.00 86.00 500.00 189.00 0.00 171.43
2011_002270 6.367847 2.00 30.00 52.00 135.00 0.00 171.43
2011_002270 3.719445 1.00 100.00 49.00 193.00 0.00 205.71
2011_002358 2.802603 1.00 175.00 131.00 367.00 308.57 188.57
2011_002386 3.637068 210.00 133.00 460.00 359.00 0.00 188.57
2011_002391 5.929648 347.00 212.00 449.00 343.00 34.29 188.57
2011_002391 2.907702 285.00 207.00 340.00 301.00 205.71 171.43
2011_002509 3.959335 102.00 196.00 155.00 297.00 342.86 171.43
2011_002509 3.288094 161.00 199.00 200.00 297.00 0.00 171.43
2011_002531 5.665219 264.00 107.00 321.00 260.00 34.29 188.57
2011_002531 2.071891 176.00 117.00 256.00 290.00 188.57 171.43
2011_002531 5.911873 254.00 123.00 354.00 296.00 102.86 188.57
2011_002531 5.996151 188.00 147.00 294.00 332.00 188.57 188.57
2011_002575 2.935504 16.00 145.00 176.00 341.00 0.00 171.43
2011_002575 3.155039 312.00 111.00 476.00 338.00 205.71 171.43
2011_002640 5.868938 350.00 244.00 431.00 333.00 85.71 188.57
2011_002640 3.559151 46.00 218.00 153.00 333.00 0.00 171.43
2011_002640 2.707752 1.00 177.00 62.00 329.00 240.00 188.57
2011_002644 5.017962 410.00 198.00 455.00 256.00 102.86 188.57
2011_002644 2.070505 334.00 196.00 368.00 252.00 205.71 188.57
2011_002644 1.637606 365.00 200.00 411.00 258.00 34.29 188.57
2011_002714 2.699543 305.00 181.00 364.00 235.00 342.86 188.57
2011_002714 4.303174 382.00 181.00 439.00 231.00 0.00 188.57
2011_002750 8.980885 249.00 196.00 379.00 375.00 171.43 188.57
2011_002805 7.545791 176.00 231.00 269.00 336.00 51.43 188.57
2011_002805 7.154803 157.00 252.00 294.00 450.00 120.00 188.57
2011_002805 4.705159 69.00 228.00 154.00 334.00 325.71 188.57
2011_002805 10.401884 27.00 246.00 162.00 443.00 240.00 188.57
2011_002805 6.228836 298.00 240.00 374.00 315.00 274.29 188.57
2011_002870 5.749201 261.00 6.00 492.00 375.00 51.43 188.57
2011_002887 4.623224 192.00 43.00 402.00 360.00 120.00 188.57
2011_002887 4.483286 21.00 21.00 167.00 299.00 240.00 188.57
2011_002933 5.149251 201.00 221.00 241.00 318.00 257.14 188.57
2011_002933 4.572615 235.00 228.00 252.00 324.00 342.86 171.43
2011_002933 8.291853 195.00 213.00 236.00 295.00 257.14 188.57
2011_002933 4.516188 1.00 251.00 91.00 304.00 0.00 171.43
2011_002933 4.403350 138.00 275.00 189.00 392.00 342.86 188.57
2011_002933 5.006990 106.00 349.00 191.00 500.00 85.71 188.57
2011_002971 4.391263 88.00 160.00 250.00 335.00 0.00 171.43
2011_002994 10.553553 297.00 193.00 365.00 309.00 68.57 188.57
2011_002994 5.195545 125.00 183.00 159.00 263.00 291.43 188.57
2011_002994 10.045017 148.00 193.00 207.00 304.00 274.29 188.57
2011_002994 6.329363 192.00 205.00 256.00 314.00 171.43 188.57
2011_002994 5.617399 252.00 204.00 314.00 317.00 171.43 188.57
2011_002994 2.946720 215.00 189.00 259.00 207.00 342.86 188.57
2011_002994 3.792929 260.00 189.00 304.00 206.00 342.86 171.43
2011_003011 11.071733 76.00 17.00 281.00 456.00 0.00 188.57
2011_003076 4.989314 39.00 212.00 125.00 351.00 188.57 188.57
2011_003076 6.577088 131.00 189.00 183.00 308.00 34.29 188.57
2011_003079 4.199831 82.00 281.00 231.00 488.00 205.71 188.57
2011_003097 8.009882 1.00 111.00 236.00 330.00 325.71 188.57
2011_003103 11.460723 126.00 145.00 239.00 312.00 0.00 188.57
2011_003103 3.893159 286.00 145.00 335.00 247.00 222.86 171.43
2011_003166 4.470448 317.00 1.00 500.00 162.00 17.14 171.43
2011_003201 5.560669 186.00 168.00 286.00 271.00 205.71 205.71
2011_003201 3.432691 240.00 153.00 310.00 258.00 308.57 188.57
2011_003201 2.993403 15.00 215.00 78.00 314.00 34.29 188.57
2011_003242 4.269866 324.00 198.00 352.00 266.00 51.43 171.43
2011_003242 4.410876 297.00 177.00 320.00 223.00 51.43 171.43
2011_003242 3.670962 100.00 208.00 133.00 273.00 274.29 171.43
2011_003242 4.718810 125.00 181.00 152.00 238.00 291.43 171.43
