2008_000007 4.417449 1.00 230.00 428.00 293.00 291.43 171.43
2008_000082 5.681146 23.00 186.00 140.00 246.00 257.14 171.43
2008_000120 10.900082 21.00 53.00 408.00 253.00 17.14 171.43
2008_000140 6.814734 241.00 255.00 375.00 467.00 188.57 171.43
2008_000140 4.950565 1.00 398.00 221.00 471.00 85.71 171.43
2008_000195 2.228631 236.00 206.00 339.00 282.00 34.29 171.43
2008_000195 3.849374 98.00 235.00 200.00 302.00 17.14 171.43
2008_000414 2.449901 1.00 87.00 385.00 313.00 17.14 171.43
2008_000414 2.805778 316.00 104.00 414.00 144.00 188.57 171.43
2008_000414 1.728240 1.00 90.00 230.00 227.00 34.29 171.43
2008_000423 1.843616 36.00 261.00 500.00 375.00 0.00 188.57
2008_000834 4.455581 67.00 193.00 495.00 242.00 68.57 188.57
2008_000957 4.802850 72.00 30.00 493.00 330.00 240.00 171.43
2008_001013 7.749480 14.00 75.00 373.00 500.00 0.00 171.43
2008_001040 10.322747 75.00 120.00 466.00 210.00 240.00 171.43
2008_001041 4.442844 133.00 37.00 332.00 319.00 325.71 171.43
2008_001041 3.257895 299.00 300.00 350.00 328.00 120.00 171.43
2008_001135 8.042020 124.00 147.00 449.00 212.00 240.00 171.43
2008_001136 14.141669 72.00 140.00 175.00 225.00 342.86 171.43
2008_001136 19.156433 209.00 139.00 323.00 223.00 342.86 171.43
2008_001136 18.419628 321.00 133.00 452.00 224.00 342.86 171.43
2008_001160 8.750168 42.00 80.00 500.00 174.00 240.00 171.43
2008_001167 4.514548 50.00 53.00 74.00 71.00 325.71 171.43
2008_001167 2.391727 1.00 150.00 464.00 365.00 274.29 171.43
2008_001167 2.506377 77.00 282.00 351.00 365.00 342.86 188.57
2008_001260 8.723910 44.00 83.00 473.00 269.00 34.29 171.43
2008_001516 3.366372 49.00 1.00 442.00 333.00 240.00 171.43
2008_001575 1.800810 238.00 99.00 378.00 226.00 51.43 171.43
2008_001580 4.731878 73.00 133.00 434.00 193.00 274.29 188.57
2008_001649 5.313997 1.00 141.00 268.00 500.00 0.00 171.43
2008_001799 4.484563 1.00 1.00 238.00 387.00 308.57 171.43
2008_001799 2.935704 130.00 1.00 375.00 263.00 34.29 171.43
2008_001823 4.529225 37.00 44.00 103.00 70.00 188.57 171.43
2008_001843 13.866179 340.00 208.00 488.00 281.00 308.57 171.43
2008_001843 9.606756 14.00 204.00 209.00 299.00 308.57 171.43
2008_001843 3.190138 225.00 215.00 266.00 229.00 291.43 188.57
2008_001858 9.406541 216.00 169.00 286.00 226.00 171.43 171.43
2008_001945 12.356300 178.00 176.00 228.00 221.00 240.00 171.43
2008_001987 2.076382 67.00 235.00 269.00 293.00 240.00 171.43
2008_001987 6.858686 123.00 204.00 201.00 254.00 325.71 171.43
2008_002046 2.517489 1.00 1.00 500.00 367.00 0.00 171.43
2008_002194 4.111273 319.00 155.00 375.00 180.00 291.43 171.43
2008_002194 2.960888 274.00 153.00 321.00 174.00 308.57 171.43
2008_002194 4.331371 1.00 167.00 67.00 204.00 17.14 171.43
2008_002250 1.379667 17.00 23.00 108.00 66.00 274.29 171.43
2008_002250 5.907083 340.00 55.00 417.00 100.00 171.43 171.43
2008_002250 4.655508 1.00 85.00 500.00 375.00 171.43 188.57
2008_002492 5.446111 126.00 259.00 172.00 286.00 325.71 171.43
2008_002504 5.448247 13.00 172.00 478.00 292.00 34.29 171.43
2008_002610 2.615589 53.00 168.00 323.00 234.00 120.00 171.43
2008_002773 3.312767 31.00 271.00 150.00 308.00 291.43 171.43
2008_002773 5.420252 162.00 275.00 238.00 308.00 68.57 171.43
2008_002773 6.798411 247.00 277.00 321.00 308.00 51.43 171.43
2008_002773 8.762173 312.00 274.00 386.00 309.00 325.71 171.43
2008_002773 5.564270 390.00 274.00 490.00 311.00 325.71 171.43
2008_003062 4.234509 1.00 1.00 500.00 334.00 0.00 171.43
2008_003100 3.104280 1.00 57.00 471.00 340.00 240.00 188.57
2008_003187 4.079700 184.00 91.00 280.00 223.00 291.43 171.43
2008_003402 2.124932 92.00 180.00 200.00 228.00 0.00 188.57
2008_003449 2.274705 113.00 206.00 316.00 375.00 154.29 222.86
2008_003449 9.089700 340.00 95.00 393.00 146.00 342.86 171.43
2008_003449 7.670687 286.00 90.00 343.00 128.00 0.00 171.43
2008_003449 3.601326 427.00 167.00 500.00 257.00 0.00 188.57
2008_003449 1.845831 64.00 107.00 122.00 135.00 342.86 171.43
2008_003449 5.435695 89.00 97.00 363.00 244.00 34.29 171.43
2008_003840 5.119013 6.00 166.00 63.00 190.00 51.43 171.43
2008_003840 4.660995 1.00 1.00 413.00 375.00 342.86 171.43
2008_003858 12.909744 5.00 99.00 500.00 283.00 34.29 171.43
2008_003886 8.579723 90.00 114.00 459.00 219.00 274.29 171.43
2008_003951 2.704832 320.00 92.00 391.00 122.00 308.57 171.43
2008_003988 2.086641 106.00 146.00 160.00 167.00 222.86 171.43
2008_003988 5.056555 320.00 288.00 379.00 364.00 17.14 188.57
2008_003989 5.286689 136.00 109.00 381.00 271.00 0.00 171.43
2008_004124 3.953521 80.00 1.00 466.00 250.00 0.00 171.43
2008_004242 2.283701 35.00 22.00 427.00 179.00 274.29 171.43
2008_004469 2.504571 19.00 175.00 146.00 228.00 188.57 171.43
2008_004469 4.103693 242.00 193.00 275.00 209.00 0.00 171.43
2008_004716 5.825346 248.00 69.00 405.00 263.00 171.43 171.43
2008_004718 9.390207 27.00 26.00 333.00 398.00 0.00 171.43
2008_004812 6.571125 240.00 193.00 379.00 307.00 342.86 171.43
2008_004904 7.361331 1.00 1.00 401.00 355.00 342.86 171.43
2008_004907 6.154015 423.00 88.00 443.00 140.00 171.43 171.43
2008_004921 1.932426 1.00 1.00 144.00 314.00 188.57 171.43
2008_004921 4.226662 142.00 230.00 259.00 318.00 171.43 171.43
2008_004921 6.038359 244.00 1.00 500.00 331.00 34.29 171.43
2008_004921 3.453474 240.00 156.00 258.00 253.00 342.86 171.43
2008_005043 3.646558 10.00 120.00 66.00 149.00 154.29 188.57
2008_005063 1.926478 257.00 28.00 315.00 46.00 17.14 171.43
2008_005063 5.960227 1.00 187.00 500.00 375.00 342.86 171.43
2008_005117 2.816967 151.00 46.00 176.00 84.00 257.14 171.43
2008_005156 5.813962 1.00 186.00 500.00 224.00 240.00 171.43
2008_005244 7.890618 1.00 1.00 375.00 500.00 0.00 171.43
2008_005261 2.351902 103.00 201.00 130.00 245.00 291.43 171.43
2008_005261 2.108226 178.00 210.00 261.00 242.00 308.57 171.43
2008_005359 3.383217 21.00 187.00 158.00 211.00 68.57 171.43
2008_005398 8.240526 170.00 131.00 337.00 193.00 325.71 171.43
2008_005504 4.644329 369.00 89.00 459.00 285.00 137.14 171.43
2008_005504 2.581651 276.00 115.00 346.00 288.00 0.00 171.43
2008_005504 2.832629 24.00 141.00 138.00 342.00 240.00 188.57
2008_005530 4.049809 131.00 223.00 161.00 271.00 222.86 171.43
2008_005530 4.432528 224.00 231.00 243.00 260.00 154.29 171.43
2008_005530 2.091761 256.00 229.00 270.00 251.00 342.86 171.43
2008_005530 4.083229 340.00 217.00 369.00 255.00 85.71 171.43
2008_005530 2.847493 454.00 224.00 486.00 259.00 291.43 171.43
2008_005628 5.592330 32.00 1.00 199.00 257.00 205.71 171.43
2008_005664 8.785879 195.00 225.00 330.00 240.00 85.71 188.57
2008_005695 10.689253 99.00 46.00 398.00 266.00 325.71 171.43
2008_005720 5.281953 36.00 119.00 500.00 328.00 102.86 171.43
2008_005764 10.411351 160.00 178.00 302.00 214.00 120.00 171.43
2008_005863 7.956914 1.00 1.00 474.00 372.00 0.00 171.43
2008_005863 3.621644 382.00 249.00 401.00 267.00 342.86 171.43
2008_005863 5.369707 412.00 224.00 428.00 266.00 154.29 171.43
2008_006021 7.655663 198.00 187.00 278.00 245.00 342.86 171.43
2008_006094 3.831483 1.00 65.00 439.00 333.00 17.14 188.57
2008_006094 4.508831 315.00 18.00 393.00 35.00 274.29 171.43
2008_006163 9.444057 225.00 290.00 265.00 341.00 257.14 171.43
2008_006185 1.932224 1.00 178.00 141.00 269.00 291.43 171.43
2008_006229 10.046509 184.00 30.00 391.00 297.00 188.57 171.43
2008_006407 6.515782 1.00 106.00 426.00 306.00 222.86 188.57
2008_006407 3.836080 399.00 169.00 459.00 187.00 308.57 171.43
2008_006487 8.111058 1.00 42.00 170.00 278.00 257.14 171.43
2008_006489 4.323176 436.00 64.00 489.00 158.00 222.86 171.43
2008_006489 3.386966 384.00 75.00 435.00 160.00 154.29 171.43
2008_006489 3.871680 183.00 66.00 252.00 158.00 222.86 171.43
2008_006489 1.961774 98.00 88.00 143.00 151.00 188.57 171.43
2008_006489 5.374408 2.00 95.00 31.00 150.00 0.00 171.43
2008_006489 2.015917 234.00 105.00 269.00 147.00 188.57 171.43
2008_006489 4.532691 362.00 93.00 406.00 153.00 0.00 171.43
2008_006747 3.783102 218.00 152.00 253.00 200.00 68.57 171.43
2008_006824 6.708463 52.00 137.00 383.00 198.00 240.00 188.57
2008_006824 3.555033 279.00 19.00 457.00 51.00 154.29 188.57
2008_006825 3.126370 23.00 130.00 423.00 168.00 85.71 171.43
2008_006831 14.611870 184.00 19.00 488.00 256.00 171.43 171.43
2008_006833 2.612989 296.00 97.00 450.00 223.00 0.00 171.43
2008_006833 4.004390 1.00 1.00 308.00 298.00 0.00 171.43
2008_006925 6.383077 1.00 4.00 169.00 118.00 325.71 171.43
2008_006949 9.115273 91.00 1.00 287.00 68.00 222.86 171.43
2008_006949 5.910181 54.00 124.00 210.00 175.00 222.86 171.43
2008_007056 2.529323 428.00 190.00 500.00 238.00 222.86 171.43
2008_007056 6.255060 71.00 165.00 429.00 214.00 257.14 171.43
2008_007143 3.411448 42.00 156.00 363.00 205.00 257.14 171.43
2008_007143 2.867045 398.00 160.00 466.00 204.00 222.86 171.43
2008_007305 4.494356 71.00 238.00 208.00 308.00 325.71 171.43
2008_007305 8.723213 93.00 249.00 159.00 266.00 325.71 171.43
2008_007305 3.434689 190.00 264.00 228.00 284.00 205.71 171.43
2008_007441 4.192167 15.00 122.00 484.00 248.00 102.86 171.43
2008_007574 3.698025 71.00 176.00 108.00 249.00 342.86 171.43
2008_007574 5.681771 190.00 24.00 288.00 317.00 308.57 171.43
2008_007599 26.566231 46.00 90.00 424.00 279.00 17.14 171.43
2008_007643 4.572260 1.00 349.00 375.00 498.00 342.86 171.43
2008_007643 2.228818 45.00 294.00 375.00 397.00 291.43 171.43
2008_007643 2.247984 79.00 201.00 375.00 297.00 120.00 171.43
2008_007643 3.163291 114.00 69.00 255.00 112.00 291.43 171.43
2008_007643 3.009055 125.00 89.00 209.00 117.00 291.43 171.43
2008_007643 2.255885 268.00 122.00 375.00 175.00 342.86 171.43
2008_007643 5.661975 118.00 119.00 175.00 159.00 17.14 171.43
2008_007643 5.050979 1.00 95.00 57.00 149.00 0.00 171.43
2008_007841 5.943999 1.00 81.00 62.00 124.00 0.00 171.43
2008_007841 4.559192 1.00 120.00 448.00 336.00 342.86 171.43
2008_007884 6.685146 334.00 163.00 424.00 203.00 17.14 171.43
2008_007884 2.674766 34.00 139.00 397.00 222.00 34.29 171.43
2008_007884 5.092426 401.00 117.00 500.00 156.00 68.57 171.43
2008_007966 2.504518 1.00 134.00 94.00 236.00 0.00 171.43
2008_007966 5.505401 72.00 124.00 107.00 148.00 342.86 171.43
2008_008235 4.412271 148.00 103.00 382.00 158.00 291.43 188.57
2008_008235 2.758528 108.00 108.00 190.00 127.00 291.43 171.43
2009_000009 1.821298 203.00 159.00 227.00 197.00 51.43 171.43
2009_000009 1.303392 265.00 178.00 289.00 189.00 325.71 171.43
2009_000093 6.514011 1.00 27.00 450.00 282.00 17.14 171.43
2009_000305 2.186720 1.00 232.00 500.00 332.00 68.57 171.43
2009_000308 5.341836 126.00 112.00 170.00 163.00 257.14 171.43
2009_000378 5.394364 1.00 30.00 500.00 375.00 342.86 171.43
2009_000421 3.665280 243.00 145.00 360.00 225.00 342.86 188.57
2009_000446 7.622962 44.00 39.00 271.00 327.00 342.86 171.43
2009_000469 16.371403 55.00 35.00 349.00 293.00 0.00 171.43
2009_000469 8.502348 1.00 53.00 239.00 291.00 0.00 171.43
2009_000516 14.613647 155.00 41.00 351.00 232.00 0.00 171.43
2009_000516 2.814577 135.00 77.00 169.00 105.00 0.00 171.43
2009_000516 3.711540 17.00 71.00 58.00 99.00 0.00 171.43
2009_000608 3.221668 217.00 251.00 270.00 293.00 171.43 171.43
2009_000723 5.935202 73.00 2.00 465.00 244.00 51.43 171.43
2009_000828 2.104143 174.00 109.00 441.00 272.00 154.29 171.43
2009_000829 3.245281 179.00 222.00 416.00 293.00 51.43 171.43
2009_000829 2.582178 410.00 236.00 470.00 266.00 17.14 171.43
2009_000829 5.103608 436.00 103.00 500.00 256.00 0.00 171.43
2009_000829 0.844798 3.00 234.00 75.00 258.00 68.57 171.43
2009_000830 4.600019 101.00 23.00 387.00 299.00 34.29 171.43
2009_000919 1.905551 105.00 189.00 223.00 221.00 68.57 171.43
2009_001289 5.170369 125.00 52.00 206.00 370.00 325.71 171.43
2009_001406 4.285224 1.00 130.00 208.00 240.00 240.00 171.43
2009_001407 1.922227 41.00 18.00 304.00 415.00 0.00 171.43
2009_001723 5.711360 146.00 171.00 215.00 214.00 325.71 171.43
2009_001794 6.521859 23.00 104.00 171.00 307.00 17.14 188.57
2009_001794 5.915598 234.00 109.00 368.00 331.00 0.00 188.57
2009_001794 3.444978 232.00 59.00 392.00 100.00 102.86 188.57
2009_001794 8.282369 1.00 135.00 40.00 209.00 17.14 188.57
2009_001794 9.278532 461.00 120.00 500.00 254.00 342.86 171.43
2009_001794 7.116328 368.00 120.00 483.00 360.00 342.86 188.57
2009_001941 4.069872 234.00 76.00 500.00 236.00 325.71 171.43
2009_001941 6.941356 102.00 74.00 381.00 271.00 325.71 171.43
2009_001941 7.263054 1.00 83.00 162.00 294.00 325.71 171.43
2009_001949 4.603657 7.00 210.00 488.00 273.00 85.71 171.43
2009_002127 11.496861 13.00 30.00 334.00 472.00 0.00 171.43
2009_002136 2.239370 98.00 192.00 168.00 216.00 188.57 188.57
2009_002205 2.302197 456.00 218.00 500.00 251.00 342.86 171.43
2009_002205 2.514661 386.00 222.00 472.00 253.00 342.86 171.43
2009_002205 4.402663 354.00 223.00 393.00 253.00 0.00 171.43
2009_002306 5.554235 35.00 195.00 444.00 293.00 257.14 171.43
2009_002308 6.614167 1.00 268.00 357.00 500.00 0.00 171.43
2009_002449 3.848386 231.00 120.00 280.00 163.00 342.86 171.43
2009_002449 6.690923 99.00 44.00 315.00 285.00 342.86 171.43
2009_002453 2.933813 140.00 235.00 200.00 247.00 0.00 171.43
2009_002591 10.483635 313.00 236.00 403.00 293.00 188.57 188.57
2009_002727 9.674635 354.00 192.00 462.00 241.00 34.29 171.43
2009_002727 7.269125 278.00 187.00 416.00 237.00 68.57 188.57
2009_002778 8.888767 133.00 172.00 291.00 214.00 257.14 171.43
2009_002778 2.141750 199.00 79.00 293.00 111.00 342.86 171.43
2009_002830 6.954131 30.00 64.00 451.00 238.00 222.86 188.57
2009_003010 6.391479 127.00 1.00 309.00 281.00 0.00 188.57
2009_003043 4.483171 208.00 188.00 230.00 271.00 171.43 171.43
2009_003043 7.976671 47.00 55.00 231.00 331.00 85.71 171.43
2009_003043 4.461276 43.00 200.00 74.00 263.00 188.57 171.43
2009_003080 8.473238 112.00 177.00 323.00 378.00 171.43 171.43
2009_003084 4.184459 172.00 60.00 308.00 261.00 51.43 188.57
2009_003136 4.498916 1.00 39.00 489.00 282.00 51.43 171.43
2009_003136 3.542939 47.00 297.00 236.00 350.00 0.00 188.57
2009_003150 3.611176 1.00 1.00 500.00 331.00 0.00 171.43
2009_003247 5.899657 373.00 189.00 492.00 209.00 291.43 171.43
2009_003247 6.362005 181.00 129.00 367.00 209.00 291.43 171.43
2009_003247 3.071338 275.00 103.00 352.00 148.00 240.00 171.43
2009_003247 3.625067 20.00 156.00 200.00 214.00 257.14 171.43
2009_003247 3.712202 17.00 137.00 58.00 149.00 274.29 171.43
2009_003284 9.798566 81.00 6.00 452.00 307.00 0.00 171.43
2009_003351 2.787524 24.00 81.00 500.00 317.00 68.57 171.43
2009_003400 12.532341 256.00 78.00 356.00 207.00 342.86 171.43
2009_003400 12.299940 327.00 94.00 422.00 197.00 0.00 171.43
2009_003400 5.654014 90.00 63.00 266.00 223.00 0.00 171.43
2009_003400 9.309715 3.00 79.00 191.00 228.00 342.86 171.43
2009_003400 4.980764 1.00 73.00 98.00 199.00 342.86 171.43
2009_003462 9.182690 16.00 193.00 101.00 215.00 274.29 171.43
2009_003462 2.386633 101.00 206.00 132.00 219.00 222.86 171.43
2009_003504 1.764940 1.00 209.00 112.00 267.00 291.43 171.43
2009_003504 6.792530 60.00 149.00 406.00 298.00 308.57 171.43
2009_003707 3.940606 1.00 187.00 116.00 252.00 222.86 171.43
2009_003936 3.852367 149.00 133.00 309.00 252.00 154.29 188.57
2009_004034 7.013883 133.00 135.00 197.00 191.00 154.29 188.57
2009_004125 2.319689 42.00 143.00 307.00 263.00 274.29 171.43
2009_004148 1.975387 1.00 285.00 334.00 429.00 274.29 171.43
2009_004166 8.455591 25.00 1.00 442.00 292.00 120.00 171.43
2009_004166 4.952077 13.00 153.00 44.00 162.00 68.57 171.43
2009_004166 2.634059 42.00 152.00 59.00 161.00 171.43 171.43
2009_004166 3.500832 291.00 156.00 343.00 169.00 68.57 171.43
2009_004166 3.568844 211.00 150.00 282.00 168.00 342.86 171.43
2009_004224 8.391882 29.00 85.00 62.00 102.00 325.71 171.43
2009_004224 3.337105 405.00 83.00 465.00 107.00 120.00 171.43
2009_004273 5.565023 6.00 26.00 500.00 306.00 51.43 171.43
2009_004524 4.095247 44.00 85.00 500.00 334.00 51.43 171.43
2009_004635 2.274977 37.00 183.00 70.00 199.00 171.43 171.43
2009_004635 6.141407 255.00 219.00 349.00 241.00 34.29 171.43
2009_004635 8.011436 361.00 173.00 431.00 203.00 325.71 171.43
2009_004780 3.595305 256.00 144.00 388.00 179.00 120.00 171.43
2009_004780 3.000000 375.00 149.00 490.00 183.00 240.00 171.43
2009_004930 4.861590 381.00 181.00 460.00 260.00 171.43 171.43
2009_005239 3.511722 357.00 95.00 463.00 280.00 154.29 171.43
2009_005239 9.509819 29.00 55.00 146.00 282.00 171.43 171.43
2009_005239 6.158859 90.00 105.00 177.00 265.00 171.43 171.43
2009_005268 3.776026 48.00 412.00 86.00 457.00 85.71 171.43
2010_000024 3.968197 168.00 72.00 461.00 234.00 102.86 171.43
2010_000024 2.649046 1.00 160.00 169.00 235.00 325.71 171.43
2010_000084 2.105448 101.00 116.00 347.00 235.00 222.86 188.57
2010_000145 3.585384 10.00 220.00 357.00 283.00 68.57 171.43
2010_000272 6.502081 40.00 46.00 468.00 158.00 240.00 171.43
2010_000382 2.581821 1.00 95.00 342.00 291.00 17.14 171.43
2010_000559 5.200762 1.00 179.00 296.00 281.00 342.86 171.43
2010_000679 2.740274 79.00 113.00 161.00 169.00 171.43 171.43
2010_000729 3.972458 279.00 163.00 359.00 233.00 291.43 171.43
2010_000729 4.902491 245.00 222.00 287.00 247.00 0.00 171.43
2010_000906 2.560671 159.00 99.00 364.00 263.00 205.71 188.57
2010_001036 5.980803 162.00 169.00 363.00 279.00 154.29 188.57
2010_001109 4.939118 110.00 264.00 160.00 291.00 222.86 188.57
2010_001164 3.082761 427.00 167.00 500.00 218.00 342.86 171.43
2010_001357 7.211743 249.00 196.00 422.00 236.00 102.86 188.57
2010_001501 3.803109 59.00 210.00 335.00 461.00 154.29 171.43
2010_001525 4.008830 312.00 87.00 470.00 222.00 17.14 171.43
2010_001525 3.672970 282.00 126.00 383.00 194.00 342.86 171.43
2010_001525 5.272202 52.00 193.00 229.00 274.00 205.71 188.57
2010_001535 4.389824 351.00 82.00 430.00 120.00 0.00 171.43
2010_001691 3.007833 145.00 97.00 174.00 200.00 188.57 171.43
2010_001749 3.809408 1.00 124.00 500.00 375.00 342.86 171.43
2010_001916 6.977396 160.00 102.00 242.00 172.00 171.43 188.57
2010_001967 6.011610 248.00 1.00 456.00 319.00 85.71 154.29
2010_001967 3.874663 45.00 274.00 122.00 312.00 34.29 171.43
2010_002117 3.744385 27.00 22.00 337.00 429.00 120.00 171.43
2010_002150 3.337335 231.00 192.00 446.00 261.00 274.29 188.57
2010_002315 25.957668 34.00 1.00 441.00 318.00 171.43 171.43
2010_002321 6.170658 86.00 163.00 258.00 256.00 34.29 171.43
2010_002321 2.006545 136.00 115.00 295.00 210.00 51.43 171.43
2010_002321 1.729900 295.00 150.00 449.00 243.00 0.00 171.43
2010_002546 9.019802 59.00 50.00 173.00 74.00 240.00 171.43
2010_002565 3.620988 39.00 1.00 408.00 288.00 291.43 171.43
2010_002780 5.985026 116.00 46.00 438.00 281.00 257.14 171.43
2010_002940 1.729373 145.00 186.00 217.00 203.00 291.43 171.43
2010_003103 6.653406 189.00 1.00 283.00 120.00 85.71 171.43
2010_003107 3.046820 1.00 1.00 368.00 283.00 0.00 171.43
2010_003156 3.094572 342.00 217.00 419.00 233.00 291.43 171.43
2010_003260 6.760492 309.00 157.00 373.00 243.00 0.00 171.43
2010_003260 13.067465 104.00 316.00 327.00 500.00 0.00 188.57
2010_003508 3.442429 121.00 109.00 309.00 271.00 17.14 171.43
2010_003547 3.927067 163.00 161.00 500.00 259.00 68.57 171.43
2010_003640 4.708621 14.00 49.00 332.00 473.00 171.43 171.43
2010_003679 11.295632 260.00 132.00 473.00 229.00 34.29 171.43
2010_003679 7.263976 220.00 139.00 334.00 226.00 0.00 171.43
2010_003679 1.912927 25.00 109.00 285.00 207.00 274.29 171.43
2010_003757 4.032753 46.00 2.00 500.00 333.00 342.86 171.43
2010_003757 1.712118 178.00 67.00 253.00 92.00 0.00 171.43
2010_003848 2.430064 254.00 252.00 322.00 301.00 154.29 188.57
2010_003878 12.296066 12.00 229.00 406.00 303.00 240.00 188.57
2010_004006 2.586427 158.00 30.00 477.00 226.00 154.29 171.43
2010_004041 16.432381 367.00 123.00 495.00 244.00 0.00 171.43
2010_004041 7.182350 240.00 127.00 393.00 233.00 342.86 171.43
2010_004041 4.671322 123.00 128.00 261.00 215.00 0.00 171.43
2010_004041 6.365833 1.00 134.00 164.00 222.00 274.29 188.57
2010_004124 3.244227 121.00 128.00 375.00 217.00 120.00 171.43
2010_004208 3.456336 229.00 105.00 326.00 258.00 51.43 171.43
2010_004253 8.711432 13.00 92.00 431.00 229.00 205.71 188.57
2010_004486 4.725504 35.00 214.00 98.00 239.00 257.14 171.43
2010_004486 9.231068 360.00 215.00 457.00 240.00 257.14 171.43
2010_004567 7.546267 38.00 244.00 437.00 309.00 257.14 188.57
2010_004662 3.138755 1.00 176.00 500.00 375.00 137.14 171.43
2010_004714 4.825636 237.00 198.00 453.00 245.00 102.86 188.57
2010_004714 5.186755 216.00 196.00 365.00 230.00 68.57 171.43
2010_004714 5.395467 179.00 194.00 319.00 216.00 85.71 188.57
2010_004714 6.885717 152.00 189.00 287.00 208.00 274.29 188.57
2010_004772 6.948212 47.00 1.00 500.00 333.00 325.71 171.43
2010_005192 6.797383 18.00 128.00 500.00 306.00 308.57 171.43
2010_005252 5.566486 352.00 187.00 495.00 353.00 154.29 188.57
2010_005332 2.470529 1.00 1.00 121.00 267.00 171.43 171.43
2010_005332 10.254926 100.00 1.00 372.00 415.00 0.00 171.43
2010_005401 2.811230 1.00 1.00 499.00 263.00 274.29 171.43
2010_005705 6.465168 74.00 197.00 190.00 373.00 0.00 171.43
2010_005705 9.276110 154.00 189.00 258.00 375.00 0.00 171.43
2010_005780 8.462512 181.00 142.00 444.00 277.00 308.57 171.43
2011_000086 2.416938 11.00 57.00 146.00 105.00 68.57 171.43
2011_000130 2.209491 396.00 145.00 500.00 213.00 274.29 188.57
2011_000130 4.467719 18.00 176.00 143.00 203.00 274.29 171.43
2011_000161 1.991294 255.00 213.00 275.00 227.00 154.29 171.43
2011_000161 5.028612 207.00 246.00 254.00 304.00 171.43 171.43
2011_000161 4.764066 72.00 245.00 117.00 301.00 188.57 171.43
2011_000234 2.499668 55.00 60.00 290.00 456.00 188.57 171.43
2011_000234 3.766102 316.00 339.00 334.00 400.00 342.86 171.43
2011_000238 3.270324 59.00 250.00 347.00 454.00 0.00 171.43
2011_000273 1.533223 198.00 189.00 313.00 251.00 154.29 171.43
2011_000435 7.650797 410.00 1.00 500.00 130.00 342.86 171.43
2011_000435 6.684878 71.00 1.00 500.00 375.00 0.00 171.43
2011_000683 1.830707 352.00 299.00 474.00 351.00 308.57 188.57
2011_000683 4.428116 2.00 230.00 275.00 282.00 85.71 188.57
2011_000744 2.802079 257.00 8.00 334.00 87.00 51.43 222.86
2011_000744 2.471192 209.00 166.00 300.00 262.00 205.71 205.71
2011_000744 2.511148 271.00 241.00 358.00 330.00 205.71 205.71
2011_000744 2.548070 295.00 154.00 375.00 246.00 205.71 222.86
2011_000744 0.820304 347.00 277.00 375.00 340.00 308.57 188.57
2011_000744 1.394149 322.00 357.00 375.00 448.00 308.57 188.57
2011_000749 4.953796 148.00 14.00 335.00 325.00 222.86 171.43
2011_000986 6.988131 201.00 131.00 464.00 190.00 120.00 188.57
2011_000986 3.131703 196.00 109.00 358.00 132.00 274.29 171.43
2011_001029 7.392163 11.00 315.00 146.00 395.00 154.29 171.43
2011_001160 7.747273 1.00 1.00 256.00 263.00 342.86 171.43
2011_001161 2.930671 175.00 147.00 262.00 261.00 342.86 222.86
2011_001221 1.793826 278.00 315.00 425.00 367.00 291.43 171.43
2011_001252 2.601150 125.00 23.00 190.00 281.00 342.86 171.43
2011_001252 4.559233 62.00 126.00 92.00 167.00 342.86 171.43
2011_001252 2.682500 127.00 271.00 195.00 484.00 0.00 171.43
2011_001589 10.339630 137.00 117.00 344.00 173.00 68.57 188.57
2011_001589 2.181108 447.00 157.00 498.00 178.00 257.14 171.43
2011_001591 3.702240 372.00 131.00 444.00 199.00 291.43 171.43
2011_001592 5.326454 1.00 2.00 434.00 319.00 34.29 171.43
2011_001613 4.679718 216.00 106.00 293.00 186.00 291.43 171.43
2011_001693 2.396417 140.00 90.00 185.00 126.00 154.29 171.43
2011_001693 2.120703 97.00 99.00 132.00 116.00 102.86 171.43
2011_001771 9.610632 102.00 101.00 382.00 316.00 34.29 188.57
2011_001793 4.323791 2.00 2.00 439.00 342.00 85.71 171.43
2011_001793 2.278037 194.00 302.00 248.00 323.00 17.14 171.43
2011_002036 4.622194 142.00 155.00 316.00 214.00 291.43 171.43
2011_002459 4.188013 68.00 196.00 166.00 235.00 137.14 171.43
2011_002459 3.428623 166.00 168.00 366.00 246.00 137.14 171.43
2011_002490 5.717310 1.00 187.00 500.00 375.00 0.00 171.43
2011_002519 8.210864 207.00 164.00 255.00 196.00 0.00 171.43
2011_002519 1.402912 419.00 170.00 499.00 192.00 85.71 171.43
2011_002558 5.875844 296.00 212.00 358.00 297.00 257.14 171.43
2011_002578 6.074204 432.00 61.00 500.00 131.00 342.86 171.43
2011_002588 2.014642 42.00 1.00 500.00 375.00 342.86 171.43
2011_002740 4.793650 306.00 138.00 380.00 165.00 120.00 171.43
2011_002740 3.298751 341.00 212.00 472.00 248.00 222.86 171.43
2011_002740 1.551074 202.00 107.00 247.00 122.00 274.29 171.43
2011_002740 3.204865 422.00 34.00 469.00 100.00 188.57 171.43
2011_002740 5.484801 67.00 100.00 95.00 117.00 308.57 171.43
2011_002740 2.103280 344.00 85.00 373.00 104.00 342.86 171.43
2011_002740 2.419212 35.00 90.00 60.00 119.00 308.57 171.43
2011_002740 1.783680 183.00 100.00 215.00 116.00 171.43 171.43
2011_002740 2.127088 274.00 206.00 427.00 237.00 0.00 171.43
2011_002740 2.055343 331.00 254.00 438.00 315.00 342.86 171.43
2011_002740 2.329937 192.00 236.00 342.00 280.00 308.57 171.43
2011_002740 1.442304 85.00 234.00 336.00 301.00 308.57 171.43
2011_002740 3.574074 1.00 216.00 158.00 281.00 342.86 171.43
2011_002754 6.799657 286.00 28.00 377.00 171.00 171.43 188.57
2011_002854 4.531475 166.00 273.00 236.00 321.00 325.71 171.43
2011_002854 2.613215 84.00 295.00 162.00 321.00 188.57 171.43
2011_002854 1.998618 454.00 288.00 500.00 316.00 342.86 171.43
2011_002871 5.410862 173.00 95.00 464.00 177.00 120.00 188.57
2011_002871 2.942415 44.00 88.00 265.00 156.00 120.00 188.57
2011_002943 8.378809 103.00 110.00 393.00 220.00 17.14 154.29
2011_002975 2.570332 125.00 237.00 279.00 346.00 154.29 171.43
2011_002975 1.918300 274.00 289.00 324.00 310.00 342.86 171.43
2011_002975 5.535178 1.00 206.00 43.00 310.00 342.86 171.43
2011_002975 15.953406 29.00 117.00 352.00 245.00 205.71 171.43
2011_002975 0.742029 412.00 283.00 464.00 304.00 34.29 171.43
2011_002975 6.085404 112.00 259.00 173.00 306.00 171.43 171.43
2011_002975 11.832857 263.00 228.00 311.00 278.00 342.86 171.43
2011_002975 3.660950 317.00 254.00 365.00 275.00 342.86 171.43
2011_002975 3.069582 301.00 234.00 356.00 257.00 188.57 171.43
2011_002975 1.541504 364.00 279.00 418.00 300.00 154.29 171.43
2011_002975 2.755686 462.00 278.00 500.00 296.00 188.57 171.43
2011_003115 6.104267 102.00 221.00 393.00 256.00 240.00 188.57
2011_003232 6.039434 1.00 1.00 367.00 375.00 342.86 171.43
