2008_000003 5.214344 46.00 11.00 500.00 333.00 325.71 171.43
2008_000190 3.742218 1.00 138.00 251.00 167.00 257.14 154.29
2008_000373 3.922608 1.00 1.00 500.00 303.00 325.71 171.43
2008_000657 20.646294 58.00 99.00 341.00 333.00 342.86 171.43
2008_000916 11.099699 75.00 84.00 408.00 351.00 0.00 171.43
2008_001114 17.011066 148.00 24.00 442.00 331.00 342.86 171.43
2008_001236 2.302712 259.00 88.00 310.00 111.00 325.71 171.43
2008_001625 3.225411 1.00 1.00 499.00 300.00 342.86 171.43
2008_001850 3.625528 1.00 28.00 500.00 334.00 0.00 171.43
2008_001905 7.920814 1.00 108.00 255.00 373.00 17.14 171.43
2008_002158 15.879765 90.00 29.00 356.00 292.00 342.86 171.43
2008_002193 4.448050 109.00 1.00 500.00 239.00 325.71 154.29
2008_002222 21.271366 160.00 88.00 346.00 275.00 342.86 171.43
2008_002452 9.845900 136.00 4.00 251.00 106.00 342.86 171.43
2008_002452 1.908421 285.00 36.00 500.00 72.00 85.71 171.43
2008_002900 5.951766 156.00 1.00 331.00 439.00 342.86 171.43
2008_002965 9.210133 86.00 161.00 472.00 257.00 0.00 171.43
2008_003105 2.568676 76.00 94.00 456.00 311.00 0.00 171.43
2008_003263 5.520376 113.00 96.00 406.00 272.00 0.00 171.43
2008_003263 5.925245 1.00 72.00 173.00 254.00 0.00 171.43
2008_003737 5.137671 44.00 151.00 110.00 192.00 342.86 171.43
2008_003826 6.457885 67.00 166.00 209.00 271.00 342.86 171.43
2008_003826 9.619909 213.00 134.00 406.00 268.00 342.86 171.43
2008_004212 7.925901 165.00 149.00 446.00 275.00 17.14 171.43
2008_004214 10.944344 133.00 1.00 500.00 375.00 342.86 171.43
2008_004357 14.971826 188.00 148.00 290.00 231.00 342.86 171.43
2008_004367 8.613047 1.00 89.00 500.00 289.00 342.86 171.43
2008_004367 13.020070 136.00 85.00 351.00 291.00 342.86 171.43
2008_004610 16.533031 61.00 50.00 411.00 298.00 0.00 171.43
2008_004852 2.264315 1.00 195.00 322.00 230.00 34.29 171.43
2008_004852 2.408984 1.00 215.00 318.00 267.00 34.29 171.43
2008_005085 10.734565 1.00 36.00 500.00 314.00 342.86 171.43
2008_005185 3.143226 66.00 181.00 375.00 500.00 342.86 171.43
2008_005282 6.143045 304.00 1.00 500.00 375.00 0.00 171.43
2008_005282 6.180933 1.00 59.00 257.00 273.00 0.00 171.43
2008_005446 9.813688 78.00 91.00 389.00 284.00 0.00 171.43
2008_005544 2.391162 337.00 47.00 500.00 324.00 0.00 171.43
2008_005763 8.366529 40.00 83.00 399.00 245.00 325.71 171.43
2008_005801 2.429983 1.00 40.00 500.00 325.00 102.86 171.43
2008_005825 3.684930 1.00 1.00 460.00 375.00 17.14 171.43
2008_006010 10.859365 83.00 223.00 188.00 415.00 0.00 171.43
2008_006010 6.975759 105.00 152.00 133.00 188.00 0.00 171.43
2008_006055 6.114364 29.00 50.00 434.00 246.00 17.14 171.43
2008_006368 3.575889 1.00 1.00 317.00 333.00 0.00 171.43
2008_006523 5.331257 70.00 1.00 500.00 375.00 342.86 171.43
2008_006553 15.802021 76.00 50.00 345.00 297.00 0.00 171.43
2008_006752 2.990241 1.00 137.00 300.00 313.00 34.29 171.43
2008_006849 6.613622 1.00 1.00 103.00 375.00 342.86 171.43
2008_006900 5.038584 1.00 1.00 486.00 340.00 0.00 171.43
2008_007084 4.633462 1.00 88.00 333.00 500.00 0.00 171.43
2008_007105 6.095217 1.00 45.00 472.00 295.00 17.14 171.43
2008_007189 11.613398 257.00 144.00 364.00 194.00 342.86 171.43
2008_007231 2.819526 1.00 259.00 365.00 500.00 325.71 171.43
2008_007247 12.486036 25.00 42.00 339.00 464.00 0.00 171.43
2008_007521 10.331928 136.00 149.00 227.00 238.00 0.00 171.43
2008_007749 7.704959 1.00 157.00 333.00 500.00 342.86 171.43
2008_007760 11.874577 1.00 7.00 500.00 324.00 325.71 171.43
2008_007787 6.354173 1.00 1.00 500.00 331.00 342.86 171.43
2008_007887 9.046497 20.00 3.00 445.00 331.00 342.86 171.43
2008_008001 2.259231 1.00 1.00 327.00 209.00 17.14 171.43
2008_008055 11.539593 283.00 187.00 427.00 266.00 0.00 171.43
2008_008123 2.813435 1.00 106.00 500.00 283.00 102.86 171.43
2008_008192 2.829844 181.00 1.00 500.00 166.00 342.86 171.43
2008_008203 7.871202 95.00 1.00 500.00 375.00 342.86 171.43
2008_008221 9.926227 1.00 51.00 461.00 269.00 325.71 171.43
2008_008297 10.320020 93.00 48.00 362.00 270.00 342.86 171.43
2008_008302 2.835692 1.00 1.00 500.00 252.00 0.00 171.43
2008_008336 10.244965 133.00 98.00 403.00 287.00 0.00 171.43
2008_008336 2.309744 1.00 127.00 185.00 186.00 51.43 171.43
2008_008379 6.835045 39.00 1.00 436.00 472.00 0.00 171.43
2008_008527 7.714928 298.00 84.00 477.00 255.00 342.86 171.43
2008_008527 3.475718 23.00 154.00 110.00 212.00 0.00 171.43
2008_008615 4.958090 1.00 1.00 500.00 410.00 0.00 171.43
2008_008632 3.622909 241.00 422.00 352.00 482.00 0.00 171.43
2008_008662 2.043121 1.00 64.00 466.00 264.00 308.57 171.43
2008_008662 2.609651 1.00 94.00 216.00 283.00 308.57 171.43
2008_008676 4.755361 1.00 160.00 309.00 329.00 17.14 171.43
2008_008690 16.014656 22.00 16.00 401.00 340.00 0.00 171.43
2008_008726 1.779727 55.00 150.00 492.00 258.00 0.00 171.43
2008_008732 22.377987 108.00 104.00 399.00 315.00 0.00 171.43
2008_008739 6.133754 1.00 45.00 210.00 273.00 17.14 171.43
2008_008751 1.525225 1.00 226.00 411.00 316.00 68.57 171.43
2008_008767 8.361816 1.00 29.00 150.00 182.00 0.00 171.43
2009_000011 14.670453 139.00 167.00 428.00 291.00 0.00 171.43
2009_000011 5.396255 444.00 209.00 469.00 241.00 342.86 171.43
2009_000022 7.135411 62.00 142.00 367.00 208.00 325.71 171.43
2009_000051 13.673910 92.00 89.00 390.00 217.00 17.14 171.43
2009_000051 14.102048 436.00 155.00 477.00 183.00 0.00 171.43
2009_000051 9.175885 403.00 153.00 435.00 185.00 0.00 171.43
2009_000090 14.654510 93.00 115.00 261.00 235.00 0.00 171.43
2009_000244 4.186091 54.00 113.00 414.00 219.00 17.14 171.43
2009_000283 20.360817 115.00 80.00 340.00 351.00 0.00 188.57
2009_000501 12.354740 101.00 101.00 347.00 234.00 342.86 171.43
2009_000597 5.811438 294.00 140.00 451.00 275.00 342.86 171.43
2009_000597 5.555393 146.00 196.00 188.00 259.00 342.86 171.43
2009_000628 9.679401 92.00 142.00 420.00 315.00 0.00 188.57
2009_000658 15.257818 24.00 72.00 439.00 312.00 342.86 171.43
2009_000689 2.026116 1.00 152.00 411.00 237.00 240.00 171.43
2009_000689 2.309616 390.00 172.00 500.00 193.00 68.57 171.43
2009_000712 4.424954 1.00 95.00 333.00 302.00 17.14 171.43
2009_000824 13.834839 19.00 178.00 414.00 311.00 325.71 171.43
2009_000845 3.908333 192.00 160.00 427.00 250.00 0.00 171.43
2009_000890 8.033428 1.00 1.00 267.00 333.00 0.00 171.43
2009_001007 7.184335 124.00 218.00 344.00 330.00 0.00 171.43
2009_001118 3.408539 1.00 80.00 69.00 327.00 0.00 171.43
2009_001118 18.123941 22.00 52.00 500.00 353.00 0.00 171.43
2009_001164 21.031664 79.00 55.00 425.00 316.00 0.00 171.43
2009_001245 15.457006 79.00 143.00 407.00 274.00 325.71 171.43
2009_001259 13.758080 1.00 71.00 472.00 292.00 342.86 171.43
2009_001300 17.788845 185.00 146.00 390.00 286.00 342.86 171.43
2009_001322 7.156987 107.00 195.00 145.00 251.00 342.86 171.43
2009_001333 14.636353 29.00 111.00 467.00 315.00 342.86 171.43
2009_001350 3.350459 60.00 65.00 403.00 409.00 0.00 171.43
2009_001468 16.386805 48.00 151.00 247.00 334.00 0.00 171.43
2009_001519 2.868373 1.00 90.00 345.00 262.00 325.71 171.43
2009_001534 2.260121 16.00 157.00 497.00 241.00 240.00 171.43
2009_001648 15.203951 237.00 100.00 404.00 221.00 0.00 171.43
2009_001648 4.037417 473.00 134.00 500.00 194.00 325.71 171.43
2009_001648 5.125196 2.00 44.00 189.00 269.00 17.14 171.43
2009_001823 14.652205 116.00 16.00 369.00 309.00 342.86 171.43
2009_001853 17.761765 242.00 127.00 408.00 232.00 0.00 171.43
2009_001977 8.348747 67.00 242.00 129.00 310.00 0.00 171.43
2009_001977 4.698231 130.00 243.00 190.00 315.00 0.00 171.43
2009_001977 7.470716 187.00 244.00 277.00 311.00 342.86 171.43
2009_001977 8.932121 343.00 246.00 405.00 305.00 342.86 171.43
2009_002009 9.141993 216.00 142.00 396.00 251.00 0.00 171.43
2009_002144 15.520306 74.00 92.00 467.00 300.00 342.86 171.43
2009_002175 4.876142 14.00 159.00 382.00 333.00 325.71 171.43
2009_002202 8.866741 1.00 99.00 436.00 221.00 325.71 171.43
2009_002219 2.960485 285.00 77.00 500.00 298.00 325.71 171.43
2009_002219 9.985443 1.00 17.00 334.00 334.00 342.86 171.43
2009_002265 13.359913 31.00 36.00 366.00 288.00 342.86 171.43
2009_002291 5.516160 1.00 103.00 500.00 284.00 325.71 171.43
2009_002441 16.943171 119.00 108.00 396.00 295.00 0.00 171.43
2009_002568 11.290398 65.00 64.00 475.00 304.00 342.86 171.43
2009_002638 10.560717 40.00 76.00 494.00 321.00 325.71 171.43
2009_002669 5.433289 1.00 94.00 248.00 182.00 342.86 171.43
2009_002669 6.693667 198.00 98.00 311.00 187.00 342.86 171.43
2009_002669 1.366621 287.00 106.00 500.00 149.00 342.86 171.43
2009_002712 16.385340 1.00 111.00 445.00 309.00 342.86 171.43
2009_002774 3.536366 298.00 157.00 499.00 268.00 0.00 171.43
2009_002774 1.581766 1.00 169.00 315.00 249.00 51.43 171.43
2009_002838 5.738310 79.00 51.00 477.00 335.00 325.71 171.43
2009_002887 5.163617 218.00 3.00 498.00 182.00 342.86 171.43
2009_002938 1.957107 106.00 204.00 318.00 344.00 34.29 171.43
2009_002982 16.778572 84.00 102.00 418.00 309.00 0.00 171.43
2009_003022 13.658124 62.00 46.00 443.00 333.00 0.00 171.43
2009_003105 5.757894 1.00 75.00 402.00 282.00 325.71 171.43
2009_003185 12.587000 1.00 58.00 500.00 324.00 342.86 171.43
2009_003230 7.838583 130.00 1.00 500.00 281.00 342.86 171.43
2009_003230 3.201150 1.00 111.00 99.00 179.00 17.14 171.43
2009_003299 3.782584 84.00 52.00 409.00 262.00 325.71 171.43
2009_003311 6.475419 343.00 122.00 500.00 264.00 342.86 171.43
2009_003311 10.044180 1.00 117.00 417.00 267.00 342.86 171.43
2009_003348 3.839388 1.00 149.00 323.00 220.00 291.43 171.43
2009_003433 3.614209 1.00 114.00 500.00 242.00 17.14 171.43
2009_003453 4.472328 133.00 119.00 500.00 309.00 0.00 171.43
2009_003543 6.744060 12.00 125.00 480.00 247.00 325.71 171.43
2009_003638 10.855742 26.00 92.00 455.00 237.00 17.14 171.43
2009_003650 6.478320 49.00 147.00 500.00 304.00 325.71 171.43
2009_003758 15.234640 68.00 179.00 221.00 293.00 342.86 171.43
2009_003758 9.047548 419.00 210.00 459.00 253.00 342.86 171.43
2009_003776 2.762869 2.00 2.00 98.00 39.00 0.00 171.43
2009_003821 5.356515 1.00 193.00 211.00 375.00 17.14 171.43
2009_003863 1.625268 1.00 142.00 470.00 210.00 274.29 171.43
2009_003892 5.978818 1.00 1.00 375.00 498.00 342.86 171.43
2009_003938 2.952206 79.00 71.00 500.00 230.00 34.29 171.43
2009_003951 17.998388 106.00 89.00 426.00 247.00 0.00 171.43
2009_004019 5.193487 35.00 131.00 462.00 261.00 17.14 171.43
2009_004163 6.431591 1.00 22.00 352.00 476.00 0.00 171.43
2009_004163 9.403367 305.00 243.00 356.00 306.00 0.00 171.43
2009_004170 6.411424 66.00 101.00 460.00 262.00 17.14 171.43
2009_004255 9.365686 53.00 96.00 349.00 439.00 342.86 171.43
2009_004329 3.108715 13.00 140.00 456.00 275.00 34.29 171.43
2009_004453 3.720925 1.00 1.00 220.00 375.00 0.00 171.43
2009_004468 18.890865 56.00 89.00 433.00 284.00 0.00 171.43
2009_004559 17.349243 161.00 89.00 492.00 314.00 0.00 171.43
2009_004624 5.530800 43.00 102.00 220.00 227.00 0.00 188.57
2009_004624 2.278268 113.00 57.00 500.00 349.00 17.14 171.43
2009_004669 2.426808 1.00 137.00 465.00 279.00 240.00 171.43
2009_004677 5.831784 1.00 92.00 472.00 336.00 0.00 171.43
2009_004730 1.786654 16.00 119.00 467.00 181.00 274.29 171.43
2009_004799 5.483980 1.00 117.00 319.00 333.00 0.00 188.57
2009_004956 2.156701 20.00 117.00 500.00 291.00 68.57 171.43
2009_004988 6.600697 40.00 26.00 446.00 375.00 0.00 171.43
2009_005061 14.052361 26.00 164.00 343.00 456.00 342.86 171.43
2009_005148 2.284511 1.00 72.00 320.00 191.00 240.00 171.43
2009_005149 2.002121 1.00 108.00 500.00 219.00 240.00 171.43
2009_005149 1.792195 1.00 1.00 500.00 57.00 34.29 171.43
2009_005220 11.574965 37.00 48.00 454.00 285.00 342.86 171.43
2009_005292 17.545910 44.00 113.00 369.00 284.00 0.00 171.43
2010_000085 2.587578 1.00 77.00 500.00 237.00 68.57 171.43
2010_000199 3.105803 35.00 128.00 465.00 276.00 308.57 171.43
2010_000313 6.937831 28.00 1.00 499.00 374.00 342.86 171.43
2010_000321 7.117381 58.00 177.00 104.00 231.00 342.86 171.43
2010_000321 11.010149 111.00 134.00 365.00 244.00 342.86 171.43
2010_000406 3.895565 1.00 123.00 432.00 328.00 17.14 171.43
2010_000537 9.793380 136.00 206.00 299.00 255.00 17.14 171.43
2010_000633 6.935091 1.00 45.00 396.00 172.00 17.14 171.43
2010_000743 18.795033 147.00 136.00 393.00 263.00 0.00 171.43
2010_000764 1.945158 1.00 90.00 500.00 334.00 325.71 171.43
2010_000786 2.436599 1.00 180.00 500.00 274.00 102.86 171.43
2010_000865 11.093359 62.00 92.00 500.00 257.00 0.00 171.43
2010_000955 4.472100 101.00 189.00 500.00 287.00 17.14 171.43
2010_000959 4.607439 200.00 1.00 500.00 331.00 342.86 171.43
2010_001052 1.902833 1.00 170.00 324.00 214.00 308.57 171.43
2010_001104 8.561932 6.00 254.00 226.00 339.00 0.00 171.43
2010_001151 1.725425 1.00 157.00 412.00 226.00 291.43 171.43
2010_001272 6.315233 125.00 10.00 500.00 303.00 325.71 171.43
2010_001405 11.509007 240.00 97.00 500.00 346.00 0.00 171.43
2010_001502 1.321422 1.00 1.00 500.00 148.00 51.43 171.43
2010_001539 7.381591 1.00 28.00 500.00 309.00 17.14 171.43
2010_001586 4.137783 2.00 80.00 499.00 311.00 325.71 171.43
2010_001625 1.455124 27.00 120.00 483.00 207.00 274.29 171.43
2010_001734 5.851836 188.00 161.00 336.00 322.00 342.86 171.43
2010_001788 12.956896 207.00 96.00 401.00 265.00 0.00 171.43
2010_001951 15.422832 80.00 111.00 397.00 258.00 325.71 171.43
2010_002073 7.022617 3.00 1.00 500.00 375.00 325.71 171.43
2010_002182 5.642902 1.00 1.00 355.00 375.00 0.00 171.43
2010_002213 1.840802 162.00 170.00 198.00 216.00 0.00 171.43
2010_002223 5.955176 29.00 87.00 273.00 402.00 0.00 171.43
2010_002261 2.911463 65.00 254.00 241.00 333.00 0.00 171.43
2010_002261 2.956298 1.00 259.00 206.00 332.00 0.00 188.57
2010_002420 3.826835 76.00 15.00 482.00 335.00 342.86 171.43
2010_002667 13.095673 92.00 73.00 388.00 269.00 0.00 171.43
2010_002682 5.910881 46.00 82.00 500.00 244.00 325.71 171.43
2010_002840 16.010950 1.00 228.00 257.00 398.00 342.86 171.43
2010_002930 14.585918 98.00 186.00 166.00 222.00 342.86 171.43
2010_003129 1.903477 9.00 157.00 486.00 265.00 325.71 171.43
2010_003160 2.237852 1.00 105.00 500.00 306.00 342.86 171.43
2010_003335 8.743847 66.00 99.00 459.00 289.00 342.86 171.43
2010_003470 12.618109 272.00 79.00 500.00 235.00 0.00 171.43
2010_003482 16.223955 174.00 118.00 383.00 245.00 0.00 171.43
2010_003514 13.542528 1.00 7.00 336.00 245.00 342.86 171.43
2010_003609 4.304776 32.00 91.00 403.00 303.00 17.14 171.43
2010_003628 3.652257 57.00 64.00 438.00 236.00 0.00 171.43
2010_003630 9.305300 1.00 1.00 328.00 284.00 0.00 171.43
2010_003708 5.378739 304.00 130.00 352.00 163.00 0.00 171.43
2010_003708 5.008356 323.00 135.00 356.00 171.00 0.00 171.43
2010_003708 1.917638 237.00 136.00 274.00 168.00 342.86 171.43
2010_003847 5.233939 1.00 73.00 500.00 238.00 325.71 171.43
2010_003944 8.517778 1.00 1.00 436.00 375.00 0.00 171.43
2010_003956 11.629282 221.00 124.00 405.00 290.00 0.00 171.43
2010_004149 7.333076 311.00 1.00 500.00 327.00 342.86 171.43
2010_004193 3.212720 44.00 165.00 476.00 321.00 51.43 171.43
2010_004313 8.730831 7.00 79.00 500.00 321.00 17.14 171.43
2010_004350 3.508940 2.00 15.00 465.00 72.00 325.71 171.43
2010_004350 4.593156 150.00 176.00 426.00 349.00 34.29 171.43
2010_004469 3.546184 117.00 1.00 500.00 322.00 342.86 171.43
2010_004475 2.643076 2.00 1.00 500.00 333.00 0.00 171.43
2010_004536 9.003469 272.00 130.00 500.00 220.00 17.14 171.43
2010_004677 10.967096 1.00 160.00 194.00 242.00 342.86 171.43
2010_004779 16.638672 33.00 87.00 408.00 327.00 0.00 171.43
2010_004980 15.417635 208.00 91.00 420.00 271.00 0.00 171.43
2010_005130 17.581423 34.00 83.00 383.00 232.00 342.86 171.43
2010_005463 6.102903 274.00 244.00 424.00 297.00 325.71 171.43
2010_005515 2.669168 1.00 133.00 500.00 241.00 34.29 171.43
2010_005706 4.812672 110.00 155.00 486.00 235.00 34.29 171.43
2010_005727 2.299696 1.00 150.00 410.00 297.00 325.71 171.43
2010_005768 7.346432 1.00 58.00 500.00 375.00 17.14 171.43
2010_005871 2.265977 1.00 1.00 500.00 122.00 325.71 171.43
2010_005934 0.984362 1.00 85.00 474.00 251.00 274.29 171.43
2010_006054 2.158366 202.00 141.00 443.00 291.00 17.14 171.43
2011_000195 31.581137 1.00 190.00 361.00 450.00 342.86 171.43
2011_000210 3.651313 265.00 113.00 500.00 238.00 0.00 171.43
2011_000283 5.125488 142.00 93.00 295.00 269.00 0.00 171.43
2011_000283 4.892206 277.00 86.00 500.00 332.00 342.86 171.43
2011_000291 1.710961 150.00 154.00 344.00 240.00 342.86 171.43
2011_000346 3.729560 4.00 55.00 483.00 283.00 17.14 171.43
2011_000498 8.783852 232.00 1.00 499.00 375.00 325.71 171.43
2011_000521 4.149021 1.00 91.00 428.00 231.00 102.86 171.43
2011_000627 2.353920 46.00 143.00 486.00 256.00 102.86 171.43
2011_000688 10.345564 12.00 59.00 497.00 374.00 325.71 171.43
2011_000909 5.500800 39.00 71.00 284.00 286.00 0.00 171.43
2011_001019 7.324127 326.00 100.00 461.00 262.00 0.00 171.43
2011_001060 5.918765 1.00 1.00 195.00 279.00 0.00 171.43
2011_001082 11.883184 128.00 229.00 179.00 286.00 342.86 171.43
2011_001086 13.365767 140.00 86.00 280.00 238.00 342.86 171.43
2011_001086 3.613654 266.00 64.00 500.00 262.00 325.71 171.43
2011_001126 4.095132 2.00 173.00 500.00 375.00 325.71 171.43
2011_001152 8.649044 33.00 5.00 500.00 327.00 325.71 171.43
2011_001217 9.374929 14.00 105.00 264.00 278.00 0.00 171.43
2011_001281 4.488422 187.00 144.00 500.00 346.00 17.14 171.43
2011_001337 8.108206 2.00 25.00 204.00 334.00 0.00 171.43
2011_001375 17.055101 218.00 116.00 344.00 248.00 0.00 171.43
2011_001525 12.114786 25.00 103.00 435.00 216.00 325.71 171.43
2011_001614 3.506226 25.00 84.00 500.00 296.00 17.14 171.43
2011_001655 9.935448 15.00 71.00 388.00 271.00 0.00 171.43
2011_001741 30.336664 105.00 106.00 413.00 352.00 342.86 171.43
2011_001827 15.489890 40.00 142.00 315.00 292.00 342.86 171.43
2011_001927 3.746144 163.00 170.00 324.00 202.00 34.29 171.43
2011_001951 4.112046 107.00 4.00 387.00 332.00 342.86 171.43
2011_001951 2.814728 334.00 156.00 500.00 313.00 325.71 171.43
2011_001951 1.354371 1.00 143.00 176.00 317.00 17.14 171.43
2011_002105 4.229833 85.00 131.00 413.00 248.00 17.14 171.43
2011_002105 4.316695 1.00 136.00 500.00 236.00 17.14 171.43
2011_002173 1.599861 1.00 137.00 457.00 375.00 308.57 171.43
2011_002247 4.206294 1.00 1.00 499.00 282.00 325.71 171.43
2011_002280 2.742956 301.00 242.00 500.00 295.00 51.43 171.43
2011_002294 7.749962 8.00 194.00 293.00 301.00 342.86 171.43
2011_002294 3.733269 287.00 204.00 370.00 300.00 0.00 171.43
2011_002379 3.516792 142.00 108.00 293.00 261.00 0.00 171.43
2011_002396 2.801721 17.00 57.00 500.00 298.00 17.14 171.43
2011_002516 5.426030 56.00 257.00 326.00 500.00 0.00 171.43
2011_002535 22.380795 212.00 107.00 362.00 222.00 0.00 171.43
2011_002738 9.898095 125.00 103.00 418.00 256.00 342.86 171.43
2011_003028 10.917053 76.00 140.00 384.00 360.00 342.86 171.43
2011_003028 3.380207 330.00 142.00 500.00 354.00 342.86 171.43
2011_003059 11.668129 89.00 18.00 346.00 341.00 342.86 171.43
2011_003146 9.723996 28.00 44.00 461.00 361.00 0.00 171.43
2011_003149 6.910150 75.00 102.00 442.00 245.00 17.14 171.43
2011_003197 6.009835 10.00 9.00 387.00 489.00 0.00 171.43
2011_003228 1.273230 1.00 1.00 500.00 345.00 342.86 171.43
2011_003260 9.982450 1.00 140.00 349.00 314.00 0.00 171.43
2011_003260 5.166309 1.00 165.00 67.00 208.00 0.00 171.43
