2008_000003 -0.4114 46.00 11.00 500.00 333.00 345.00 0
2008_000190 -1.2902 1.00 138.00 251.00 167.00 0.00 0
2008_000373 -0.8746 1.00 1.00 500.00 303.00 120.00 0
2008_000657 -0.8389 58.00 99.00 341.00 333.00 180.00 0
2008_000916 -0.4159 75.00 84.00 408.00 351.00 15.00 0
2008_001114 -0.3218 148.00 24.00 442.00 331.00 345.00 0
2008_001236 -1.4244 259.00 88.00 310.00 111.00 0.00 0
2008_001625 -0.9376 1.00 1.00 499.00 300.00 0.00 0
2008_001850 -1.0178 1.00 28.00 500.00 334.00 15.00 0
2008_001905 -0.6596 1.00 108.00 255.00 373.00 15.00 0
2008_002158 -0.9835 90.00 29.00 356.00 292.00 0.00 0
2008_002193 -0.9179 109.00 1.00 500.00 239.00 180.00 0
2008_002222 -0.5675 160.00 88.00 346.00 275.00 345.00 0
2008_002452 -1.0705 136.00 4.00 251.00 106.00 180.00 0
2008_002452 -1.2240 285.00 36.00 500.00 72.00 0.00 0
2008_002900 -0.8627 156.00 1.00 331.00 439.00 180.00 0
2008_002965 -0.3585 86.00 161.00 472.00 257.00 30.00 0
2008_003105 -0.8729 76.00 94.00 456.00 311.00 180.00 0
2008_003263 -0.5765 113.00 96.00 406.00 272.00 30.00 0
2008_003263 -1.0174 1.00 72.00 173.00 254.00 240.00 0
2008_003737 -1.3174 44.00 151.00 110.00 192.00 0.00 0
2008_003826 -1.0070 67.00 166.00 209.00 271.00 180.00 0
2008_003826 -0.8321 213.00 134.00 406.00 268.00 345.00 0
2008_004212 -0.7879 165.00 149.00 446.00 275.00 15.00 0
2008_004214 -0.7951 133.00 1.00 500.00 375.00 345.00 0
2008_004357 -0.9933 188.00 148.00 290.00 231.00 180.00 0
2008_004367 -0.5207 1.00 89.00 500.00 289.00 330.00 0
2008_004367 -0.8611 136.00 85.00 351.00 291.00 345.00 0
2008_004610 -0.0061 61.00 50.00 411.00 298.00 15.00 0
2008_004852 -1.3940 1.00 195.00 322.00 230.00 0.00 0
2008_004852 -1.1685 1.00 215.00 318.00 267.00 180.00 0
2008_005085 -0.6531 1.00 36.00 500.00 314.00 315.00 0
2008_005185 -1.0016 66.00 181.00 375.00 500.00 0.00 0
2008_005282 -1.0116 304.00 1.00 500.00 375.00 180.00 0
2008_005282 -0.8696 1.00 59.00 257.00 273.00 15.00 0
2008_005446 -0.2077 78.00 91.00 389.00 284.00 15.00 0
2008_005544 -0.8645 337.00 47.00 500.00 324.00 180.00 0
2008_005763 -0.4666 40.00 83.00 399.00 245.00 330.00 0
2008_005801 -0.7720 1.00 40.00 500.00 325.00 315.00 0
2008_005825 -0.4816 1.00 1.00 460.00 375.00 15.00 0
2008_006010 -0.9057 83.00 223.00 188.00 415.00 0.00 0
2008_006010 -1.3448 105.00 152.00 133.00 188.00 180.00 0
2008_006055 -0.5825 29.00 50.00 434.00 246.00 15.00 0
2008_006368 -0.9330 1.00 1.00 317.00 333.00 180.00 0
2008_006523 -0.8285 70.00 1.00 500.00 375.00 345.00 0
2008_006553 -0.7195 76.00 50.00 345.00 297.00 15.00 0
2008_006752 -0.2553 1.00 137.00 300.00 313.00 15.00 0
2008_006849 -1.0101 1.00 1.00 103.00 375.00 180.00 0
2008_006900 -0.7807 1.00 1.00 486.00 340.00 15.00 0
2008_007084 -0.9125 1.00 88.00 333.00 500.00 180.00 0
2008_007105 -0.6088 1.00 45.00 472.00 295.00 15.00 0
2008_007189 -1.0987 257.00 144.00 364.00 194.00 345.00 0
2008_007231 -0.9684 1.00 259.00 365.00 500.00 180.00 0
2008_007247 -0.8580 25.00 42.00 339.00 464.00 0.00 0
2008_007521 -1.0551 136.00 149.00 227.00 238.00 180.00 0
2008_007749 -0.8609 1.00 157.00 333.00 500.00 0.00 0
2008_007760 -0.4252 1.00 7.00 500.00 324.00 345.00 0
2008_007787 -1.0756 1.00 1.00 500.00 331.00 150.00 0
2008_007887 -0.7899 20.00 3.00 445.00 331.00 15.00 0
2008_008001 -0.0869 1.00 1.00 327.00 209.00 30.00 0
2008_008055 -0.4294 283.00 187.00 427.00 266.00 15.00 0
2008_008123 -0.5984 1.00 106.00 500.00 283.00 285.00 0
2008_008192 -0.8611 181.00 1.00 500.00 166.00 0.00 0
2008_008203 -0.3196 95.00 1.00 500.00 375.00 345.00 0
2008_008221 -0.5142 1.00 51.00 461.00 269.00 345.00 0
2008_008297 -0.8172 93.00 48.00 362.00 270.00 0.00 0
2008_008302 -0.9150 1.00 1.00 500.00 252.00 0.00 0
2008_008336 0.0345 133.00 98.00 403.00 287.00 15.00 0
2008_008336 -1.0769 1.00 127.00 185.00 186.00 180.00 0
2008_008379 -0.9941 39.00 1.00 436.00 472.00 90.00 0
2008_008527 -0.9862 298.00 84.00 477.00 255.00 0.00 0
2008_008527 -0.9936 23.00 154.00 110.00 212.00 15.00 0
2008_008615 -1.0764 1.00 1.00 500.00 410.00 180.00 0
2008_008632 -1.1632 241.00 422.00 352.00 482.00 225.00 0
2008_008662 -0.7280 1.00 64.00 466.00 264.00 120.00 0
2008_008662 -0.9677 1.00 94.00 216.00 283.00 345.00 0
2008_008676 -0.1876 1.00 160.00 309.00 329.00 15.00 0
2008_008690 -0.5775 22.00 16.00 401.00 340.00 0.00 0
2008_008726 -0.9534 55.00 150.00 492.00 258.00 285.00 0
2008_008732 -0.0198 108.00 104.00 399.00 315.00 15.00 0
2008_008739 -0.9271 1.00 45.00 210.00 273.00 345.00 0
2008_008751 -1.0088 1.00 226.00 411.00 316.00 15.00 0
2008_008767 -0.8072 1.00 29.00 150.00 182.00 15.00 0
2009_000011 0.0484 139.00 167.00 428.00 291.00 15.00 0
2009_000011 -1.3705 444.00 209.00 469.00 241.00 180.00 0
2009_000022 -0.7926 62.00 142.00 367.00 208.00 330.00 0
2009_000051 -0.4931 92.00 89.00 390.00 217.00 15.00 0
2009_000051 -1.3837 436.00 155.00 477.00 183.00 0.00 0
2009_000051 -1.3826 403.00 153.00 435.00 185.00 180.00 0
2009_000090 -0.3508 93.00 115.00 261.00 235.00 15.00 0
2009_000244 -0.7395 54.00 113.00 414.00 219.00 15.00 0
2009_000283 -0.4639 115.00 80.00 340.00 351.00 0.00 0
2009_000501 -0.2736 101.00 101.00 347.00 234.00 330.00 0
2009_000597 -0.9865 294.00 140.00 451.00 275.00 0.00 0
2009_000597 -1.0984 146.00 196.00 188.00 259.00 180.00 0
2009_000628 -0.5088 92.00 142.00 420.00 315.00 0.00 0
2009_000658 0.0849 24.00 72.00 439.00 312.00 345.00 0
2009_000689 -0.5911 1.00 152.00 411.00 237.00 45.00 0
2009_000689 -1.2778 390.00 172.00 500.00 193.00 180.00 0
2009_000712 -0.7091 1.00 95.00 333.00 302.00 15.00 0
2009_000824 -0.4901 19.00 178.00 414.00 311.00 315.00 0
2009_000845 -0.9553 192.00 160.00 427.00 250.00 0.00 0
2009_000890 -0.8180 1.00 1.00 267.00 333.00 180.00 0
2009_001007 -0.5084 124.00 218.00 344.00 330.00 15.00 0
2009_001118 -1.0127 1.00 80.00 69.00 327.00 180.00 0
2009_001118 -0.5263 22.00 52.00 500.00 353.00 15.00 0
2009_001164 0.1724 79.00 55.00 425.00 316.00 15.00 0
2009_001245 0.2412 79.00 143.00 407.00 274.00 345.00 0
2009_001259 0.0729 1.00 71.00 472.00 292.00 345.00 0
2009_001300 -0.7414 185.00 146.00 390.00 286.00 345.00 0
2009_001322 -1.1068 107.00 195.00 145.00 251.00 180.00 0
2009_001333 -0.1450 29.00 111.00 467.00 315.00 345.00 0
2009_001350 -0.8346 60.00 65.00 403.00 409.00 240.00 0
2009_001468 -0.7600 48.00 151.00 247.00 334.00 0.00 0
2009_001519 -1.0409 1.00 90.00 345.00 262.00 225.00 0
2009_001534 -0.8293 16.00 157.00 497.00 241.00 285.00 0
2009_001648 -0.5780 237.00 100.00 404.00 221.00 15.00 0
2009_001648 -1.1867 473.00 134.00 500.00 194.00 180.00 0
2009_001648 -0.5660 2.00 44.00 189.00 269.00 15.00 0
2009_001823 -0.9253 116.00 16.00 369.00 309.00 180.00 0
2009_001853 -0.4132 242.00 127.00 408.00 232.00 15.00 0
2009_001977 -1.1779 67.00 242.00 129.00 310.00 0.00 0
2009_001977 -0.6813 130.00 243.00 190.00 315.00 180.00 0
2009_001977 -0.9628 187.00 244.00 277.00 311.00 0.00 0
2009_001977 -0.9616 343.00 246.00 405.00 305.00 180.00 0
2009_002009 -0.9634 216.00 142.00 396.00 251.00 180.00 0
2009_002144 -0.0079 74.00 92.00 467.00 300.00 345.00 0
2009_002175 -1.1615 14.00 159.00 382.00 333.00 180.00 0
2009_002202 -0.7665 1.00 99.00 436.00 221.00 330.00 0
2009_002219 -0.7025 285.00 77.00 500.00 298.00 345.00 0
2009_002219 -0.6421 1.00 17.00 334.00 334.00 0.00 0
2009_002265 -0.6665 31.00 36.00 366.00 288.00 345.00 0
2009_002291 -0.8950 1.00 103.00 500.00 284.00 120.00 0
2009_002441 0.0887 119.00 108.00 396.00 295.00 15.00 0
2009_002568 -0.3781 65.00 64.00 475.00 304.00 345.00 0
2009_002638 -0.6001 40.00 76.00 494.00 321.00 345.00 0
2009_002669 -1.1131 1.00 94.00 248.00 182.00 180.00 0
2009_002669 -1.1435 198.00 98.00 311.00 187.00 180.00 0
2009_002669 -1.1628 287.00 106.00 500.00 149.00 225.00 0
2009_002712 -0.1624 1.00 111.00 445.00 309.00 345.00 0
2009_002774 -0.9786 298.00 157.00 499.00 268.00 180.00 0
2009_002774 -1.0748 1.00 169.00 315.00 249.00 285.00 0
2009_002838 -0.1220 79.00 51.00 477.00 335.00 345.00 0
2009_002887 -1.0580 218.00 3.00 498.00 182.00 180.00 0
2009_002938 -1.1116 106.00 204.00 318.00 344.00 120.00 0
2009_002982 0.2555 84.00 102.00 418.00 309.00 15.00 0
2009_003022 -0.1684 62.00 46.00 443.00 333.00 15.00 0
2009_003105 -0.8139 1.00 75.00 402.00 282.00 315.00 0
2009_003185 0.0004 1.00 58.00 500.00 324.00 345.00 0
2009_003230 -0.8646 130.00 1.00 500.00 281.00 120.00 0
2009_003230 -1.0219 1.00 111.00 99.00 179.00 0.00 0
2009_003299 -0.8530 84.00 52.00 409.00 262.00 345.00 0
2009_003311 -1.0212 343.00 122.00 500.00 264.00 345.00 0
2009_003311 -0.1155 1.00 117.00 417.00 267.00 345.00 0
2009_003348 -0.8719 1.00 149.00 323.00 220.00 285.00 0
2009_003433 -0.7680 1.00 114.00 500.00 242.00 15.00 0
2009_003453 -0.6881 133.00 119.00 500.00 309.00 15.00 0
2009_003543 -0.2340 12.00 125.00 480.00 247.00 330.00 0
2009_003638 0.3863 26.00 92.00 455.00 237.00 30.00 0
2009_003650 -0.6906 49.00 147.00 500.00 304.00 315.00 0
2009_003758 -0.8025 68.00 179.00 221.00 293.00 345.00 0
2009_003758 -1.2566 419.00 210.00 459.00 253.00 0.00 0
2009_003776 -1.4204 2.00 2.00 98.00 39.00 0.00 0
2009_003821 -0.2827 1.00 193.00 211.00 375.00 15.00 0
2009_003863 -0.6605 1.00 142.00 470.00 210.00 330.00 0
2009_003892 -0.9188 1.00 1.00 375.00 498.00 15.00 0
2009_003938 -0.6111 79.00 71.00 500.00 230.00 15.00 0
2009_003951 0.3161 106.00 89.00 426.00 247.00 15.00 0
2009_004019 -0.5874 35.00 131.00 462.00 261.00 15.00 0
2009_004163 -0.7784 1.00 22.00 352.00 476.00 180.00 0
2009_004163 -1.0520 305.00 243.00 356.00 306.00 180.00 0
2009_004170 -0.3463 66.00 101.00 460.00 262.00 15.00 0
2009_004255 -0.7728 53.00 96.00 349.00 439.00 0.00 0
2009_004329 -0.7382 13.00 140.00 456.00 275.00 45.00 0
2009_004453 -0.6056 1.00 1.00 220.00 375.00 15.00 0
2009_004468 0.2851 56.00 89.00 433.00 284.00 15.00 0
2009_004559 -0.8199 161.00 89.00 492.00 314.00 180.00 0
2009_004624 -1.0644 43.00 102.00 220.00 227.00 180.00 0
2009_004624 -0.9918 113.00 57.00 500.00 349.00 180.00 0
2009_004669 -0.9564 1.00 137.00 465.00 279.00 225.00 0
2009_004677 -0.6462 1.00 92.00 472.00 336.00 15.00 0
2009_004730 -0.7668 16.00 119.00 467.00 181.00 330.00 0
2009_004799 -0.7374 1.00 117.00 319.00 333.00 0.00 0
2009_004956 -0.6479 20.00 117.00 500.00 291.00 15.00 0
2009_004988 -0.2796 40.00 26.00 446.00 375.00 15.00 0
2009_005061 -0.7554 26.00 164.00 343.00 456.00 345.00 0
2009_005148 -1.0742 1.00 72.00 320.00 191.00 180.00 0
2009_005149 -0.9317 1.00 108.00 500.00 219.00 180.00 0
2009_005149 -1.1213 1.00 1.00 500.00 57.00 180.00 0
2009_005220 -0.2862 37.00 48.00 454.00 285.00 345.00 0
2009_005292 -0.0505 44.00 113.00 369.00 284.00 15.00 0
2010_000085 -0.9294 1.00 77.00 500.00 237.00 180.00 0
2010_000199 -0.7840 35.00 128.00 465.00 276.00 330.00 0
2010_000313 -0.7141 28.00 1.00 499.00 374.00 0.00 0
2010_000321 -1.1289 58.00 177.00 104.00 231.00 180.00 0
2010_000321 -0.3964 111.00 134.00 365.00 244.00 345.00 0
2010_000406 -0.8137 1.00 123.00 432.00 328.00 15.00 0
2010_000537 -1.3381 136.00 206.00 299.00 255.00 0.00 0
2010_000633 -0.5372 1.00 45.00 396.00 172.00 30.00 0
2010_000743 -0.5248 147.00 136.00 393.00 263.00 15.00 0
2010_000764 -0.7440 1.00 90.00 500.00 334.00 0.00 0
2010_000786 -0.9512 1.00 180.00 500.00 274.00 330.00 0
2010_000865 -0.6250 62.00 92.00 500.00 257.00 15.00 0
2010_000955 -0.9572 101.00 189.00 500.00 287.00 0.00 0
2010_000959 -0.8632 200.00 1.00 500.00 331.00 345.00 0
2010_001052 -1.1929 1.00 170.00 324.00 214.00 225.00 0
2010_001104 -0.9656 6.00 254.00 226.00 339.00 30.00 0
2010_001151 -1.0425 1.00 157.00 412.00 226.00 285.00 0
2010_001272 -0.5530 125.00 10.00 500.00 303.00 345.00 0
2010_001405 -0.8722 240.00 97.00 500.00 346.00 15.00 0
2010_001502 -0.9829 1.00 1.00 500.00 148.00 120.00 0
2010_001539 -0.2379 1.00 28.00 500.00 309.00 15.00 0
2010_001586 -0.7466 2.00 80.00 499.00 311.00 330.00 0
2010_001625 -0.9751 27.00 120.00 483.00 207.00 0.00 0
2010_001734 -0.7529 188.00 161.00 336.00 322.00 0.00 0
2010_001788 -0.2730 207.00 96.00 401.00 265.00 15.00 0
2010_001951 -0.1754 80.00 111.00 397.00 258.00 345.00 0
2010_002073 -0.6137 3.00 1.00 500.00 375.00 345.00 0
2010_002182 -0.7650 1.00 1.00 355.00 375.00 15.00 0
2010_002213 -1.2362 162.00 170.00 198.00 216.00 180.00 0
2010_002223 -1.0030 29.00 87.00 273.00 402.00 180.00 0
2010_002261 -1.1210 65.00 254.00 241.00 333.00 0.00 0
2010_002261 -1.1474 1.00 259.00 206.00 332.00 120.00 0
2010_002420 -0.8129 76.00 15.00 482.00 335.00 330.00 0
2010_002667 -0.1924 92.00 73.00 388.00 269.00 15.00 0
2010_002682 -0.7168 46.00 82.00 500.00 244.00 315.00 0
2010_002840 -0.3499 1.00 228.00 257.00 398.00 345.00 0
2010_002930 -1.2894 98.00 186.00 166.00 222.00 0.00 0
2010_003129 -0.9332 9.00 157.00 486.00 265.00 315.00 0
2010_003160 -0.8721 1.00 105.00 500.00 306.00 285.00 0
2010_003335 -0.3653 66.00 99.00 459.00 289.00 345.00 0
2010_003470 -1.1114 272.00 79.00 500.00 235.00 225.00 0
2010_003482 -0.1107 174.00 118.00 383.00 245.00 15.00 0
2010_003514 -0.9118 1.00 7.00 336.00 245.00 240.00 0
2010_003609 -0.7992 32.00 91.00 403.00 303.00 15.00 0
2010_003628 -0.9155 57.00 64.00 438.00 236.00 0.00 0
2010_003630 -0.9296 1.00 1.00 328.00 284.00 0.00 0
2010_003708 -1.3220 304.00 130.00 352.00 163.00 180.00 0
2010_003708 -1.3826 323.00 135.00 356.00 171.00 0.00 0
2010_003708 -1.3774 237.00 136.00 274.00 168.00 180.00 0
2010_003847 -0.1293 1.00 73.00 500.00 238.00 330.00 0
2010_003944 -0.4967 1.00 1.00 436.00 375.00 15.00 0
2010_003956 -0.8460 221.00 124.00 405.00 290.00 15.00 0
2010_004149 -1.1226 311.00 1.00 500.00 327.00 0.00 0
2010_004193 -0.9645 44.00 165.00 476.00 321.00 45.00 0
2010_004313 -0.7769 7.00 79.00 500.00 321.00 15.00 0
2010_004350 -1.0588 2.00 15.00 465.00 72.00 180.00 0
2010_004350 -1.0877 150.00 176.00 426.00 349.00 15.00 0
2010_004469 -0.8744 117.00 1.00 500.00 322.00 120.00 0
2010_004475 -0.9678 2.00 1.00 500.00 333.00 345.00 0
2010_004536 -0.8675 272.00 130.00 500.00 220.00 120.00 0
2010_004677 -0.2353 1.00 160.00 194.00 242.00 345.00 0
2010_004779 -0.5529 33.00 87.00 408.00 327.00 15.00 0
2010_004980 -0.1316 208.00 91.00 420.00 271.00 15.00 0
2010_005130 -0.2423 34.00 83.00 383.00 232.00 345.00 0
2010_005463 -1.0630 274.00 244.00 424.00 297.00 330.00 0
2010_005515 -0.7852 1.00 133.00 500.00 241.00 15.00 0
2010_005706 -0.8747 110.00 155.00 486.00 235.00 45.00 0
2010_005727 -0.7186 1.00 150.00 410.00 297.00 120.00 0
2010_005768 -0.5481 1.00 58.00 500.00 375.00 15.00 0
2010_005871 -1.0522 1.00 1.00 500.00 122.00 225.00 0
2010_005934 -0.9865 1.00 85.00 474.00 251.00 225.00 0
2010_006054 -1.0598 202.00 141.00 443.00 291.00 225.00 0
2011_000195 -0.4830 1.00 190.00 361.00 450.00 345.00 0
2011_000210 -0.8571 265.00 113.00 500.00 238.00 15.00 0
2011_000283 -0.7161 142.00 93.00 295.00 269.00 0.00 0
2011_000283 -0.9270 277.00 86.00 500.00 332.00 0.00 0
2011_000291 -1.1372 150.00 154.00 344.00 240.00 180.00 0
2011_000346 -0.9813 4.00 55.00 483.00 283.00 225.00 0
2011_000498 -0.8860 232.00 1.00 499.00 375.00 345.00 0
2011_000521 -0.9021 1.00 91.00 428.00 231.00 0.00 0
2011_000627 -0.9026 46.00 143.00 486.00 256.00 330.00 0
2011_000688 -0.3443 12.00 59.00 497.00 374.00 345.00 0
2011_000909 -0.9997 39.00 71.00 284.00 286.00 180.00 0
2011_001019 -0.8779 326.00 100.00 461.00 262.00 180.00 0
2011_001060 -0.8324 1.00 1.00 195.00 279.00 180.00 0
2011_001082 -1.0100 128.00 229.00 179.00 286.00 180.00 0
2011_001086 -0.8578 140.00 86.00 280.00 238.00 0.00 0
2011_001086 -0.7188 266.00 64.00 500.00 262.00 330.00 0
2011_001126 -0.6121 2.00 173.00 500.00 375.00 330.00 0
2011_001152 -0.5995 33.00 5.00 500.00 327.00 345.00 0
2011_001217 -1.0180 14.00 105.00 264.00 278.00 180.00 0
2011_001281 -0.2871 187.00 144.00 500.00 346.00 15.00 0
2011_001337 -0.5670 2.00 25.00 204.00 334.00 15.00 0
2011_001375 -0.8697 218.00 116.00 344.00 248.00 180.00 0
2011_001525 -0.8952 25.00 103.00 435.00 216.00 300.00 0
2011_001614 -0.8248 25.00 84.00 500.00 296.00 15.00 0
2011_001655 -0.7168 15.00 71.00 388.00 271.00 15.00 0
2011_001741 -0.1323 105.00 106.00 413.00 352.00 345.00 0
2011_001827 -0.1928 40.00 142.00 315.00 292.00 345.00 0
2011_001927 -1.2775 163.00 170.00 324.00 202.00 0.00 0
2011_001951 -1.0088 107.00 4.00 387.00 332.00 180.00 0
2011_001951 -0.9799 334.00 156.00 500.00 313.00 345.00 0
2011_001951 -1.1130 1.00 143.00 176.00 317.00 240.00 0
2011_002105 -0.8817 85.00 131.00 413.00 248.00 30.00 0
2011_002105 -0.8999 1.00 136.00 500.00 236.00 15.00 0
2011_002173 -1.0723 1.00 137.00 457.00 375.00 0.00 0
2011_002247 -0.7217 1.00 1.00 499.00 282.00 345.00 0
2011_002280 -1.0390 301.00 242.00 500.00 295.00 330.00 0
2011_002294 -0.4805 8.00 194.00 293.00 301.00 345.00 0
2011_002294 -1.1022 287.00 204.00 370.00 300.00 0.00 0
2011_002379 -0.8030 142.00 108.00 293.00 261.00 180.00 0
2011_002396 -0.7800 17.00 57.00 500.00 298.00 330.00 0
2011_002516 -1.0381 56.00 257.00 326.00 500.00 180.00 0
2011_002535 -0.7221 212.00 107.00 362.00 222.00 15.00 0
2011_002738 -0.4229 125.00 103.00 418.00 256.00 345.00 0
2011_003028 -0.9098 76.00 140.00 384.00 360.00 0.00 0
2011_003028 -1.0855 330.00 142.00 500.00 354.00 345.00 0
2011_003059 -0.8744 89.00 18.00 346.00 341.00 0.00 0
2011_003146 -0.7404 28.00 44.00 461.00 361.00 0.00 0
2011_003149 -0.4402 75.00 102.00 442.00 245.00 15.00 0
2011_003197 -0.8563 10.00 9.00 387.00 489.00 345.00 0
2011_003228 -1.0571 1.00 1.00 500.00 345.00 330.00 0
2011_003260 -0.7047 1.00 140.00 349.00 314.00 15.00 0
2011_003260 -1.2158 1.00 165.00 67.00 208.00 180.00 0
