2008_000032 -0.8066 6.00 118.00 489.00 274.00 315.00 0
2008_000075 -0.4262 14.00 73.00 500.00 257.00 315.00 0
2008_000982 -0.5066 144.00 70.00 407.00 278.00 15.00 0
2008_001820 -0.3795 253.00 45.00 500.00 321.00 180.00 0
2008_001820 -0.4782 1.00 18.00 256.00 329.00 180.00 0
2008_002179 -0.9717 41.00 97.00 355.00 333.00 225.00 0
2008_002205 -0.8123 1.00 62.00 453.00 319.00 180.00 0
2008_002412 -0.5547 25.00 157.00 486.00 333.00 315.00 0
2008_002451 -1.1707 336.00 100.00 500.00 238.00 180.00 0
2008_003067 -0.1572 120.00 189.00 288.00 472.00 180.00 0
2008_003067 -1.2364 297.00 344.00 327.00 389.00 195.00 0
2008_003141 0.0736 100.00 32.00 438.00 314.00 330.00 0
2008_003673 -1.3247 283.00 186.00 355.00 216.00 195.00 0
2008_003777 -1.0225 140.00 1.00 432.00 288.00 255.00 0
2008_003777 -1.0170 80.00 112.00 142.00 223.00 180.00 0
2008_003777 -1.2467 65.00 153.00 90.00 193.00 180.00 0
2008_003924 -0.2215 92.00 47.00 433.00 295.00 15.00 0
2008_003924 -0.6237 372.00 95.00 459.00 218.00 180.00 0
2008_003924 -1.1812 480.00 89.00 500.00 217.00 195.00 0
2008_003924 -0.9798 1.00 82.00 236.00 262.00 15.00 0
2008_004088 -0.5857 154.00 27.00 438.00 500.00 180.00 0
2008_004613 0.2777 29.00 12.00 477.00 304.00 30.00 0
2008_004614 -1.0047 111.00 259.00 252.00 298.00 315.00 0
2008_004614 -1.3278 1.00 262.00 83.00 288.00 195.00 0
2008_004794 -1.2435 90.00 241.00 192.00 279.00 195.00 0
2008_004866 -0.8201 9.00 7.00 271.00 284.00 270.00 0
2008_004968 -1.3602 99.00 258.00 131.00 284.00 195.00 0
2008_005139 -0.9460 133.00 1.00 277.00 86.00 315.00 0
2008_005277 -0.9232 233.00 173.00 375.00 498.00 180.00 0
2008_005360 -0.3421 31.00 11.00 461.00 332.00 345.00 0
2008_005360 -1.0801 289.00 51.00 480.00 263.00 270.00 0
2008_005676 -1.0818 25.00 176.00 212.00 237.00 0.00 0
2008_005720 -1.3373 1.00 345.00 120.00 374.00 195.00 0
2008_005933 -1.1741 183.00 94.00 364.00 144.00 195.00 0
2008_005984 0.0992 21.00 34.00 497.00 357.00 345.00 0
2008_006359 -0.8045 1.00 10.00 416.00 375.00 345.00 0
2008_006530 -0.6966 1.00 1.00 500.00 375.00 345.00 0
2008_006554 -1.0173 62.00 79.00 369.00 278.00 345.00 0
2008_006635 0.5864 180.00 108.00 376.00 250.00 345.00 0
2008_007056 -1.0404 114.00 264.00 410.00 375.00 195.00 0
2008_007133 -0.8139 1.00 227.00 63.00 322.00 180.00 0
2008_007352 -0.7280 185.00 96.00 317.00 269.00 180.00 0
2008_007488 -0.5038 43.00 60.00 419.00 298.00 330.00 0
2008_007635 -0.9817 1.00 1.00 500.00 361.00 270.00 0
2008_007797 -0.5962 58.00 108.00 375.00 413.00 180.00 0
2008_007804 -1.3053 86.00 181.00 138.00 217.00 195.00 0
2008_007872 -0.7602 420.00 72.00 500.00 375.00 180.00 0
2008_007931 -0.8819 1.00 1.00 500.00 338.00 345.00 0
2008_008066 -0.2859 35.00 16.00 340.00 465.00 180.00 0
2008_008113 -0.6183 132.00 94.00 466.00 289.00 345.00 0
2008_008120 0.1790 18.00 29.00 471.00 324.00 345.00 0
2008_008234 -1.0258 74.00 17.00 488.00 375.00 270.00 0
2008_008252 -0.3776 38.00 79.00 348.00 373.00 180.00 0
2008_008301 -0.8375 1.00 93.00 500.00 253.00 0.00 0
2008_008469 -0.5971 1.00 1.00 352.00 397.00 180.00 0
2008_008598 -0.9855 455.00 131.00 500.00 197.00 195.00 0
2008_008598 -0.9632 1.00 12.00 456.00 287.00 105.00 0
2008_008679 -1.2408 244.00 242.00 273.00 279.00 195.00 0
2008_008682 -0.2421 234.00 194.00 405.00 354.00 15.00 0
2008_008682 -0.4707 137.00 222.00 253.00 337.00 180.00 0
2008_008682 -0.6041 58.00 218.00 166.00 321.00 180.00 0
2008_008682 -0.4957 1.00 213.00 89.00 317.00 180.00 0
2008_008683 0.1567 112.00 113.00 236.00 322.00 180.00 0
2008_008683 -0.7539 1.00 147.00 115.00 287.00 180.00 0
2008_008684 -0.5478 213.00 171.00 295.00 260.00 180.00 0
2008_008684 -0.9968 287.00 170.00 359.00 239.00 195.00 0
2008_008705 0.3194 240.00 114.00 484.00 286.00 330.00 0
2008_008705 -0.6617 7.00 149.00 209.00 246.00 345.00 0
2009_000060 -0.0656 98.00 23.00 476.00 329.00 15.00 0
2009_000089 -0.0365 59.00 59.00 462.00 287.00 15.00 0
2009_000097 -0.7881 185.00 128.00 408.00 215.00 315.00 0
2009_000199 0.1672 103.00 117.00 454.00 284.00 30.00 0
2009_000335 -0.2562 112.00 47.00 384.00 269.00 30.00 0
2009_000335 -0.3816 1.00 113.00 145.00 259.00 180.00 0
2009_000426 -0.1921 1.00 68.00 241.00 250.00 345.00 0
2009_000426 -0.5844 231.00 95.00 453.00 242.00 345.00 0
2009_000455 0.0437 212.00 120.00 353.00 280.00 15.00 0
2009_000519 -1.0175 414.00 181.00 500.00 249.00 0.00 0
2009_000519 -0.2525 134.00 169.00 394.00 273.00 330.00 0
2009_000519 -0.8365 84.00 184.00 137.00 240.00 180.00 0
2009_000558 -0.3636 6.00 109.00 375.00 429.00 345.00 0
2009_000558 -0.8534 279.00 142.00 375.00 356.00 180.00 0
2009_000568 -0.9275 24.00 44.00 471.00 227.00 15.00 0
2009_000568 -1.5069 470.00 129.00 495.00 145.00 195.00 0
2009_000648 -0.4375 121.00 101.00 389.00 231.00 15.00 0
2009_000886 -0.2765 100.00 110.00 380.00 257.00 330.00 0
2009_000960 -0.6429 103.00 57.00 499.00 322.00 15.00 0
2009_001044 -0.0811 75.00 107.00 463.00 295.00 30.00 0
2009_001082 -0.1004 261.00 85.00 500.00 354.00 180.00 0
2009_001082 -0.1817 9.00 13.00 294.00 339.00 15.00 0
2009_001083 -0.7950 27.00 124.00 92.00 202.00 180.00 0
2009_001083 -1.0188 381.00 112.00 500.00 216.00 255.00 0
2009_001083 -0.7789 92.00 72.00 320.00 294.00 180.00 0
2009_001113 0.0696 25.00 27.00 401.00 266.00 345.00 0
2009_001148 0.0347 39.00 31.00 460.00 323.00 345.00 0
2009_001148 -1.0071 403.00 32.00 500.00 278.00 180.00 0
2009_001326 0.0961 72.00 70.00 437.00 307.00 345.00 0
2009_001326 -1.1073 347.00 141.00 479.00 231.00 255.00 0
2009_001326 -1.2276 59.00 168.00 75.00 233.00 195.00 0
2009_001366 -0.2334 14.00 44.00 496.00 334.00 15.00 0
2009_001633 -0.3861 20.00 16.00 346.00 497.00 180.00 0
2009_001633 -0.5225 304.00 153.00 375.00 386.00 180.00 0
2009_001675 -0.4806 63.00 27.00 456.00 374.00 15.00 0
2009_001707 -0.9467 116.00 30.00 472.00 352.00 180.00 0
2009_001752 -0.8369 77.00 70.00 382.00 223.00 0.00 0
2009_001778 -1.3104 440.00 113.00 488.00 139.00 195.00 0
2009_001804 -0.4788 84.00 98.00 454.00 312.00 15.00 0
2009_001804 -1.2578 37.00 159.00 63.00 200.00 195.00 0
2009_001811 -0.1126 152.00 122.00 394.00 268.00 345.00 0
2009_001816 0.1508 16.00 66.00 411.00 295.00 15.00 0
2009_001822 0.1701 32.00 1.00 444.00 333.00 15.00 0
2009_001854 -0.1558 83.00 20.00 386.00 310.00 15.00 0
2009_001854 -1.0127 1.00 68.00 92.00 275.00 180.00 0
2009_001967 -0.0268 40.00 36.00 404.00 301.00 330.00 0
2009_002128 -0.9250 151.00 52.00 421.00 287.00 345.00 0
2009_002238 -0.9522 1.00 12.00 403.00 409.00 90.00 0
2009_002398 -0.1971 11.00 12.00 477.00 340.00 30.00 0
2009_002398 -0.6876 1.00 126.00 60.00 251.00 180.00 0
2009_002436 -0.0426 31.00 12.00 447.00 301.00 330.00 0
2009_002457 -0.0670 30.00 31.00 434.00 305.00 15.00 0
2009_002512 -0.2546 403.00 114.00 500.00 242.00 180.00 0
2009_002512 -0.3619 138.00 23.00 407.00 304.00 15.00 0
2009_002517 -0.9880 20.00 73.00 457.00 289.00 270.00 0
2009_002532 0.1472 70.00 118.00 357.00 317.00 345.00 0
2009_002535 0.1517 107.00 73.00 390.00 280.00 330.00 0
2009_002566 -0.5757 109.00 39.00 429.00 269.00 15.00 0
2009_002566 -0.6581 28.00 48.00 113.00 189.00 180.00 0
2009_002570 -0.2615 1.00 64.00 89.00 224.00 180.00 0
2009_002570 -0.6264 86.00 100.00 191.00 222.00 180.00 0
2009_002570 -0.6655 198.00 98.00 280.00 206.00 180.00 0
2009_002570 -0.4947 285.00 106.00 351.00 206.00 180.00 0
2009_002570 -0.4693 359.00 110.00 429.00 213.00 180.00 0
2009_002876 -0.0564 40.00 63.00 463.00 356.00 15.00 0
2009_002876 -0.7219 446.00 93.00 500.00 236.00 180.00 0
2009_003018 0.1392 26.00 61.00 449.00 280.00 30.00 0
2009_003276 -0.3707 56.00 157.00 327.00 281.00 330.00 0
2009_003304 -0.1204 47.00 52.00 454.00 292.00 30.00 0
2009_003422 -0.4054 28.00 12.00 482.00 303.00 330.00 0
2009_003491 -0.1577 30.00 39.00 367.00 250.00 15.00 0
2009_003491 -0.7036 365.00 87.00 451.00 172.00 180.00 0
2009_003491 -0.7999 449.00 97.00 497.00 150.00 180.00 0
2009_003566 0.4966 73.00 139.00 407.00 298.00 330.00 0
2009_003592 -0.3534 5.00 126.00 466.00 288.00 30.00 0
2009_003669 -0.5018 116.00 157.00 270.00 313.00 345.00 0
2009_003669 -0.8738 269.00 193.00 425.00 303.00 30.00 0
2009_003669 -0.7521 334.00 222.00 500.00 316.00 330.00 0
2009_003703 -0.7024 75.00 80.00 496.00 324.00 15.00 0
2009_003703 -1.0002 37.00 133.00 117.00 278.00 180.00 0
2009_003710 0.0062 64.00 39.00 373.00 310.00 345.00 0
2009_003781 0.1783 75.00 79.00 380.00 269.00 345.00 0
2009_003821 -1.3304 223.00 286.00 246.00 308.00 195.00 0
2009_003916 0.3520 10.00 28.00 488.00 326.00 15.00 0
2009_003969 -1.2381 89.00 114.00 166.00 176.00 120.00 0
2009_003969 -0.9713 164.00 116.00 320.00 180.00 90.00 0
2009_004040 -1.1416 426.00 116.00 500.00 203.00 255.00 0
2009_004040 -1.2004 350.00 116.00 439.00 197.00 195.00 0
2009_004040 -1.2750 280.00 115.00 362.00 188.00 195.00 0
2009_004040 -1.1239 1.00 34.00 22.00 266.00 195.00 0
2009_004040 -1.3810 23.00 122.00 33.00 204.00 195.00 0
2009_004040 -1.3172 42.00 129.00 59.00 192.00 195.00 0
2009_004040 0.0494 59.00 36.00 441.00 327.00 345.00 0
2009_004052 0.3857 49.00 36.00 440.00 302.00 15.00 0
2009_004072 -0.9739 59.00 30.00 500.00 375.00 15.00 0
2009_004197 -0.5395 68.00 194.00 336.00 283.00 30.00 0
2009_004197 -1.0586 333.00 209.00 451.00 262.00 105.00 0
2009_004197 -1.3592 1.00 205.00 75.00 259.00 195.00 0
2009_004258 0.1299 67.00 46.00 465.00 285.00 15.00 0
2009_004350 -0.8304 70.00 141.00 382.00 321.00 180.00 0
2009_004440 -0.6670 300.00 59.00 481.00 270.00 180.00 0
2009_004440 -0.5243 20.00 92.00 159.00 261.00 180.00 0
2009_004567 -0.4591 91.00 138.00 420.00 256.00 30.00 0
2009_004590 -0.8298 1.00 84.00 65.00 210.00 180.00 0
2009_004590 -0.1389 122.00 37.00 399.00 263.00 345.00 0
2009_004670 -0.0591 20.00 60.00 478.00 276.00 30.00 0
2009_004732 0.2609 70.00 65.00 416.00 296.00 345.00 0
2009_004732 -1.0013 370.00 96.00 449.00 272.00 180.00 0
2009_004789 -0.9213 77.00 73.00 500.00 347.00 270.00 0
2009_004789 -0.8216 12.00 78.00 232.00 323.00 180.00 0
2009_004789 -0.8417 1.00 75.00 88.00 313.00 180.00 0
2009_004867 0.2820 53.00 59.00 461.00 321.00 345.00 0
2009_004947 -0.4050 43.00 55.00 353.00 283.00 330.00 0
2009_005060 0.1651 84.00 52.00 492.00 285.00 15.00 0
2009_005231 0.1275 92.00 170.00 273.00 244.00 330.00 0
2009_005231 -1.2617 1.00 181.00 97.00 226.00 195.00 0
2009_005279 -0.8690 215.00 149.00 362.00 285.00 180.00 0
2009_005279 -0.8400 6.00 126.00 202.00 300.00 15.00 0
2010_000069 -0.7836 47.00 6.00 463.00 341.00 315.00 0
2010_000376 -0.1977 50.00 108.00 387.00 281.00 330.00 0
2010_000524 0.3151 65.00 72.00 412.00 290.00 345.00 0
2010_000573 0.1144 101.00 61.00 448.00 346.00 330.00 0
2010_000603 -0.0458 103.00 65.00 432.00 295.00 345.00 0
2010_000682 0.3313 94.00 35.00 339.00 211.00 15.00 0
2010_000689 -1.2235 109.00 1.00 395.00 223.00 195.00 0
2010_000689 -1.2722 245.00 1.00 500.00 333.00 195.00 0
2010_000726 -0.5392 52.00 44.00 376.00 440.00 15.00 0
2010_000726 -0.7744 391.00 38.00 454.00 442.00 180.00 0
2010_000797 -0.9216 374.00 180.00 500.00 232.00 315.00 0
2010_000797 -1.1191 58.00 169.00 250.00 234.00 90.00 0
2010_000947 -0.1943 288.00 78.00 463.00 294.00 15.00 0
2010_000947 -0.5517 56.00 144.00 293.00 285.00 15.00 0
2010_001204 -0.5723 8.00 150.00 121.00 332.00 180.00 0
2010_001206 -0.3330 64.00 83.00 410.00 248.00 30.00 0
2010_001364 -0.7020 1.00 62.00 306.00 354.00 15.00 0
2010_001403 -0.1980 96.00 1.00 488.00 325.00 345.00 0
2010_001453 0.1549 102.00 66.00 360.00 252.00 330.00 0
2010_001640 -0.5041 1.00 64.00 210.00 246.00 345.00 0
2010_001640 -0.7594 92.00 84.00 368.00 237.00 345.00 0
2010_001640 -0.4493 358.00 99.00 470.00 230.00 180.00 0
2010_001640 -0.9334 298.00 121.00 500.00 220.00 255.00 0
2010_001646 0.5848 269.00 49.00 496.00 265.00 345.00 0
2010_001646 -0.8998 142.00 110.00 258.00 230.00 345.00 0
2010_001646 -0.5572 11.00 77.00 144.00 244.00 345.00 0
2010_001771 -0.5856 45.00 95.00 375.00 224.00 330.00 0
2010_001892 -0.9675 1.00 1.00 408.00 249.00 315.00 0
2010_002102 -0.0114 105.00 45.00 391.00 276.00 330.00 0
2010_002546 -0.9171 365.00 102.00 500.00 314.00 180.00 0
2010_002546 -0.1889 67.00 102.00 340.00 293.00 330.00 0
2010_002758 -0.0432 53.00 62.00 450.00 301.00 30.00 0
2010_002774 0.1092 77.00 66.00 455.00 266.00 30.00 0
2010_002774 -0.7722 1.00 76.00 315.00 261.00 15.00 0
2010_002868 -0.3706 11.00 25.00 287.00 336.00 180.00 0
2010_002868 -0.7335 196.00 87.00 485.00 302.00 345.00 0
2010_003040 0.3413 60.00 16.00 458.00 266.00 345.00 0
2010_003293 0.2902 86.00 52.00 398.00 293.00 345.00 0
2010_003562 0.1600 66.00 65.00 472.00 279.00 30.00 0
2010_003772 -0.1718 36.00 138.00 326.00 277.00 15.00 0
2010_003855 -0.9496 3.00 163.00 335.00 440.00 345.00 0
2010_003936 -0.4106 50.00 26.00 404.00 284.00 345.00 0
2010_004263 0.2351 132.00 87.00 425.00 219.00 330.00 0
2010_004263 -1.3610 45.00 140.00 83.00 163.00 195.00 0
2010_004348 -1.0849 33.00 47.00 409.00 290.00 90.00 0
2010_004554 -0.4294 82.00 32.00 449.00 341.00 15.00 0
2010_004588 -0.4528 1.00 41.00 147.00 344.00 180.00 0
2010_004588 -0.2051 146.00 5.00 433.00 322.00 345.00 0
2010_004627 -0.9444 125.00 46.00 350.00 138.00 0.00 0
2010_004637 -0.2069 107.00 74.00 481.00 357.00 15.00 0
2010_004637 -1.2592 17.00 196.00 109.00 222.00 195.00 0
2010_004735 -0.1579 1.00 1.00 410.00 491.00 180.00 0
2010_004903 -0.7549 1.00 40.00 358.00 412.00 30.00 0
2010_005063 -0.9864 404.00 147.00 500.00 221.00 90.00 0
2010_005063 -0.7044 358.00 141.00 405.00 216.00 180.00 0
2010_005063 -0.3287 223.00 136.00 363.00 224.00 345.00 0
2010_005063 -0.3223 180.00 147.00 231.00 209.00 180.00 0
2010_005063 -0.8123 86.00 139.00 182.00 226.00 180.00 0
2010_005063 -1.0677 1.00 142.00 82.00 232.00 105.00 0
2010_005118 0.3837 40.00 85.00 420.00 339.00 345.00 0
2010_005123 -0.5817 117.00 194.00 218.00 244.00 330.00 0
2010_005160 -1.1429 1.00 1.00 212.00 90.00 195.00 0
2010_005284 0.2620 87.00 25.00 411.00 268.00 15.00 0
2010_005502 -0.8485 109.00 133.00 215.00 217.00 345.00 0
2010_005527 0.1936 127.00 119.00 343.00 257.00 345.00 0
2010_005636 0.0347 84.00 45.00 488.00 310.00 15.00 0
2010_005756 -0.7445 2.00 44.00 476.00 246.00 330.00 0
2011_000007 -0.8217 76.00 106.00 316.00 434.00 180.00 0
2011_000090 0.1011 14.00 103.00 464.00 304.00 330.00 0
2011_000178 -0.9015 1.00 79.00 461.00 362.00 270.00 0
2011_000180 -1.3442 331.00 345.00 389.00 361.00 195.00 0
2011_000239 -0.1915 99.00 83.00 405.00 290.00 345.00 0
2011_000248 0.2081 272.00 89.00 428.00 280.00 180.00 0
2011_000248 -0.4508 33.00 80.00 236.00 269.00 180.00 0
2011_000312 -0.7207 240.00 63.00 496.00 174.00 30.00 0
2011_000312 -0.8886 28.00 62.00 314.00 164.00 30.00 0
2011_000369 -0.1097 274.00 117.00 448.00 204.00 30.00 0
2011_000541 -0.5850 86.00 75.00 399.00 269.00 330.00 0
2011_000541 -0.3621 401.00 54.00 500.00 289.00 180.00 0
2011_000559 -0.2102 89.00 78.00 432.00 283.00 30.00 0
2011_000559 -0.7230 1.00 99.00 54.00 209.00 180.00 0
2011_000767 -0.7697 58.00 264.00 312.00 482.00 345.00 0
2011_000830 0.0995 33.00 34.00 320.00 430.00 180.00 0
2011_000830 -0.8552 1.00 105.00 173.00 380.00 180.00 0
2011_000830 -0.7830 314.00 220.00 347.00 308.00 180.00 0
2011_000888 -0.4494 11.00 64.00 435.00 290.00 345.00 0
2011_000901 -0.5486 52.00 12.00 464.00 292.00 345.00 0
2011_000969 -0.9906 177.00 160.00 440.00 268.00 255.00 0
2011_001064 -0.5254 61.00 130.00 470.00 291.00 30.00 0
2011_001064 -1.1762 470.00 164.00 500.00 245.00 195.00 0
2011_001105 0.3550 29.00 42.00 403.00 222.00 330.00 0
2011_001110 -1.2456 317.00 136.00 409.00 168.00 195.00 0
2011_001146 0.1681 24.00 17.00 470.00 315.00 15.00 0
2011_001146 -1.0935 462.00 117.00 499.00 171.00 180.00 0
2011_001341 -0.5489 85.00 24.00 422.00 290.00 15.00 0
2011_001355 -0.2913 121.00 60.00 417.00 309.00 345.00 0
2011_001355 -1.0504 257.00 91.00 483.00 254.00 75.00 0
2011_001355 -0.9658 16.00 73.00 70.00 330.00 180.00 0
2011_001747 0.2722 95.00 42.00 443.00 283.00 15.00 0
2011_001747 -1.3228 441.00 151.00 455.00 188.00 195.00 0
2011_001748 -1.3490 324.00 210.00 380.00 232.00 195.00 0
2011_001870 -0.5664 66.00 38.00 294.00 421.00 180.00 0
2011_002079 -0.4727 1.00 53.00 344.00 374.00 15.00 0
2011_002215 -0.5021 287.00 1.00 498.00 374.00 180.00 0
2011_002330 -0.1758 82.00 62.00 404.00 246.00 30.00 0
2011_002330 -0.6608 422.00 108.00 478.00 166.00 180.00 0
2011_002330 -0.7902 467.00 107.00 500.00 179.00 180.00 0
2011_002384 -0.8008 28.00 157.00 397.00 246.00 240.00 0
2011_002629 0.0673 32.00 40.00 470.00 319.00 15.00 0
2011_002687 -0.2900 108.00 165.00 434.00 484.00 345.00 0
2011_002925 0.2576 87.00 242.00 227.00 341.00 345.00 0
2011_002944 -1.1399 232.00 1.00 499.00 375.00 270.00 0
2011_003086 -0.6848 124.00 237.00 305.00 426.00 180.00 0
2011_003089 -0.7931 16.00 38.00 372.00 455.00 180.00 0
2011_003114 -0.5920 121.00 63.00 378.00 316.00 180.00 0
