2008_000043 -0.9852 166.00 175.00 425.00 344.00 15.00 0
2008_000418 -1.0334 341.00 251.00 500.00 344.00 330.00 0
2008_000573 -0.9930 1.00 240.00 324.00 332.00 0.00 0
2008_000817 -0.9476 221.00 168.00 328.00 233.00 15.00 0
2008_000835 -0.7687 1.00 107.00 404.00 375.00 0.00 0
2008_000885 -0.8191 1.00 205.00 411.00 326.00 105.00 0
2008_001077 -0.6578 1.00 94.00 500.00 375.00 0.00 0
2008_001155 -0.9046 1.00 253.00 233.00 375.00 300.00 0
2008_001451 -0.8805 318.00 258.00 498.00 375.00 315.00 0
2008_001723 -1.0634 209.00 262.00 500.00 375.00 75.00 0
2008_001723 -0.8145 139.00 226.00 311.00 351.00 75.00 0
2008_001773 -0.9269 180.00 209.00 500.00 375.00 0.00 0
2008_002114 -0.9379 1.00 159.00 354.00 349.00 285.00 0
2008_002384 -1.0056 208.00 271.00 479.00 375.00 315.00 0
2008_002508 -0.8318 299.00 156.00 500.00 312.00 60.00 0
2008_002567 -0.8875 163.00 191.00 478.00 375.00 90.00 0
2008_003245 -1.0360 360.00 116.00 500.00 351.00 75.00 0
2008_003477 -0.8336 1.00 195.00 500.00 375.00 300.00 0
2008_003753 -0.6830 1.00 250.00 190.00 375.00 300.00 0
2008_003881 -0.9260 333.00 213.00 485.00 366.00 300.00 0
2008_003904 -0.8805 1.00 302.00 375.00 500.00 345.00 0
2008_004140 -0.8964 230.00 214.00 375.00 336.00 0.00 0
2008_004216 -0.8424 1.00 113.00 500.00 333.00 90.00 0
2008_004289 -0.9557 1.00 39.00 500.00 333.00 60.00 0
2008_004564 -0.8977 161.00 212.00 500.00 333.00 15.00 0
2008_004851 -0.9701 1.00 249.00 500.00 375.00 75.00 0
2008_004948 -0.7346 1.00 223.00 366.00 375.00 0.00 0
2008_004979 -0.9618 1.00 131.00 495.00 375.00 90.00 0
2008_005070 -0.8270 19.00 135.00 467.00 375.00 60.00 0
2008_005257 -0.7862 131.00 166.00 417.00 356.00 315.00 0
2008_005348 -0.6591 5.00 58.00 500.00 287.00 0.00 0
2008_005608 -1.0717 352.00 230.00 500.00 374.00 285.00 0
2008_005975 -0.9493 1.00 102.00 500.00 375.00 30.00 0
2008_006008 -0.8620 24.00 285.00 264.00 500.00 315.00 0
2008_006120 -0.9561 52.00 241.00 340.00 375.00 90.00 0
2008_006151 -0.8661 68.00 111.00 399.00 330.00 300.00 0
2008_006311 -0.8387 1.00 152.00 421.00 233.00 0.00 0
2008_006588 -1.0654 1.00 1.00 189.00 99.00 330.00 0
2008_006611 -0.8922 90.00 219.00 414.00 343.00 15.00 0
2008_006952 -0.9134 199.00 183.00 356.00 364.00 60.00 0
2008_007048 -0.8919 115.00 270.00 259.00 440.00 270.00 0
2008_007166 -0.9072 375.00 202.00 500.00 284.00 75.00 0
2008_007402 -0.9709 188.00 272.00 333.00 500.00 60.00 0
2008_007402 -0.9858 1.00 173.00 68.00 300.00 90.00 0
2008_007853 -0.8053 1.00 221.00 500.00 375.00 300.00 0
2008_007922 -0.8582 71.00 200.00 412.00 375.00 0.00 0
2008_007949 -1.1340 1.00 295.00 169.00 375.00 0.00 0
2008_008093 -0.8903 123.00 246.00 490.00 375.00 0.00 0
2008_008155 -0.8651 367.00 210.00 500.00 337.00 300.00 0
2008_008224 -0.9670 155.00 254.00 343.00 378.00 300.00 0
2008_008362 -0.9131 60.00 265.00 378.00 375.00 0.00 0
2008_008365 -0.9763 137.00 271.00 341.00 375.00 60.00 0
2008_008388 -0.8026 1.00 239.00 449.00 375.00 30.00 0
2008_008474 -1.2043 1.00 271.00 114.00 375.00 75.00 0
2008_008474 -0.8627 41.00 240.00 137.00 330.00 300.00 0
2009_000212 -0.9529 88.00 226.00 291.00 435.00 15.00 0
2009_000247 -0.9444 23.00 138.00 425.00 375.00 315.00 0
2009_000257 -0.8690 1.00 176.00 500.00 333.00 15.00 0
2009_000300 -0.9109 1.00 78.00 500.00 333.00 330.00 0
2009_000760 -0.8173 151.00 203.00 396.00 328.00 90.00 0
2009_000811 -0.9283 103.00 67.00 401.00 375.00 75.00 0
2009_000846 -0.8214 1.00 1.00 500.00 375.00 105.00 0
2009_001011 -0.9485 2.00 209.00 373.00 500.00 0.00 0
2009_001054 -0.9860 1.00 1.00 375.00 500.00 75.00 0
2009_001057 -1.0175 1.00 65.00 500.00 334.00 75.00 0
2009_001215 -0.7454 1.00 1.00 500.00 375.00 0.00 0
2009_001398 -1.0063 1.00 307.00 221.00 444.00 75.00 0
2009_001426 -0.9227 209.00 236.00 500.00 375.00 0.00 0
2009_001447 -0.9264 247.00 274.00 500.00 375.00 90.00 0
2009_001447 -1.7341 210.00 191.00 255.00 217.00 75.00 0
2009_001575 -0.9394 1.00 231.00 375.00 500.00 75.00 0
2009_001575 -1.5197 296.00 94.00 375.00 123.00 90.00 0
2009_001575 -2.0228 244.00 78.00 275.00 93.00 75.00 0
2009_001754 -0.8296 115.00 218.00 383.00 375.00 60.00 0
2009_002003 -0.8950 166.00 42.00 321.00 264.00 60.00 0
2009_002024 -0.8405 1.00 13.00 500.00 356.00 0.00 0
2009_002055 -0.5635 69.00 242.00 340.00 375.00 300.00 0
2009_002055 -1.0505 1.00 222.00 61.00 309.00 75.00 0
2009_002078 -0.9246 71.00 100.00 389.00 277.00 0.00 0
2009_002111 -0.8897 1.00 1.00 368.00 414.00 0.00 0
2009_002139 -0.8160 1.00 305.00 455.00 375.00 105.00 0
2009_002169 -0.8561 1.00 43.00 375.00 322.00 0.00 0
2009_002328 -0.7729 1.00 55.00 500.00 333.00 105.00 0
2009_002415 -0.8131 1.00 1.00 375.00 351.00 270.00 0
2009_002433 -0.7837 139.00 200.00 399.00 333.00 315.00 0
2009_002444 -0.9855 163.00 366.00 375.00 500.00 0.00 0
2009_002471 -0.7759 171.00 141.00 499.00 301.00 15.00 0
2009_002471 -0.6040 1.00 173.00 433.00 375.00 300.00 0
2009_002487 -0.9571 157.00 179.00 333.00 333.00 300.00 0
2009_002524 -1.5719 124.00 235.00 169.00 272.00 75.00 0
2009_002524 -1.4636 117.00 282.00 196.00 309.00 105.00 0
2009_002524 -1.7719 229.00 216.00 258.00 241.00 75.00 0
2009_002524 -1.2696 281.00 244.00 323.00 317.00 90.00 0
2009_002524 -1.5323 391.00 225.00 458.00 252.00 105.00 0
2009_002524 -1.5649 397.00 255.00 500.00 286.00 90.00 0
2009_002524 -1.0388 363.00 287.00 500.00 372.00 90.00 0
2009_002546 -0.9425 68.00 299.00 468.00 375.00 300.00 0
2009_002571 -0.9925 293.00 37.00 472.00 198.00 60.00 0
2009_002634 -1.7273 390.00 297.00 459.00 325.00 105.00 0
2009_002634 -1.9811 208.00 319.00 279.00 335.00 75.00 0
2009_002634 -1.7768 227.00 331.00 311.00 355.00 75.00 0
2009_002634 -1.7456 257.00 347.00 354.00 373.00 75.00 0
2009_002634 -1.8884 15.00 333.00 85.00 355.00 75.00 0
2009_002634 -1.8386 1.00 353.00 48.00 375.00 75.00 0
2009_002663 -0.7422 1.00 182.00 444.00 375.00 30.00 0
2009_002743 -0.9397 64.00 186.00 356.00 375.00 15.00 0
2009_002790 -0.9262 1.00 147.00 396.00 331.00 0.00 0
2009_002816 -0.5995 1.00 305.00 316.00 500.00 345.00 0
2009_002978 -0.6748 96.00 239.00 361.00 375.00 300.00 0
2009_003003 -0.9357 1.00 226.00 375.00 500.00 30.00 0
2009_003071 -0.7943 82.00 147.00 500.00 333.00 15.00 0
2009_003123 -1.0905 1.00 285.00 149.00 375.00 300.00 0
2009_003150 -0.9066 227.00 187.00 419.00 251.00 0.00 0
2009_003154 -0.9666 77.00 214.00 403.00 371.00 270.00 0
2009_003191 -0.9667 1.00 397.00 375.00 500.00 105.00 0
2009_003198 -0.8958 1.00 217.00 322.00 375.00 30.00 0
2009_003251 -0.8104 97.00 141.00 442.00 375.00 0.00 0
2009_003282 -0.9665 1.00 319.00 375.00 500.00 0.00 0
2009_003440 -1.0994 233.00 310.00 442.00 374.00 15.00 0
2009_003507 -0.8841 139.00 330.00 333.00 500.00 315.00 0
2009_003759 -0.8262 113.00 182.00 279.00 322.00 60.00 0
2009_003795 -0.9374 250.00 230.00 451.00 375.00 60.00 0
2009_003795 -0.9025 84.00 246.00 315.00 375.00 60.00 0
2009_003835 -0.8368 252.00 205.00 429.00 303.00 270.00 0
2009_003840 -0.8831 2.00 267.00 214.00 375.00 270.00 0
2009_003849 -1.2139 338.00 181.00 437.00 267.00 300.00 0
2009_003884 -0.8963 3.00 142.00 155.00 282.00 60.00 0
2009_003914 -0.9927 1.00 1.00 500.00 375.00 315.00 0
2009_003973 -0.3964 127.00 187.00 346.00 372.00 300.00 0
2009_003991 -0.9925 1.00 74.00 142.00 375.00 75.00 0
2009_004032 -0.9887 27.00 219.00 459.00 375.00 15.00 0
2009_004085 -0.9636 1.00 381.00 333.00 500.00 0.00 0
2009_004124 -0.8976 1.00 70.00 500.00 323.00 300.00 0
2009_004140 -0.7322 106.00 234.00 427.00 375.00 0.00 0
2009_004263 -0.9010 120.00 291.00 369.00 427.00 255.00 0
2009_004309 -0.9030 1.00 197.00 500.00 375.00 300.00 0
2009_004419 -1.1234 90.00 204.00 249.00 292.00 315.00 0
2009_004499 -0.5839 57.00 123.00 484.00 336.00 60.00 0
2009_004532 -0.7668 1.00 182.00 500.00 375.00 30.00 0
2009_004537 -0.8504 19.00 304.00 381.00 472.00 300.00 0
2009_004720 -0.8228 7.00 81.00 500.00 375.00 15.00 0
2009_004720 -0.9511 343.00 29.00 500.00 157.00 0.00 0
2009_004769 -0.8713 1.00 326.00 375.00 500.00 105.00 0
2009_004859 -0.7230 196.00 121.00 500.00 375.00 270.00 0
2009_004974 -0.9640 1.00 168.00 281.00 500.00 15.00 0
2009_005001 -0.9184 1.00 231.00 304.00 375.00 15.00 0
2009_005038 -0.7960 1.00 367.00 375.00 500.00 15.00 0
2009_005080 -0.9569 1.00 212.00 148.00 375.00 270.00 0
2009_005165 -0.8084 15.00 119.00 375.00 474.00 60.00 0
2009_005171 -0.9738 211.00 265.00 500.00 375.00 30.00 0
2009_005202 -0.4377 1.00 90.00 371.00 375.00 300.00 0
2009_005205 -1.0352 114.00 139.00 308.00 218.00 75.00 0
2009_005205 -0.8135 49.00 211.00 359.00 500.00 90.00 0
2010_000001 -1.0478 1.00 219.00 500.00 333.00 75.00 0
2010_000001 -0.8532 1.00 1.00 234.00 188.00 270.00 0
2010_000088 -0.8714 1.00 131.00 500.00 374.00 105.00 0
2010_000174 -0.9503 1.00 310.00 452.00 374.00 345.00 0
2010_000178 -1.1555 1.00 320.00 208.00 375.00 105.00 0
2010_000325 -0.9685 1.00 245.00 375.00 500.00 105.00 0
2010_000352 -0.9189 1.00 240.00 480.00 360.00 0.00 0
2010_000669 -1.1192 1.00 301.00 230.00 373.00 15.00 0
2010_000697 -0.9222 3.00 273.00 410.00 333.00 15.00 0
2010_000754 -0.8933 53.00 206.00 396.00 333.00 75.00 0
2010_000821 -0.9105 275.00 242.00 500.00 375.00 15.00 0
2010_000915 -1.0450 116.00 387.00 374.00 498.00 345.00 0
2010_001181 -0.8204 3.00 20.00 500.00 375.00 60.00 0
2010_001287 -0.6113 198.00 191.00 420.00 332.00 0.00 0
2010_001343 -0.9539 34.00 232.00 333.00 500.00 105.00 0
2010_001455 -0.6950 1.00 315.00 190.00 457.00 315.00 0
2010_001535 -0.8114 108.00 295.00 405.00 374.00 60.00 0
2010_001535 -1.5613 421.00 133.00 500.00 172.00 90.00 0
2010_001579 -0.9525 1.00 244.00 500.00 373.00 30.00 0
2010_001645 -0.9320 165.00 213.00 370.00 332.00 0.00 0
2010_001680 -0.7318 12.00 38.00 485.00 375.00 0.00 0
2010_001682 -0.9382 1.00 190.00 258.00 375.00 300.00 0
2010_001777 -0.8439 2.00 154.00 375.00 500.00 15.00 0
2010_001823 -0.9852 179.00 340.00 333.00 408.00 60.00 0
2010_001851 -1.1694 142.00 216.00 273.00 350.00 255.00 0
2010_001907 -0.9748 322.00 149.00 500.00 331.00 90.00 0
2010_002006 -0.6914 1.00 257.00 324.00 432.00 255.00 0
2010_002199 -0.9969 116.00 265.00 230.00 359.00 300.00 0
2010_002269 -0.9430 1.00 287.00 500.00 375.00 0.00 0
2010_002336 -0.8256 44.00 149.00 332.00 409.00 300.00 0
2010_002366 -0.5731 1.00 330.00 273.00 500.00 300.00 0
2010_002373 -0.9641 1.00 261.00 260.00 500.00 300.00 0
2010_002539 -0.9111 1.00 401.00 197.00 483.00 30.00 0
2010_002605 -0.7772 33.00 185.00 362.00 454.00 300.00 0
2010_002639 -0.7224 47.00 160.00 462.00 375.00 60.00 0
2010_002714 -0.8894 1.00 202.00 500.00 375.00 0.00 0
2010_002721 -0.6337 1.00 118.00 474.00 375.00 300.00 0
2010_002725 -0.9620 1.00 297.00 500.00 375.00 15.00 0
2010_002725 -0.9955 1.00 190.00 82.00 272.00 315.00 0
2010_002728 -0.1917 169.00 147.00 456.00 355.00 300.00 0
2010_002877 -0.9277 157.00 204.00 320.00 319.00 0.00 0
2010_003091 -0.8904 1.00 236.00 403.00 375.00 105.00 0
2010_003154 -0.7715 121.00 253.00 363.00 375.00 300.00 0
2010_003325 -1.0296 90.00 301.00 500.00 375.00 105.00 0
2010_003520 -0.9513 88.00 399.00 294.00 500.00 300.00 0
2010_003531 -0.7268 44.00 237.00 500.00 374.00 60.00 0
2010_003594 -0.6120 1.00 30.00 500.00 373.00 0.00 0
2010_003597 -0.9169 51.00 221.00 322.00 375.00 15.00 0
2010_003597 -1.2252 447.00 201.00 500.00 309.00 270.00 0
2010_003762 -0.8935 1.00 142.00 500.00 359.00 60.00 0
2010_003971 -0.8462 136.00 223.00 411.00 500.00 60.00 0
2010_003976 -0.6681 1.00 220.00 500.00 374.00 270.00 0
2010_004125 -1.0667 1.00 260.00 113.00 375.00 75.00 0
2010_004229 -1.0419 124.00 169.00 307.00 364.00 300.00 0
2010_004278 -0.6813 12.00 24.00 423.00 349.00 315.00 0
2010_004290 -0.8350 1.00 4.00 449.00 340.00 300.00 0
2010_004380 -0.9434 1.00 279.00 334.00 500.00 30.00 0
2010_004380 -0.8906 52.00 165.00 295.00 287.00 300.00 0
2010_004380 -0.8591 86.00 94.00 263.00 180.00 0.00 0
2010_004391 -0.9294 1.00 1.00 500.00 272.00 315.00 0
2010_004597 -0.9175 122.00 126.00 477.00 375.00 0.00 0
2010_004778 -0.7322 148.00 166.00 388.00 375.00 0.00 0
2010_004825 -0.9533 85.00 286.00 363.00 472.00 75.00 0
2010_004909 -0.9546 1.00 140.00 464.00 375.00 15.00 0
2010_004992 -0.8927 67.00 89.00 371.00 373.00 0.00 0
2010_005046 -0.9806 1.00 303.00 467.00 398.00 15.00 0
2010_005369 -0.9301 1.00 274.00 500.00 375.00 0.00 0
2010_005379 -0.8527 37.00 413.00 375.00 499.00 0.00 0
2010_005398 -0.9108 217.00 184.00 427.00 299.00 300.00 0
2010_005493 -1.0300 226.00 35.00 375.00 432.00 75.00 0
2010_005576 -0.8442 1.00 1.00 500.00 374.00 0.00 0
2010_005626 -0.8243 104.00 226.00 459.00 375.00 75.00 0
2010_005654 -1.0011 196.00 241.00 367.00 375.00 285.00 0
2010_005666 -1.1512 1.00 1.00 144.00 270.00 75.00 0
2010_005764 -1.0047 1.00 261.00 500.00 375.00 105.00 0
2010_005884 -0.9299 14.00 234.00 500.00 333.00 330.00 0
2010_005901 -0.9090 1.00 233.00 419.00 375.00 345.00 0
2010_005936 -0.7792 1.00 282.00 500.00 375.00 0.00 0
2010_005938 -0.9243 221.00 50.00 500.00 374.00 0.00 0
2010_006010 -0.9853 1.00 266.00 306.00 336.00 345.00 0
2010_006056 -0.8364 1.00 127.00 304.00 375.00 270.00 0
2011_000016 -0.9700 121.00 170.00 499.00 375.00 75.00 0
2011_000065 -0.9491 80.00 58.00 476.00 374.00 75.00 0
2011_000098 -0.6410 59.00 117.00 301.00 375.00 300.00 0
2011_000206 -1.2441 18.00 344.00 500.00 375.00 330.00 0
2011_000226 -0.7788 1.00 258.00 308.00 492.00 0.00 0
2011_000257 -0.8941 1.00 42.00 375.00 500.00 90.00 0
2011_000338 -0.9520 1.00 268.00 208.00 375.00 15.00 0
2011_000408 -0.8772 1.00 177.00 500.00 375.00 105.00 0
2011_000427 -0.8942 1.00 202.00 459.00 375.00 0.00 0
2011_000530 -1.0374 224.00 176.00 364.00 214.00 330.00 0
2011_000598 -0.9630 1.00 246.00 298.00 500.00 285.00 0
2011_000745 -0.8334 82.00 97.00 247.00 250.00 60.00 0
2011_000745 -0.9842 131.00 204.00 500.00 375.00 0.00 0
2011_000745 -0.9775 344.00 81.00 500.00 175.00 0.00 0
2011_000919 -0.7006 122.00 201.00 375.00 375.00 300.00 0
2011_000932 -0.8663 1.00 289.00 169.00 375.00 0.00 0
2011_000953 -0.7243 31.00 211.00 499.00 375.00 0.00 0
2011_001008 -1.0017 3.00 191.00 497.00 373.00 0.00 0
2011_001058 -0.8680 42.00 248.00 500.00 333.00 0.00 0
2011_001106 -0.5631 1.00 210.00 373.00 500.00 300.00 0
2011_001167 -0.9488 209.00 291.00 479.00 373.00 300.00 0
2011_001221 -1.1059 157.00 411.00 421.00 450.00 15.00 0
2011_001276 -1.0301 3.00 293.00 279.00 395.00 330.00 0
2011_001295 -1.0222 1.00 320.00 148.00 500.00 270.00 0
2011_001305 -0.8566 2.00 217.00 436.00 375.00 30.00 0
2011_001330 -0.9909 318.00 157.00 500.00 374.00 75.00 0
2011_001366 -0.8733 134.00 118.00 396.00 355.00 285.00 0
2011_001665 -0.8802 47.00 174.00 500.00 333.00 15.00 0
2011_001665 -1.1471 59.00 124.00 252.00 196.00 0.00 0
2011_001678 -1.0072 72.00 193.00 459.00 375.00 15.00 0
2011_001770 -0.9367 1.00 1.00 500.00 374.00 300.00 0
2011_001785 -0.8629 83.00 203.00 419.00 351.00 0.00 0
2011_001819 -0.8776 1.00 101.00 421.00 360.00 315.00 0
2011_001820 -0.8826 83.00 269.00 499.00 392.00 330.00 0
2011_001842 -0.7839 130.00 158.00 366.00 375.00 0.00 0
2011_001847 -0.8669 50.00 245.00 295.00 456.00 0.00 0
2011_001862 -0.7308 209.00 188.00 305.00 266.00 300.00 0
2011_001900 -0.6964 1.00 96.00 377.00 423.00 300.00 0
2011_001941 -1.4168 380.00 272.00 439.00 316.00 90.00 0
2011_001941 -1.3032 413.00 283.00 480.00 338.00 60.00 0
2011_001941 -1.2281 451.00 315.00 500.00 375.00 90.00 0
2011_001975 -0.8824 91.00 166.00 499.00 375.00 15.00 0
2011_002074 -0.8105 117.00 199.00 337.00 291.00 0.00 0
2011_002074 -0.9795 1.00 256.00 306.00 374.00 0.00 0
2011_002075 -1.0822 139.00 287.00 499.00 375.00 0.00 0
2011_002108 -0.7312 155.00 197.00 248.00 268.00 315.00 0
2011_002163 -0.9586 212.00 73.00 447.00 249.00 60.00 0
2011_002185 -0.7601 1.00 190.00 375.00 500.00 0.00 0
2011_002200 -0.6258 104.00 147.00 482.00 375.00 0.00 0
2011_002241 -0.5042 62.00 143.00 480.00 375.00 300.00 0
2011_002358 -0.9226 65.00 154.00 409.00 375.00 300.00 0
2011_002531 -0.7510 158.00 128.00 350.00 320.00 300.00 0
2011_002542 -0.9042 120.00 173.00 397.00 375.00 330.00 0
2011_002556 -0.9420 233.00 254.00 500.00 375.00 315.00 0
2011_002579 -1.0392 247.00 174.00 500.00 256.00 0.00 0
2011_002640 -0.9615 149.00 198.00 361.00 333.00 105.00 0
2011_002714 -1.2243 257.00 228.00 500.00 264.00 15.00 0
2011_002805 -1.0090 74.00 270.00 251.00 420.00 300.00 0
2011_002838 -0.9348 2.00 251.00 456.00 375.00 0.00 0
2011_002880 -0.7639 1.00 308.00 361.00 450.00 15.00 0
2011_002933 -1.1316 1.00 302.00 154.00 500.00 90.00 0
2011_002985 -0.9573 1.00 156.00 500.00 377.00 0.00 0
2011_002994 -0.9139 162.00 207.00 352.00 304.00 300.00 0
2011_003050 -1.0222 1.00 178.00 499.00 238.00 345.00 0
2011_003076 -0.8682 34.00 208.00 192.00 344.00 60.00 0
2011_003152 -1.1091 1.00 290.00 217.00 334.00 15.00 0
2011_003166 -0.9783 3.00 109.00 498.00 375.00 285.00 0
2011_003242 -0.7898 72.00 176.00 393.00 375.00 270.00 0
2011_003242 -1.2533 174.00 132.00 268.00 179.00 90.00 0
2011_003242 -0.9842 369.00 127.00 500.00 200.00 105.00 0
2011_003262 -0.6800 80.00 116.00 386.00 359.00 0.00 0
