2008_000007 -1.1221 1.00 230.00 428.00 293.00 225.00 0
2008_000082 -0.9517 23.00 186.00 140.00 246.00 135.00 0
2008_000120 -0.9484 21.00 53.00 408.00 253.00 30.00 0
2008_000140 -0.9011 241.00 255.00 375.00 467.00 0.00 0
2008_000140 -0.9425 1.00 398.00 221.00 471.00 345.00 0
2008_000195 -1.0852 236.00 206.00 339.00 282.00 150.00 0
2008_000195 -1.0269 98.00 235.00 200.00 302.00 195.00 0
2008_000414 -0.8557 1.00 87.00 385.00 313.00 15.00 0
2008_000414 -1.2300 316.00 104.00 414.00 144.00 195.00 0
2008_000414 -0.8296 1.00 90.00 230.00 227.00 345.00 0
2008_000423 -1.0624 36.00 261.00 500.00 375.00 15.00 0
2008_000834 -0.9323 67.00 193.00 495.00 242.00 45.00 0
2008_000957 -0.4744 72.00 30.00 493.00 330.00 0.00 0
2008_001013 -0.9266 14.00 75.00 373.00 500.00 270.00 0
2008_001040 -0.8588 75.00 120.00 466.00 210.00 255.00 0
2008_001041 -0.7664 133.00 37.00 332.00 319.00 0.00 0
2008_001041 -1.3212 299.00 300.00 350.00 328.00 30.00 0
2008_001135 -0.9398 124.00 147.00 449.00 212.00 270.00 0
2008_001136 -0.8232 72.00 140.00 175.00 225.00 270.00 0
2008_001136 -0.7343 209.00 139.00 323.00 223.00 90.00 0
2008_001136 -0.8999 321.00 133.00 452.00 224.00 270.00 0
2008_001160 -0.7727 42.00 80.00 500.00 174.00 90.00 0
2008_001167 -1.6473 50.00 53.00 74.00 71.00 30.00 0
2008_001167 -0.7611 1.00 150.00 464.00 365.00 135.00 0
2008_001167 -1.0335 77.00 282.00 351.00 365.00 45.00 0
2008_001260 -0.9563 44.00 83.00 473.00 269.00 90.00 0
2008_001516 -0.8084 49.00 1.00 442.00 333.00 90.00 0
2008_001575 -0.8309 238.00 99.00 378.00 226.00 60.00 0
2008_001580 -0.8896 73.00 133.00 434.00 193.00 90.00 0
2008_001649 -0.8720 1.00 141.00 268.00 500.00 15.00 0
2008_001799 -0.7463 1.00 1.00 238.00 387.00 0.00 0
2008_001799 -0.9260 130.00 1.00 375.00 263.00 150.00 0
2008_001823 -1.3163 37.00 44.00 103.00 70.00 30.00 0
2008_001843 -1.0781 340.00 208.00 488.00 281.00 75.00 0
2008_001843 -0.9349 14.00 204.00 209.00 299.00 30.00 0
2008_001843 -1.6358 225.00 215.00 266.00 229.00 30.00 0
2008_001858 -1.1762 216.00 169.00 286.00 226.00 0.00 0
2008_001945 -1.0244 178.00 176.00 228.00 221.00 0.00 0
2008_001987 -1.0443 67.00 235.00 269.00 293.00 45.00 0
2008_001987 -1.0037 123.00 204.00 201.00 254.00 330.00 0
2008_002046 -0.9408 1.00 1.00 500.00 367.00 0.00 0
2008_002194 -1.3989 319.00 155.00 375.00 180.00 30.00 0
2008_002194 -1.4677 274.00 153.00 321.00 174.00 30.00 0
2008_002194 -1.1894 1.00 167.00 67.00 204.00 30.00 0
2008_002250 -1.2743 17.00 23.00 108.00 66.00 30.00 0
2008_002250 -1.2833 340.00 55.00 417.00 100.00 30.00 0
2008_002250 -0.8991 1.00 85.00 500.00 375.00 15.00 0
2008_002492 -1.3369 126.00 259.00 172.00 286.00 30.00 0
2008_002504 -1.1198 13.00 172.00 478.00 292.00 75.00 0
2008_002610 -1.0718 53.00 168.00 323.00 234.00 330.00 0
2008_002773 -1.0405 31.00 271.00 150.00 308.00 45.00 0
2008_002773 -1.3178 162.00 275.00 238.00 308.00 30.00 0
2008_002773 -1.3246 247.00 277.00 321.00 308.00 30.00 0
2008_002773 -1.2416 312.00 274.00 386.00 309.00 150.00 0
2008_002773 -1.1155 390.00 274.00 490.00 311.00 45.00 0
2008_003062 -0.9603 1.00 1.00 500.00 334.00 150.00 0
2008_003100 -0.7831 1.00 57.00 471.00 340.00 45.00 0
2008_003187 -0.8831 184.00 91.00 280.00 223.00 0.00 0
2008_003402 -1.0277 92.00 180.00 200.00 228.00 30.00 0
2008_003449 -1.0050 113.00 206.00 316.00 375.00 195.00 0
2008_003449 -1.0846 340.00 95.00 393.00 146.00 345.00 0
2008_003449 -1.2532 286.00 90.00 343.00 128.00 30.00 0
2008_003449 -1.0539 427.00 167.00 500.00 257.00 345.00 0
2008_003449 -1.3346 64.00 107.00 122.00 135.00 30.00 0
2008_003449 -0.8444 89.00 97.00 363.00 244.00 225.00 0
2008_003840 -1.3730 6.00 166.00 63.00 190.00 30.00 0
2008_003840 -0.8625 1.00 1.00 413.00 375.00 255.00 0
2008_003858 -0.8893 5.00 99.00 500.00 283.00 225.00 0
2008_003886 -0.8693 90.00 114.00 459.00 219.00 255.00 0
2008_003951 -1.3388 320.00 92.00 391.00 122.00 30.00 0
2008_003988 -1.3320 106.00 146.00 160.00 167.00 30.00 0
2008_003988 -1.2060 320.00 288.00 379.00 364.00 195.00 0
2008_003989 -0.9286 136.00 109.00 381.00 271.00 150.00 0
2008_004124 -1.0062 80.00 1.00 466.00 250.00 345.00 0
2008_004242 -0.9241 35.00 22.00 427.00 179.00 45.00 0
2008_004469 -1.0818 19.00 175.00 146.00 228.00 300.00 0
2008_004469 -1.6428 242.00 193.00 275.00 209.00 30.00 0
2008_004716 -0.9674 248.00 69.00 405.00 263.00 15.00 0
2008_004718 -0.8849 27.00 26.00 333.00 398.00 165.00 0
2008_004812 -0.7693 240.00 193.00 379.00 307.00 0.00 0
2008_004904 -0.9372 1.00 1.00 401.00 355.00 0.00 0
2008_004907 -1.3154 423.00 88.00 443.00 140.00 0.00 0
2008_004921 -0.9005 1.00 1.00 144.00 314.00 210.00 0
2008_004921 -0.9880 142.00 230.00 259.00 318.00 345.00 0
2008_004921 -0.9292 244.00 1.00 500.00 331.00 135.00 0
2008_004921 -1.2003 240.00 156.00 258.00 253.00 0.00 0
2008_005043 -1.3386 10.00 120.00 66.00 149.00 30.00 0
2008_005063 -1.5225 257.00 28.00 315.00 46.00 30.00 0
2008_005063 -0.9581 1.00 187.00 500.00 375.00 195.00 0
2008_005117 -1.4634 151.00 46.00 176.00 84.00 0.00 0
2008_005156 -0.9931 1.00 186.00 500.00 224.00 30.00 0
2008_005244 -0.8319 1.00 1.00 375.00 500.00 330.00 0
2008_005261 -1.3111 103.00 201.00 130.00 245.00 0.00 0
2008_005261 -1.2055 178.00 210.00 261.00 242.00 0.00 0
2008_005359 -1.2480 21.00 187.00 158.00 211.00 30.00 0
2008_005398 -0.8689 170.00 131.00 337.00 193.00 105.00 0
2008_005504 -0.8528 369.00 89.00 459.00 285.00 0.00 0
2008_005504 -1.2372 276.00 115.00 346.00 288.00 0.00 0
2008_005504 -1.1015 24.00 141.00 138.00 342.00 255.00 0
2008_005530 -1.3723 131.00 223.00 161.00 271.00 0.00 0
2008_005530 -1.4958 224.00 231.00 243.00 260.00 0.00 0
2008_005530 -1.7436 256.00 229.00 270.00 251.00 30.00 0
2008_005530 -1.2283 340.00 217.00 369.00 255.00 0.00 0
2008_005530 -1.3347 454.00 224.00 486.00 259.00 30.00 0
2008_005628 -0.6326 32.00 1.00 199.00 257.00 300.00 0
2008_005664 -1.5172 195.00 225.00 330.00 240.00 30.00 0
2008_005695 -0.3795 99.00 46.00 398.00 266.00 0.00 0
2008_005720 -0.8758 36.00 119.00 500.00 328.00 210.00 0
2008_005764 -0.9251 160.00 178.00 302.00 214.00 45.00 0
2008_005863 -0.9110 1.00 1.00 474.00 372.00 135.00 0
2008_005863 -1.6796 382.00 249.00 401.00 267.00 30.00 0
2008_005863 -1.4805 412.00 224.00 428.00 266.00 0.00 0
2008_006021 -1.0752 198.00 187.00 278.00 245.00 345.00 0
2008_006094 -0.7871 1.00 65.00 439.00 333.00 225.00 0
2008_006094 -1.4877 315.00 18.00 393.00 35.00 30.00 0
2008_006163 -0.9716 225.00 290.00 265.00 341.00 0.00 0
2008_006185 -0.9025 1.00 178.00 141.00 269.00 195.00 0
2008_006229 -0.7458 184.00 30.00 391.00 297.00 135.00 0
2008_006407 -0.7096 1.00 106.00 426.00 306.00 45.00 0
2008_006407 -1.4482 399.00 169.00 459.00 187.00 30.00 0
2008_006487 -0.7374 1.00 42.00 170.00 278.00 0.00 0
2008_006489 -0.7794 436.00 64.00 489.00 158.00 0.00 0
2008_006489 -1.0783 384.00 75.00 435.00 160.00 0.00 0
2008_006489 -0.8880 183.00 66.00 252.00 158.00 0.00 0
2008_006489 -0.7433 98.00 88.00 143.00 151.00 0.00 0
2008_006489 -1.2283 2.00 95.00 31.00 150.00 0.00 0
2008_006489 -1.2224 234.00 105.00 269.00 147.00 30.00 0
2008_006489 -0.9019 362.00 93.00 406.00 153.00 0.00 0
2008_006747 -1.2836 218.00 152.00 253.00 200.00 0.00 0
2008_006824 -1.0679 52.00 137.00 383.00 198.00 45.00 0
2008_006824 -1.3919 279.00 19.00 457.00 51.00 30.00 0
2008_006825 -1.2538 23.00 130.00 423.00 168.00 45.00 0
2008_006831 -0.8468 184.00 19.00 488.00 256.00 0.00 0
2008_006833 -0.7932 296.00 97.00 450.00 223.00 210.00 0
2008_006833 -0.8366 1.00 1.00 308.00 298.00 135.00 0
2008_006925 -0.8935 1.00 4.00 169.00 118.00 30.00 0
2008_006949 -0.9247 91.00 1.00 287.00 68.00 165.00 0
2008_006949 -0.9181 54.00 124.00 210.00 175.00 15.00 0
2008_007056 -1.1329 428.00 190.00 500.00 238.00 30.00 0
2008_007056 -0.9364 71.00 165.00 429.00 214.00 45.00 0
2008_007143 -1.0375 42.00 156.00 363.00 205.00 15.00 0
2008_007143 -1.1641 398.00 160.00 466.00 204.00 30.00 0
2008_007305 -0.9466 71.00 238.00 208.00 308.00 90.00 0
2008_007305 -1.5809 93.00 249.00 159.00 266.00 30.00 0
2008_007305 -1.4670 190.00 264.00 228.00 284.00 30.00 0
2008_007441 -0.9454 15.00 122.00 484.00 248.00 75.00 0
2008_007574 -1.1170 71.00 176.00 108.00 249.00 0.00 0
2008_007574 -0.8792 190.00 24.00 288.00 317.00 0.00 0
2008_007599 -0.7663 46.00 90.00 424.00 279.00 210.00 0
2008_007643 -0.7472 1.00 349.00 375.00 498.00 270.00 0
2008_007643 -0.8566 45.00 294.00 375.00 397.00 15.00 0
2008_007643 -0.8019 79.00 201.00 375.00 297.00 60.00 0
2008_007643 -1.2747 114.00 69.00 255.00 112.00 60.00 0
2008_007643 -1.1964 125.00 89.00 209.00 117.00 195.00 0
2008_007643 -1.1753 268.00 122.00 375.00 175.00 15.00 0
2008_007643 -1.2563 118.00 119.00 175.00 159.00 30.00 0
2008_007643 -1.1940 1.00 95.00 57.00 149.00 0.00 0
2008_007841 -1.2007 1.00 81.00 62.00 124.00 30.00 0
2008_007841 -1.0487 1.00 120.00 448.00 336.00 195.00 0
2008_007884 -1.2176 334.00 163.00 424.00 203.00 135.00 0
2008_007884 -0.9953 34.00 139.00 397.00 222.00 255.00 0
2008_007884 -1.2174 401.00 117.00 500.00 156.00 30.00 0
2008_007966 -1.2009 1.00 134.00 94.00 236.00 210.00 0
2008_007966 -1.4621 72.00 124.00 107.00 148.00 30.00 0
2008_008235 -1.0496 148.00 103.00 382.00 158.00 30.00 0
2008_008235 -1.4237 108.00 108.00 190.00 127.00 30.00 0
2009_000009 -1.4258 203.00 159.00 227.00 197.00 0.00 0
2009_000009 -1.8123 265.00 178.00 289.00 189.00 30.00 0
2009_000093 -0.8020 1.00 27.00 450.00 282.00 270.00 0
2009_000305 -1.1556 1.00 232.00 500.00 332.00 255.00 0
2009_000308 -0.8778 126.00 112.00 170.00 163.00 0.00 0
2009_000378 -0.9452 1.00 30.00 500.00 375.00 165.00 0
2009_000421 -0.9824 243.00 145.00 360.00 225.00 135.00 0
2009_000446 -0.8893 44.00 39.00 271.00 327.00 0.00 0
2009_000469 -0.4361 55.00 35.00 349.00 293.00 0.00 0
2009_000469 -0.7893 1.00 53.00 239.00 291.00 0.00 0
2009_000516 -0.9289 155.00 41.00 351.00 232.00 135.00 0
2009_000516 -1.2944 135.00 77.00 169.00 105.00 30.00 0
2009_000516 -1.3783 17.00 71.00 58.00 99.00 30.00 0
2009_000608 -1.2743 217.00 251.00 270.00 293.00 30.00 0
2009_000723 -0.5360 73.00 2.00 465.00 244.00 135.00 0
2009_000828 -0.7305 174.00 109.00 441.00 272.00 75.00 0
2009_000829 -1.0241 179.00 222.00 416.00 293.00 210.00 0
2009_000829 -1.4745 410.00 236.00 470.00 266.00 30.00 0
2009_000829 -0.9290 436.00 103.00 500.00 256.00 0.00 0
2009_000829 -1.3958 3.00 234.00 75.00 258.00 30.00 0
2009_000830 -0.8267 101.00 23.00 387.00 299.00 0.00 0
2009_000919 -1.1484 105.00 189.00 223.00 221.00 30.00 0
2009_001289 -0.5575 125.00 52.00 206.00 370.00 0.00 0
2009_001406 -0.7757 1.00 130.00 208.00 240.00 135.00 0
2009_001407 -0.9728 41.00 18.00 304.00 415.00 135.00 0
2009_001723 -1.1103 146.00 171.00 215.00 214.00 195.00 0
2009_001794 -1.0363 23.00 104.00 171.00 307.00 15.00 0
2009_001794 -1.0256 234.00 109.00 368.00 331.00 0.00 0
2009_001794 -1.1364 232.00 59.00 392.00 100.00 30.00 0
2009_001794 -1.2713 1.00 135.00 40.00 209.00 30.00 0
2009_001794 -1.2875 461.00 120.00 500.00 254.00 30.00 0
2009_001794 -0.9975 368.00 120.00 483.00 360.00 225.00 0
2009_001941 -1.0249 234.00 76.00 500.00 236.00 270.00 0
2009_001941 -1.0024 102.00 74.00 381.00 271.00 330.00 0
2009_001941 -1.0307 1.00 83.00 162.00 294.00 0.00 0
2009_001949 -0.9820 7.00 210.00 488.00 273.00 60.00 0
2009_002127 -0.8542 13.00 30.00 334.00 472.00 0.00 0
2009_002136 -1.1753 98.00 192.00 168.00 216.00 195.00 0
2009_002205 -1.3981 456.00 218.00 500.00 251.00 30.00 0
2009_002205 -1.4551 386.00 222.00 472.00 253.00 30.00 0
2009_002205 -1.4034 354.00 223.00 393.00 253.00 30.00 0
2009_002306 -0.7576 35.00 195.00 444.00 293.00 225.00 0
2009_002308 -1.0180 1.00 268.00 357.00 500.00 195.00 0
2009_002449 -1.3158 231.00 120.00 280.00 163.00 30.00 0
2009_002449 -0.6930 99.00 44.00 315.00 285.00 0.00 0
2009_002453 -1.6993 140.00 235.00 200.00 247.00 30.00 0
2009_002591 -0.9539 313.00 236.00 403.00 293.00 195.00 0
2009_002727 -0.9702 354.00 192.00 462.00 241.00 15.00 0
2009_002727 -0.9437 278.00 187.00 416.00 237.00 150.00 0
2009_002778 -0.9404 133.00 172.00 291.00 214.00 45.00 0
2009_002778 -1.2853 199.00 79.00 293.00 111.00 30.00 0
2009_002830 -0.8210 30.00 64.00 451.00 238.00 45.00 0
2009_003010 -1.0001 127.00 1.00 309.00 281.00 270.00 0
2009_003043 -1.1972 208.00 188.00 230.00 271.00 0.00 0
2009_003043 -0.4684 47.00 55.00 231.00 331.00 0.00 0
2009_003043 -1.2472 43.00 200.00 74.00 263.00 0.00 0
2009_003080 -0.8202 112.00 177.00 323.00 378.00 150.00 0
2009_003084 -0.9093 172.00 60.00 308.00 261.00 0.00 0
2009_003136 -0.8223 1.00 39.00 489.00 282.00 135.00 0
2009_003136 -1.0857 47.00 297.00 236.00 350.00 90.00 0
2009_003150 -0.7829 1.00 1.00 500.00 331.00 225.00 0
2009_003247 -1.3459 373.00 189.00 492.00 209.00 30.00 0
2009_003247 -1.1491 181.00 129.00 367.00 209.00 225.00 0
2009_003247 -0.9624 275.00 103.00 352.00 148.00 330.00 0
2009_003247 -1.0564 20.00 156.00 200.00 214.00 255.00 0
2009_003247 -1.7256 17.00 137.00 58.00 149.00 30.00 0
2009_003284 -0.7839 81.00 6.00 452.00 307.00 0.00 0
2009_003351 -0.8927 24.00 81.00 500.00 317.00 30.00 0
2009_003400 -0.8348 256.00 78.00 356.00 207.00 345.00 0
2009_003400 -1.0623 327.00 94.00 422.00 197.00 330.00 0
2009_003400 -0.8649 90.00 63.00 266.00 223.00 210.00 0
2009_003400 -0.9502 3.00 79.00 191.00 228.00 300.00 0
2009_003400 -0.9857 1.00 73.00 98.00 199.00 0.00 0
2009_003462 -1.3898 16.00 193.00 101.00 215.00 30.00 0
2009_003462 -1.7143 101.00 206.00 132.00 219.00 30.00 0
2009_003504 -1.0523 1.00 209.00 112.00 267.00 30.00 0
2009_003504 -0.9929 60.00 149.00 406.00 298.00 210.00 0
2009_003707 -1.0332 1.00 187.00 116.00 252.00 210.00 0
2009_003936 -1.0835 149.00 133.00 309.00 252.00 135.00 0
2009_004034 -1.0892 133.00 135.00 197.00 191.00 345.00 0
2009_004125 -0.8523 42.00 143.00 307.00 263.00 210.00 0
2009_004148 -0.9933 1.00 285.00 334.00 429.00 15.00 0
2009_004166 -0.7551 25.00 1.00 442.00 292.00 135.00 0
2009_004166 -1.7696 13.00 153.00 44.00 162.00 30.00 0
2009_004166 -1.8160 42.00 152.00 59.00 161.00 30.00 0
2009_004166 -1.6299 291.00 156.00 343.00 169.00 30.00 0
2009_004166 -1.4683 211.00 150.00 282.00 168.00 30.00 0
2009_004224 -1.6188 29.00 85.00 62.00 102.00 30.00 0
2009_004224 -1.3787 405.00 83.00 465.00 107.00 30.00 0
2009_004273 -0.7586 6.00 26.00 500.00 306.00 0.00 0
2009_004524 -0.8609 44.00 85.00 500.00 334.00 30.00 0
2009_004635 -1.6431 37.00 183.00 70.00 199.00 30.00 0
2009_004635 -1.5180 255.00 219.00 349.00 241.00 30.00 0
2009_004635 -1.2659 361.00 173.00 431.00 203.00 195.00 0
2009_004780 -1.1909 256.00 144.00 388.00 179.00 30.00 0
2009_004780 -1.2194 375.00 149.00 490.00 183.00 30.00 0
2009_004930 -0.9373 381.00 181.00 460.00 260.00 330.00 0
2009_005239 -1.0632 357.00 95.00 463.00 280.00 15.00 0
2009_005239 -0.9525 29.00 55.00 146.00 282.00 345.00 0
2009_005239 -1.0551 90.00 105.00 177.00 265.00 15.00 0
2009_005268 -1.1716 48.00 412.00 86.00 457.00 0.00 0
2010_000024 -0.7231 168.00 72.00 461.00 234.00 135.00 0
2010_000024 -0.9366 1.00 160.00 169.00 235.00 45.00 0
2010_000084 -1.0582 101.00 116.00 347.00 235.00 225.00 0
2010_000145 -1.2065 10.00 220.00 357.00 283.00 0.00 0
2010_000272 -0.6566 40.00 46.00 468.00 158.00 90.00 0
2010_000382 -0.7436 1.00 95.00 342.00 291.00 135.00 0
2010_000559 -1.0288 1.00 179.00 296.00 281.00 195.00 0
2010_000679 -1.0282 79.00 113.00 161.00 169.00 15.00 0
2010_000729 -0.8968 279.00 163.00 359.00 233.00 0.00 0
2010_000729 -1.4424 245.00 222.00 287.00 247.00 30.00 0
2010_000906 -0.7203 159.00 99.00 364.00 263.00 135.00 0
2010_001036 -0.8705 162.00 169.00 363.00 279.00 135.00 0
2010_001109 -1.4270 110.00 264.00 160.00 291.00 30.00 0
2010_001164 -1.2214 427.00 167.00 500.00 218.00 60.00 0
2010_001357 -1.1425 249.00 196.00 422.00 236.00 330.00 0
2010_001501 -0.9087 59.00 210.00 335.00 461.00 15.00 0
2010_001525 -1.0020 312.00 87.00 470.00 222.00 135.00 0
2010_001525 -1.1556 282.00 126.00 383.00 194.00 30.00 0
2010_001525 -1.0135 52.00 193.00 229.00 274.00 45.00 0
2010_001535 -1.1762 351.00 82.00 430.00 120.00 30.00 0
2010_001691 -1.1999 145.00 97.00 174.00 200.00 0.00 0
2010_001749 -0.9191 1.00 124.00 500.00 375.00 150.00 0
2010_001916 -1.2066 160.00 102.00 242.00 172.00 60.00 0
2010_001967 -0.7437 248.00 1.00 456.00 319.00 0.00 0
2010_001967 -1.3177 45.00 274.00 122.00 312.00 30.00 0
2010_002117 -0.8074 27.00 22.00 337.00 429.00 345.00 0
2010_002150 -0.8591 231.00 192.00 446.00 261.00 90.00 0
2010_002315 -0.9485 34.00 1.00 441.00 318.00 345.00 0
2010_002321 -0.8944 86.00 163.00 258.00 256.00 90.00 0
2010_002321 -0.7098 136.00 115.00 295.00 210.00 270.00 0
2010_002321 -0.8050 295.00 150.00 449.00 243.00 90.00 0
2010_002546 -1.3535 59.00 50.00 173.00 74.00 30.00 0
2010_002565 -0.7192 39.00 1.00 408.00 288.00 0.00 0
2010_002780 -0.9169 116.00 46.00 438.00 281.00 210.00 0
2010_002940 -1.3720 145.00 186.00 217.00 203.00 30.00 0
2010_003103 -0.1238 189.00 1.00 283.00 120.00 0.00 0
2010_003107 -0.7845 1.00 1.00 368.00 283.00 0.00 0
2010_003156 -1.4068 342.00 217.00 419.00 233.00 30.00 0
2010_003260 -0.8844 309.00 157.00 373.00 243.00 0.00 0
2010_003260 -0.6258 104.00 316.00 327.00 500.00 30.00 0
2010_003508 -0.9597 121.00 109.00 309.00 271.00 135.00 0
2010_003547 -1.0740 163.00 161.00 500.00 259.00 345.00 0
2010_003640 -0.8739 14.00 49.00 332.00 473.00 345.00 0
2010_003679 -0.8218 260.00 132.00 473.00 229.00 90.00 0
2010_003679 -1.0703 220.00 139.00 334.00 226.00 150.00 0
2010_003679 -0.9443 25.00 109.00 285.00 207.00 90.00 0
2010_003757 -0.9052 46.00 2.00 500.00 333.00 225.00 0
2010_003757 -1.3425 178.00 67.00 253.00 92.00 0.00 0
2010_003848 -1.1637 254.00 252.00 322.00 301.00 330.00 0
2010_003878 -0.9720 12.00 229.00 406.00 303.00 150.00 0
2010_004006 -0.8275 158.00 30.00 477.00 226.00 135.00 0
2010_004041 -0.8621 367.00 123.00 495.00 244.00 90.00 0
2010_004041 -0.7909 240.00 127.00 393.00 233.00 45.00 0
2010_004041 -0.8952 123.00 128.00 261.00 215.00 60.00 0
2010_004041 -0.9271 1.00 134.00 164.00 222.00 225.00 0
2010_004124 -0.9078 121.00 128.00 375.00 217.00 105.00 0
2010_004208 -0.7377 229.00 105.00 326.00 258.00 0.00 0
2010_004253 -1.0077 13.00 92.00 431.00 229.00 210.00 0
2010_004486 -1.3497 35.00 214.00 98.00 239.00 30.00 0
2010_004486 -1.2250 360.00 215.00 457.00 240.00 0.00 0
2010_004567 -1.0722 38.00 244.00 437.00 309.00 30.00 0
2010_004662 -0.9514 1.00 176.00 500.00 375.00 150.00 0
2010_004714 -1.0650 237.00 198.00 453.00 245.00 30.00 0
2010_004714 -1.1686 216.00 196.00 365.00 230.00 30.00 0
2010_004714 -1.1995 179.00 194.00 319.00 216.00 30.00 0
2010_004714 -1.3195 152.00 189.00 287.00 208.00 30.00 0
2010_004772 -0.6686 47.00 1.00 500.00 333.00 0.00 0
2010_005192 -0.9704 18.00 128.00 500.00 306.00 75.00 0
2010_005252 -1.0766 352.00 187.00 495.00 353.00 345.00 0
2010_005332 -0.7038 1.00 1.00 121.00 267.00 0.00 0
2010_005332 -0.7556 100.00 1.00 372.00 415.00 0.00 0
2010_005401 -0.8575 1.00 1.00 499.00 263.00 135.00 0
2010_005705 -0.9177 74.00 197.00 190.00 373.00 0.00 0
2010_005705 -0.9718 154.00 189.00 258.00 375.00 150.00 0
2010_005780 -0.8241 181.00 142.00 444.00 277.00 255.00 0
2011_000086 -1.2862 11.00 57.00 146.00 105.00 150.00 0
2011_000130 -1.1866 396.00 145.00 500.00 213.00 15.00 0
2011_000130 -1.2441 18.00 176.00 143.00 203.00 30.00 0
2011_000161 -1.7342 255.00 213.00 275.00 227.00 30.00 0
2011_000161 -1.2599 207.00 246.00 254.00 304.00 15.00 0
2011_000161 -1.2417 72.00 245.00 117.00 301.00 30.00 0
2011_000234 -0.8027 55.00 60.00 290.00 456.00 15.00 0
2011_000234 -1.3370 316.00 339.00 334.00 400.00 0.00 0
2011_000238 -1.0471 59.00 250.00 347.00 454.00 345.00 0
2011_000273 -1.0878 198.00 189.00 313.00 251.00 0.00 0
2011_000435 -1.0501 410.00 1.00 500.00 130.00 345.00 0
2011_000435 -0.9387 71.00 1.00 500.00 375.00 15.00 0
2011_000683 -1.1263 352.00 299.00 474.00 351.00 345.00 0
2011_000683 -1.0184 2.00 230.00 275.00 282.00 195.00 0
2011_000744 -1.0644 257.00 8.00 334.00 87.00 15.00 0
2011_000744 -1.1621 209.00 166.00 300.00 262.00 15.00 0
2011_000744 -1.0822 271.00 241.00 358.00 330.00 195.00 0
2011_000744 -1.0677 295.00 154.00 375.00 246.00 195.00 0
2011_000744 -1.5204 347.00 277.00 375.00 340.00 30.00 0
2011_000744 -1.3795 322.00 357.00 375.00 448.00 150.00 0
2011_000749 -0.8562 148.00 14.00 335.00 325.00 300.00 0
2011_000986 -0.9236 201.00 131.00 464.00 190.00 345.00 0
2011_000986 -1.2797 196.00 109.00 358.00 132.00 30.00 0
2011_001029 -0.7859 11.00 315.00 146.00 395.00 150.00 0
2011_001160 -0.9282 1.00 1.00 256.00 263.00 165.00 0
2011_001161 -1.1389 175.00 147.00 262.00 261.00 345.00 0
2011_001221 -1.1228 278.00 315.00 425.00 367.00 45.00 0
2011_001252 -0.6663 125.00 23.00 190.00 281.00 0.00 0
2011_001252 -1.2668 62.00 126.00 92.00 167.00 30.00 0
2011_001252 -0.9893 127.00 271.00 195.00 484.00 0.00 0
2011_001589 -0.8448 137.00 117.00 344.00 173.00 30.00 0
2011_001589 -1.4287 447.00 157.00 498.00 178.00 0.00 0
2011_001591 -1.1927 372.00 131.00 444.00 199.00 0.00 0
2011_001592 -0.7467 1.00 2.00 434.00 319.00 0.00 0
2011_001613 -0.6762 216.00 106.00 293.00 186.00 0.00 0
2011_001693 -1.2542 140.00 90.00 185.00 126.00 30.00 0
2011_001693 -1.5891 97.00 99.00 132.00 116.00 30.00 0
2011_001771 -0.8740 102.00 101.00 382.00 316.00 225.00 0
2011_001793 -0.6303 2.00 2.00 439.00 342.00 0.00 0
2011_001793 -1.3690 194.00 302.00 248.00 323.00 30.00 0
2011_002036 -0.9444 142.00 155.00 316.00 214.00 90.00 0
2011_002459 -1.2472 68.00 196.00 166.00 235.00 30.00 0
2011_002459 -0.9813 166.00 168.00 366.00 246.00 195.00 0
2011_002490 -0.9186 1.00 187.00 500.00 375.00 345.00 0
2011_002519 -1.3107 207.00 164.00 255.00 196.00 0.00 0
2011_002519 -1.4091 419.00 170.00 499.00 192.00 30.00 0
2011_002558 -0.3182 296.00 212.00 358.00 297.00 0.00 0
2011_002578 -1.2718 432.00 61.00 500.00 131.00 150.00 0
2011_002588 -0.9318 42.00 1.00 500.00 375.00 0.00 0
2011_002740 -1.2395 306.00 138.00 380.00 165.00 30.00 0
2011_002740 -1.4460 341.00 212.00 472.00 248.00 195.00 0
2011_002740 -1.5808 202.00 107.00 247.00 122.00 30.00 0
2011_002740 -0.8646 422.00 34.00 469.00 100.00 0.00 0
2011_002740 -1.5929 67.00 100.00 95.00 117.00 30.00 0
2011_002740 -1.4980 344.00 85.00 373.00 104.00 30.00 0
2011_002740 -1.4365 35.00 90.00 60.00 119.00 30.00 0
2011_002740 -1.6148 183.00 100.00 215.00 116.00 30.00 0
2011_002740 -1.3708 274.00 206.00 427.00 237.00 30.00 0
2011_002740 -1.1698 331.00 254.00 438.00 315.00 150.00 0
2011_002740 -1.3550 192.00 236.00 342.00 280.00 30.00 0
2011_002740 -1.2267 85.00 234.00 336.00 301.00 30.00 0
2011_002740 -1.1351 1.00 216.00 158.00 281.00 330.00 0
2011_002754 -1.1180 286.00 28.00 377.00 171.00 15.00 0
2011_002854 -1.1725 166.00 273.00 236.00 321.00 330.00 0
2011_002854 -1.3306 84.00 295.00 162.00 321.00 30.00 0
2011_002854 -1.3693 454.00 288.00 500.00 316.00 30.00 0
2011_002871 -1.0442 173.00 95.00 464.00 177.00 150.00 0
2011_002871 -1.0525 44.00 88.00 265.00 156.00 150.00 0
2011_002943 -1.0948 103.00 110.00 393.00 220.00 45.00 0
2011_002975 -0.8785 125.00 237.00 279.00 346.00 345.00 0
2011_002975 -1.4344 274.00 289.00 324.00 310.00 30.00 0
2011_002975 -0.9362 1.00 206.00 43.00 310.00 0.00 0
2011_002975 -0.7597 29.00 117.00 352.00 245.00 90.00 0
2011_002975 -1.3647 412.00 283.00 464.00 304.00 30.00 0
2011_002975 -1.2357 112.00 259.00 173.00 306.00 195.00 0
2011_002975 -1.1324 263.00 228.00 311.00 278.00 30.00 0
2011_002975 -1.5273 317.00 254.00 365.00 275.00 30.00 0
2011_002975 -1.3642 301.00 234.00 356.00 257.00 30.00 0
2011_002975 -1.3333 364.00 279.00 418.00 300.00 30.00 0
2011_002975 -1.6174 462.00 278.00 500.00 296.00 30.00 0
2011_003115 -1.1012 102.00 221.00 393.00 256.00 45.00 0
2011_003232 -0.9835 1.00 1.00 367.00 375.00 30.00 0
