2008_000090 -1.1701 455.00 88.00 500.00 142.00 45.00 0
2008_000090 -1.0499 342.00 83.00 392.00 153.00 330.00 0
2008_000133 1.0685 20.00 30.00 500.00 332.00 90.00 0
2008_000194 -0.0452 192.00 183.00 310.00 277.00 270.00 0
2008_000466 -0.4672 40.00 90.00 318.00 257.00 270.00 0
2008_000466 -0.1999 62.00 90.00 400.00 301.00 270.00 0
2008_000562 -0.0153 132.00 176.00 394.00 350.00 300.00 0
2008_000725 -0.8567 110.00 82.00 193.00 240.00 330.00 0
2008_000803 -1.0591 55.00 79.00 90.00 181.00 0.00 0
2008_000803 -0.4770 164.00 87.00 264.00 177.00 30.00 0
2008_000803 -1.0038 373.00 115.00 411.00 224.00 0.00 0
2008_000803 -0.7547 277.00 93.00 332.00 208.00 330.00 0
2008_001225 0.3625 130.00 175.00 255.00 289.00 300.00 0
2008_001225 0.2051 237.00 187.00 335.00 287.00 300.00 0
2008_001225 0.1083 319.00 191.00 427.00 288.00 300.00 0
2008_001226 -1.0197 191.00 23.00 500.00 421.00 285.00 0
2008_001231 -0.9751 225.00 110.00 313.00 250.00 45.00 0
2008_001404 -0.8999 91.00 267.00 245.00 500.00 180.00 0
2008_001531 -0.9338 77.00 135.00 349.00 300.00 315.00 0
2008_001914 -1.0346 154.00 265.00 474.00 375.00 255.00 0
2008_002269 -0.2490 22.00 23.00 416.00 334.00 300.00 0
2008_002269 -0.8118 409.00 64.00 500.00 292.00 150.00 0
2008_002322 -0.0989 120.00 155.00 295.00 297.00 60.00 0
2008_002384 -1.0759 368.00 224.00 500.00 366.00 30.00 0
2008_002631 -0.7360 89.00 238.00 246.00 500.00 0.00 0
2008_002701 1.2438 27.00 10.00 500.00 331.00 90.00 0
2008_002714 -0.5524 1.00 258.00 332.00 500.00 105.00 0
2008_002715 -1.0246 64.00 390.00 354.00 500.00 60.00 0
2008_002883 1.5121 8.00 26.00 496.00 334.00 270.00 0
2008_002932 -1.0323 24.00 281.00 161.00 375.00 105.00 0
2008_003072 -2.1224 178.00 230.00 199.00 257.00 75.00 0
2008_003108 -0.9168 1.00 184.00 83.00 324.00 45.00 0
2008_003205 -0.4707 109.00 151.00 356.00 314.00 60.00 0
2008_003270 0.2380 1.00 37.00 492.00 361.00 270.00 0
2008_003351 -0.9868 421.00 105.00 500.00 205.00 45.00 0
2008_003351 -0.9754 307.00 117.00 361.00 233.00 150.00 0
2008_003395 -0.6952 113.00 372.00 264.00 497.00 45.00 0
2008_003713 -0.8545 14.00 1.00 444.00 371.00 150.00 0
2008_003768 -0.1015 78.00 135.00 370.00 343.00 60.00 0
2008_003812 -0.9440 111.00 1.00 375.00 500.00 330.00 0
2008_003940 -0.8707 1.00 1.00 142.00 375.00 60.00 0
2008_003940 -0.7783 10.00 1.00 313.00 375.00 60.00 0
2008_004040 -0.0306 274.00 196.00 402.00 296.00 45.00 0
2008_004040 -1.0350 206.00 204.00 253.00 299.00 0.00 0
2008_004101 -0.8041 92.00 240.00 260.00 375.00 30.00 0
2008_004142 -0.3008 113.00 163.00 196.00 216.00 60.00 0
2008_004142 -0.3423 197.00 164.00 275.00 214.00 90.00 0
2008_004142 -0.4380 309.00 154.00 393.00 208.00 60.00 0
2008_004363 1.2599 102.00 178.00 344.00 336.00 90.00 0
2008_004482 -0.9267 51.00 175.00 118.00 282.00 330.00 0
2008_004592 0.8981 20.00 14.00 474.00 284.00 270.00 0
2008_004654 -0.9638 43.00 213.00 172.00 453.00 0.00 0
2008_004656 -0.8904 226.00 91.00 308.00 202.00 330.00 0
2008_004758 0.5283 8.00 45.00 372.00 353.00 90.00 0
2008_004784 -0.8424 167.00 137.00 246.00 299.00 0.00 0
2008_004862 -0.9348 142.00 174.00 280.00 325.00 300.00 0
2008_004995 0.5084 27.00 144.00 216.00 330.00 90.00 0
2008_005147 0.3356 119.00 75.00 463.00 281.00 90.00 0
2008_005175 -1.3329 279.00 301.00 351.00 348.00 45.00 0
2008_005190 1.3784 196.00 161.00 376.00 280.00 90.00 0
2008_005276 -0.9798 8.00 361.00 77.00 461.00 330.00 0
2008_005356 -0.3944 61.00 18.00 427.00 365.00 315.00 0
2008_005553 -0.9898 154.00 1.00 375.00 500.00 0.00 0
2008_005599 -0.9557 42.00 152.00 117.00 299.00 45.00 0
2008_005599 -0.6372 186.00 200.00 500.00 375.00 300.00 0
2008_005599 -0.1627 76.00 181.00 299.00 351.00 60.00 0
2008_005727 1.2367 57.00 79.00 464.00 359.00 270.00 0
2008_005738 -0.5651 48.00 253.00 267.00 408.00 105.00 0
2008_005808 -0.7821 233.00 196.00 429.00 342.00 315.00 0
2008_005808 -0.6256 1.00 171.00 76.00 298.00 300.00 0
2008_005808 -0.4033 1.00 159.00 76.00 254.00 315.00 0
2008_005846 -0.1586 109.00 94.00 430.00 375.00 60.00 0
2008_005970 -1.0112 1.00 1.00 330.00 288.00 30.00 0
2008_005978 -0.5656 44.00 248.00 194.00 500.00 330.00 0
2008_006088 -0.9851 81.00 244.00 282.00 500.00 345.00 0
2008_006154 -0.2068 76.00 321.00 164.00 421.00 300.00 0
2008_006154 -0.2629 12.00 324.00 66.00 402.00 330.00 0
2008_006254 -0.8894 134.00 287.00 237.00 485.00 180.00 0
2008_006254 -1.0307 69.00 12.00 145.00 166.00 345.00 0
2008_006254 -0.8181 170.00 9.00 245.00 159.00 180.00 0
2008_006424 -0.7021 121.00 143.00 320.00 332.00 315.00 0
2008_006467 1.0542 45.00 114.00 359.00 314.00 270.00 0
2008_006519 0.4397 221.00 201.00 346.00 306.00 90.00 0
2008_006642 -1.0304 162.00 149.00 254.00 214.00 105.00 0
2008_006813 -1.0604 82.00 296.00 297.00 500.00 255.00 0
2008_006855 -0.8750 122.00 239.00 198.00 389.00 315.00 0
2008_006855 -1.1618 218.00 248.00 303.00 372.00 180.00 0
2008_007019 -0.2313 159.00 181.00 455.00 375.00 270.00 0
2008_007067 -0.2783 340.00 240.00 449.00 328.00 90.00 0
2008_007103 1.0313 256.00 208.00 399.00 289.00 270.00 0
2008_007222 0.0229 126.00 179.00 308.00 418.00 330.00 0
2008_007719 0.1011 1.00 3.00 500.00 333.00 270.00 0
2008_007719 -1.7661 419.00 33.00 469.00 64.00 75.00 0
2008_007719 -1.7751 432.00 33.00 482.00 64.00 120.00 0
2008_007766 -0.6677 164.00 192.00 322.00 442.00 60.00 0
2008_007872 -0.6171 304.00 298.00 384.00 344.00 300.00 0
2008_007915 0.8880 51.00 41.00 468.00 332.00 270.00 0
2008_007935 0.0924 158.00 138.00 354.00 241.00 90.00 0
2008_007935 -1.1021 1.00 136.00 47.00 208.00 345.00 0
2008_007993 -0.9266 77.00 121.00 452.00 392.00 150.00 0
2008_008069 -1.1164 17.00 370.00 266.00 500.00 120.00 0
2008_008084 -0.9275 40.00 273.00 247.00 500.00 330.00 0
2008_008131 -0.7895 11.00 41.00 445.00 375.00 300.00 0
2008_008210 -0.2162 171.00 188.00 246.00 316.00 330.00 0
2008_008307 0.8781 52.00 119.00 393.00 333.00 270.00 0
2008_008320 0.1411 258.00 125.00 480.00 347.00 60.00 0
2008_008320 -0.0554 1.00 187.00 276.00 375.00 270.00 0
2008_008337 0.5490 154.00 124.00 442.00 350.00 90.00 0
2008_008357 -1.0863 357.00 196.00 430.00 317.00 0.00 0
2008_008357 -0.9838 285.00 188.00 352.00 287.00 15.00 0
2008_008357 -0.8154 135.00 163.00 211.00 281.00 30.00 0
2008_008357 -1.7691 297.00 77.00 327.00 120.00 120.00 0
2008_008357 -0.9298 368.00 176.00 476.00 264.00 90.00 0
2008_008443 -0.9052 1.00 269.00 334.00 500.00 105.00 0
2008_008564 -0.8729 194.00 99.00 336.00 268.00 30.00 0
2008_008611 0.9808 105.00 110.00 374.00 282.00 270.00 0
2008_008619 -0.6850 261.00 199.00 500.00 333.00 105.00 0
2008_008619 -1.0118 121.00 244.00 254.00 333.00 330.00 0
2008_008627 -0.4639 67.00 1.00 325.00 267.00 60.00 0
2008_008629 -0.0723 33.00 55.00 209.00 187.00 270.00 0
2008_008629 -0.7811 111.00 90.00 371.00 313.00 285.00 0
2008_008629 -0.4673 161.00 109.00 469.00 375.00 270.00 0
2008_008652 -0.6742 5.00 104.00 336.00 287.00 270.00 0
2008_008659 -1.4389 280.00 258.00 352.00 297.00 120.00 0
2008_008695 -0.8517 267.00 100.00 391.00 210.00 75.00 0
2008_008708 -1.0461 158.00 210.00 263.00 430.00 330.00 0
2008_008711 0.8441 14.00 31.00 486.00 343.00 270.00 0
2008_008718 -0.8312 262.00 270.00 478.00 433.00 300.00 0
2008_008718 -1.0242 10.00 340.00 109.00 437.00 105.00 0
2008_008724 -0.9776 1.00 79.00 137.00 375.00 330.00 0
2008_008724 -0.6206 62.00 22.00 441.00 375.00 315.00 0
2008_008724 -0.7347 130.00 1.00 396.00 285.00 315.00 0
2008_008724 -0.7999 314.00 1.00 500.00 227.00 90.00 0
2008_008753 -0.6425 80.00 1.00 489.00 312.00 315.00 0
2008_008755 -1.1946 138.00 283.00 170.00 347.00 0.00 0
2008_008758 -0.6430 216.00 218.00 284.00 311.00 330.00 0
2009_000055 -0.6475 322.00 148.00 457.00 355.00 315.00 0
2009_000149 -0.3535 16.00 158.00 259.00 460.00 60.00 0
2009_000286 -0.7670 1.00 1.00 375.00 500.00 315.00 0
2009_000351 -1.0344 40.00 242.00 371.00 375.00 255.00 0
2009_000354 -0.8275 1.00 1.00 500.00 375.00 285.00 0
2009_000430 -1.0739 207.00 19.00 297.00 224.00 150.00 0
2009_000457 0.4724 4.00 144.00 267.00 321.00 270.00 0
2009_000461 1.4931 16.00 204.00 444.00 481.00 90.00 0
2009_000573 1.6618 56.00 89.00 450.00 336.00 90.00 0
2009_000634 1.1904 65.00 74.00 468.00 318.00 270.00 0
2009_000724 -0.0395 122.00 171.00 353.00 375.00 270.00 0
2009_000756 2.0990 12.00 27.00 489.00 313.00 270.00 0
2009_000820 0.2612 157.00 158.00 372.00 299.00 270.00 0
2009_000896 -2.2040 298.00 121.00 313.00 160.00 45.00 0
2009_000896 -0.9316 117.00 166.00 175.00 286.00 180.00 0
2009_000896 -0.3258 173.00 182.00 325.00 375.00 330.00 0
2009_000985 1.8739 37.00 15.00 469.00 272.00 270.00 0
2009_001181 -1.2793 415.00 225.00 500.00 328.00 165.00 0
2009_001194 -0.9618 43.00 32.00 500.00 334.00 105.00 0
2009_001255 0.0327 122.00 50.00 487.00 297.00 90.00 0
2009_001255 -0.3572 55.00 23.00 427.00 242.00 60.00 0
2009_001384 -0.9298 39.00 122.00 352.00 500.00 105.00 0
2009_001456 2.5561 39.00 39.00 483.00 323.00 90.00 0
2009_001646 -1.2143 425.00 1.00 500.00 48.00 45.00 0
2009_001663 0.0605 109.00 205.00 223.00 330.00 300.00 0
2009_001718 -1.0112 40.00 310.00 264.00 500.00 180.00 0
2009_001758 -0.8312 153.00 103.00 286.00 249.00 75.00 0
2009_001758 -0.0272 53.00 140.00 254.00 381.00 60.00 0
2009_001758 -0.6339 76.00 142.00 286.00 476.00 60.00 0
2009_001780 -0.8066 28.00 17.00 437.00 342.00 0.00 0
2009_001830 -0.8599 239.00 118.00 369.00 385.00 0.00 0
2009_001830 -0.8029 197.00 153.00 243.00 299.00 0.00 0
2009_001915 -0.6048 1.00 1.00 500.00 375.00 300.00 0
2009_002058 -0.8499 81.00 390.00 375.00 500.00 60.00 0
2009_002087 1.4305 19.00 6.00 484.00 305.00 270.00 0
2009_002194 0.4087 17.00 1.00 490.00 452.00 60.00 0
2009_002295 0.4361 27.00 281.00 349.00 476.00 270.00 0
2009_002350 -1.0274 59.00 321.00 185.00 500.00 285.00 0
2009_002350 -0.7455 1.00 332.00 136.00 441.00 45.00 0
2009_002400 -0.1383 52.00 29.00 282.00 316.00 315.00 0
2009_002401 -0.5197 43.00 7.00 500.00 375.00 45.00 0
2009_002488 -0.8500 1.00 1.00 500.00 375.00 90.00 0
2009_002668 -0.4793 120.00 226.00 222.00 332.00 60.00 0
2009_002777 0.2482 126.00 235.00 405.00 375.00 270.00 0
2009_002779 -0.9398 18.00 38.00 480.00 318.00 330.00 0
2009_002785 0.5891 352.00 8.00 463.00 104.00 60.00 0
2009_002785 -0.3116 1.00 32.00 182.00 144.00 90.00 0
2009_002785 -0.8995 1.00 9.00 112.00 123.00 75.00 0
2009_002833 0.6660 25.00 21.00 480.00 307.00 270.00 0
2009_002833 -0.7351 382.00 31.00 500.00 272.00 300.00 0
2009_002833 -0.8057 289.00 28.00 386.00 270.00 255.00 0
2009_002833 -0.7973 160.00 49.00 276.00 264.00 150.00 0
2009_002833 -0.6802 1.00 28.00 142.00 278.00 300.00 0
2009_002928 1.1254 45.00 85.00 441.00 350.00 270.00 0
2009_002985 -0.8646 1.00 33.00 500.00 375.00 15.00 0
2009_003065 -0.1561 178.00 197.00 288.00 349.00 330.00 0
2009_003193 1.0478 69.00 60.00 435.00 285.00 90.00 0
2009_003224 -0.2104 33.00 27.00 404.00 365.00 300.00 0
2009_003251 -1.7051 328.00 36.00 353.00 85.00 150.00 0
2009_003251 -2.2740 313.00 38.00 329.00 84.00 45.00 0
2009_003343 -0.6178 20.00 185.00 299.00 500.00 105.00 0
2009_003469 0.7681 33.00 10.00 459.00 311.00 90.00 0
2009_003802 -0.9250 87.00 7.00 193.00 87.00 105.00 0
2009_003832 -0.2147 71.00 1.00 417.00 333.00 60.00 0
2009_003836 -0.8589 79.00 77.00 275.00 436.00 105.00 0
2009_003905 -0.6274 32.00 37.00 333.00 439.00 315.00 0
2009_003908 -0.6453 1.00 1.00 414.00 375.00 300.00 0
2009_003971 -0.9435 56.00 52.00 364.00 500.00 30.00 0
2009_004242 -0.8324 1.00 14.00 204.00 334.00 345.00 0
2009_004258 -2.0813 11.00 189.00 37.00 213.00 75.00 0
2009_004258 -2.1717 46.00 188.00 69.00 210.00 75.00 0
2009_004303 0.3309 167.00 168.00 465.00 366.00 270.00 0
2009_004364 0.1197 4.00 1.00 499.00 374.00 105.00 0
2009_004496 -0.7626 1.00 35.00 467.00 375.00 315.00 0
2009_004518 -2.5905 341.00 107.00 350.00 119.00 75.00 0
2009_004551 0.9135 53.00 93.00 463.00 364.00 90.00 0
2009_004629 -0.9242 100.00 1.00 462.00 375.00 45.00 0
2009_004664 -0.4389 121.00 162.00 370.00 357.00 90.00 0
2009_004758 0.3869 8.00 192.00 164.00 288.00 90.00 0
2009_004758 0.6173 306.00 162.00 400.00 238.00 90.00 0
2009_004781 -0.9927 190.00 85.00 354.00 343.00 180.00 0
2009_004822 0.8366 95.00 141.00 448.00 358.00 90.00 0
2009_004848 0.1839 164.00 166.00 341.00 366.00 315.00 0
2009_004876 -0.9826 1.00 1.00 375.00 481.00 255.00 0
2009_004882 -0.4019 11.00 220.00 374.00 469.00 90.00 0
2009_004882 -0.7768 149.00 298.00 268.00 385.00 45.00 0
2009_004933 0.2619 175.00 169.00 282.00 284.00 300.00 0
2009_004934 0.1174 54.00 11.00 383.00 373.00 315.00 0
2009_005064 0.5038 42.00 51.00 468.00 308.00 90.00 0
2009_005082 -1.0281 308.00 292.00 500.00 375.00 120.00 0
2009_005082 -0.9210 12.00 304.00 221.00 375.00 75.00 0
2009_005087 -0.7975 63.00 143.00 245.00 278.00 315.00 0
2009_005098 -0.1648 118.00 1.00 454.00 188.00 105.00 0
2009_005103 0.0233 65.00 45.00 413.00 375.00 90.00 0
2009_005156 0.2578 43.00 29.00 422.00 248.00 90.00 0
2009_005172 -1.1005 112.00 54.00 500.00 375.00 0.00 0
2009_005178 0.5598 39.00 33.00 457.00 396.00 300.00 0
2009_005203 -0.8635 233.00 116.00 334.00 259.00 330.00 0
2009_005300 -0.7194 70.00 140.00 220.00 252.00 105.00 0
2009_005300 -0.5390 263.00 149.00 375.00 255.00 300.00 0
2010_000065 -0.7790 185.00 194.00 285.00 403.00 330.00 0
2010_000083 -0.1630 43.00 212.00 127.00 310.00 300.00 0
2010_000113 -0.7822 107.00 7.00 466.00 317.00 45.00 0
2010_000254 1.3193 130.00 136.00 339.00 290.00 90.00 0
2010_000342 -0.1680 55.00 37.00 354.00 360.00 60.00 0
2010_000401 1.5869 116.00 115.00 424.00 315.00 270.00 0
2010_000444 -0.3313 73.00 163.00 279.00 306.00 75.00 0
2010_000462 -0.7516 158.00 228.00 257.00 385.00 330.00 0
2010_000590 -1.4328 1.00 183.00 38.00 270.00 150.00 0
2010_000624 -0.7803 1.00 1.00 500.00 368.00 90.00 0
2010_000829 1.3736 32.00 14.00 496.00 357.00 90.00 0
2010_000893 0.1023 111.00 22.00 344.00 254.00 300.00 0
2010_000898 1.8665 12.00 41.00 495.00 324.00 270.00 0
2010_001049 0.7282 226.00 159.00 409.00 270.00 270.00 0
2010_001049 0.8683 45.00 149.00 218.00 264.00 270.00 0
2010_001119 -0.7685 1.00 258.00 423.00 375.00 255.00 0
2010_001119 -0.8609 6.00 99.00 79.00 141.00 105.00 0
2010_001246 -1.0689 1.00 125.00 45.00 236.00 330.00 0
2010_001246 -1.2879 29.00 128.00 71.00 230.00 150.00 0
2010_001367 -0.5204 142.00 89.00 433.00 389.00 90.00 0
2010_001439 -1.8130 209.00 273.00 238.00 315.00 150.00 0
2010_001540 -0.5775 1.00 1.00 375.00 500.00 60.00 0
2010_001606 -0.9804 72.00 291.00 266.00 497.00 105.00 0
2010_001921 -0.3099 293.00 152.00 401.00 260.00 300.00 0
2010_001921 -0.8347 1.00 150.00 55.00 231.00 315.00 0
2010_002030 0.1668 56.00 5.00 484.00 322.00 105.00 0
2010_002211 -0.2533 1.00 180.00 351.00 500.00 60.00 0
2010_002326 -0.5095 105.00 16.00 420.00 375.00 300.00 0
2010_002536 -0.0503 92.00 57.00 454.00 297.00 270.00 0
2010_002536 -0.7516 1.00 110.00 123.00 347.00 150.00 0
2010_002660 -0.8283 77.00 171.00 333.00 500.00 330.00 0
2010_002693 -0.7140 1.00 244.00 233.00 412.00 105.00 0
2010_002693 -0.6087 2.00 245.00 103.00 380.00 45.00 0
2010_002767 -0.9738 1.00 351.00 331.00 500.00 60.00 0
2010_002792 -0.9801 29.00 65.00 244.00 235.00 90.00 0
2010_002814 1.1141 30.00 14.00 494.00 314.00 90.00 0
2010_002927 -0.7810 1.00 217.00 390.00 375.00 105.00 0
2010_003251 1.0683 19.00 52.00 478.00 344.00 270.00 0
2010_003293 -1.7040 432.00 186.00 469.00 236.00 150.00 0
2010_003314 0.4063 18.00 256.00 158.00 372.00 60.00 0
2010_003379 -0.8218 1.00 37.00 500.00 367.00 315.00 0
2010_003446 -0.6497 160.00 164.00 345.00 261.00 330.00 0
2010_003503 -0.9818 1.00 64.00 499.00 375.00 0.00 0
2010_003585 -0.8862 340.00 229.00 500.00 301.00 255.00 0
2010_003603 -0.8491 38.00 344.00 227.00 500.00 45.00 0
2010_003701 -0.6571 262.00 191.00 373.00 314.00 105.00 0
2010_003729 0.1216 3.00 121.00 156.00 240.00 90.00 0
2010_003811 1.2972 40.00 33.00 431.00 283.00 270.00 0
2010_003828 0.4369 47.00 138.00 347.00 330.00 90.00 0
2010_003912 -0.5359 70.00 39.00 312.00 416.00 315.00 0
2010_004182 1.2502 14.00 54.00 483.00 340.00 270.00 0
2010_004439 -0.8985 378.00 300.00 457.00 342.00 105.00 0
2010_004439 -1.3694 411.00 272.00 467.00 315.00 45.00 0
2010_004537 1.1341 27.00 73.00 488.00 341.00 270.00 0
2010_004809 -0.5643 222.00 208.00 348.00 285.00 90.00 0
2010_004894 -0.2343 103.00 45.00 401.00 339.00 300.00 0
2010_004921 0.5302 195.00 180.00 264.00 235.00 90.00 0
2010_004921 -1.1658 456.00 166.00 500.00 212.00 45.00 0
2010_005000 -0.8751 1.00 18.00 295.00 500.00 330.00 0
2010_005116 0.8934 32.00 84.00 498.00 375.00 90.00 0
2010_005226 -0.8740 376.00 188.00 435.00 300.00 0.00 0
2010_005374 -0.5949 21.00 1.00 500.00 375.00 105.00 0
2010_005542 -0.4875 1.00 154.00 94.00 291.00 300.00 0
2010_005542 -0.2944 95.00 146.00 183.00 284.00 60.00 0
2010_005542 -1.2012 462.00 168.00 500.00 285.00 0.00 0
2010_005556 -0.1887 70.00 1.00 443.00 375.00 45.00 0
2010_005658 -0.2911 1.00 19.00 360.00 295.00 270.00 0
2010_005658 -1.0861 404.00 103.00 500.00 265.00 75.00 0
2010_005664 -0.0320 93.00 67.00 425.00 294.00 105.00 0
2010_005848 0.5472 230.00 215.00 474.00 345.00 270.00 0
2010_005860 -1.1737 419.00 118.00 498.00 212.00 330.00 0
2010_006031 -0.2593 140.00 10.00 377.00 258.00 300.00 0
2010_006070 1.3854 1.00 14.00 497.00 323.00 90.00 0
2011_000087 -2.0048 226.00 188.00 266.00 211.00 120.00 0
2011_000098 -1.0292 333.00 109.00 390.00 270.00 180.00 0
2011_000098 -1.0692 374.00 118.00 442.00 277.00 45.00 0
2011_000319 0.9304 217.00 173.00 304.00 233.00 270.00 0
2011_000412 0.4252 14.00 5.00 469.00 375.00 270.00 0
2011_000474 -0.5596 1.00 1.00 395.00 334.00 300.00 0
2011_000585 -0.5113 74.00 106.00 302.00 311.00 45.00 0
2011_000600 -1.4498 472.00 63.00 500.00 143.00 0.00 0
2011_000690 -0.8684 72.00 1.00 372.00 499.00 0.00 0
2011_000933 -0.7405 57.00 113.00 317.00 375.00 285.00 0
2011_000950 1.5286 42.00 68.00 468.00 320.00 270.00 0
2011_001025 -1.7215 202.00 346.00 240.00 384.00 120.00 0
2011_001138 1.4929 27.00 41.00 497.00 322.00 270.00 0
2011_001213 -1.0961 68.00 73.00 310.00 218.00 285.00 0
2011_001271 -0.1744 139.00 186.00 328.00 323.00 90.00 0
2011_001441 -0.8473 1.00 18.00 500.00 256.00 300.00 0
2011_001501 -0.5989 264.00 197.00 440.00 298.00 270.00 0
2011_001524 -0.7702 132.00 52.00 262.00 188.00 45.00 0
2011_001524 -0.7848 140.00 54.00 261.00 172.00 75.00 0
2011_001529 -0.7974 181.00 166.00 245.00 261.00 330.00 0
2011_001535 -0.9084 42.00 177.00 219.00 375.00 330.00 0
2011_001535 -0.9516 184.00 187.00 306.00 375.00 105.00 0
2011_001612 -0.9442 181.00 145.00 299.00 375.00 0.00 0
2011_001806 -0.1785 54.00 353.00 254.00 494.00 90.00 0
2011_001914 -0.9215 258.00 1.00 500.00 209.00 45.00 0
2011_001945 0.7602 10.00 227.00 340.00 429.00 90.00 0
2011_001945 -0.2621 125.00 287.00 375.00 500.00 90.00 0
2011_001966 -0.7847 83.00 207.00 296.00 451.00 330.00 0
2011_001988 -0.8663 191.00 193.00 302.00 425.00 0.00 0
2011_002002 -0.8583 302.00 179.00 428.00 375.00 45.00 0
2011_002003 -1.1247 335.00 1.00 500.00 267.00 60.00 0
2011_002064 0.3217 77.00 74.00 357.00 350.00 300.00 0
2011_002064 0.2154 62.00 78.00 318.00 314.00 300.00 0
2011_002150 -0.2300 259.00 291.00 377.00 372.00 270.00 0
2011_002192 -1.0875 302.00 165.00 354.00 268.00 180.00 0
2011_002192 -0.9962 139.00 181.00 198.00 290.00 0.00 0
2011_002223 -0.7907 78.00 139.00 361.00 258.00 255.00 0
2011_002223 -0.8113 153.00 108.00 347.00 197.00 255.00 0
2011_002244 -2.4693 363.00 184.00 377.00 205.00 75.00 0
2011_002325 -0.6828 123.00 424.00 281.00 495.00 105.00 0
2011_002406 -0.4112 1.00 42.00 500.00 338.00 105.00 0
2011_002713 1.0848 37.00 34.00 473.00 338.00 270.00 0
2011_002742 0.4541 115.00 99.00 407.00 342.00 270.00 0
2011_003003 0.0231 39.00 116.00 421.00 353.00 60.00 0
2011_003167 -1.2048 235.00 293.00 337.00 362.00 255.00 0
2011_003168 -0.6941 277.00 230.00 499.00 375.00 300.00 0
2011_003168 -0.8560 29.00 236.00 160.00 375.00 0.00 0
2011_003169 0.3280 28.00 24.00 451.00 333.00 270.00 0
2011_003261 -1.1493 132.00 245.00 186.00 332.00 0.00 0
