2008_000043 -0.2195 244.00 156.00 316.00 287.00 180.00 0
2008_000043 -1.3673 328.00 162.00 388.00 194.00 150.00 0
2008_000043 -0.1053 355.00 180.00 440.00 328.00 105.00 0
2008_000043 0.0762 289.00 197.00 373.00 336.00 180.00 0
2008_000043 -0.3134 164.00 195.00 264.00 342.00 240.00 0
2008_000043 -0.8681 150.00 161.00 186.00 282.00 270.00 0
2008_000051 -0.5950 220.00 192.00 319.00 371.00 105.00 0
2008_000067 -0.4016 94.00 224.00 255.00 445.00 180.00 0
2008_000107 -0.4812 68.00 212.00 288.00 482.00 330.00 0
2008_000115 -0.6325 1.00 1.00 497.00 400.00 315.00 0
2008_000149 -0.1320 1.00 118.00 115.00 265.00 255.00 0
2008_000246 -0.8417 352.00 1.00 500.00 233.00 120.00 0
2008_000274 -1.1269 46.00 257.00 128.00 333.00 270.00 0
2008_000305 -0.7105 80.00 205.00 193.00 328.00 225.00 0
2008_000381 -0.7681 1.00 430.00 72.00 500.00 0.00 0
2008_000381 -0.8973 70.00 432.00 134.00 500.00 0.00 0
2008_000418 -0.5533 421.00 264.00 490.00 375.00 15.00 0
2008_000418 -0.3731 307.00 235.00 385.00 354.00 240.00 0
2008_000473 -0.4337 87.00 301.00 335.00 458.00 300.00 0
2008_000489 -0.8110 396.00 208.00 500.00 375.00 75.00 0
2008_000498 -0.2139 247.00 2.00 335.00 132.00 120.00 0
2008_000498 -0.2565 321.00 56.00 440.00 196.00 120.00 0
2008_000498 -0.5104 341.00 29.00 419.00 143.00 15.00 0
2008_000673 -0.5497 70.00 26.00 320.00 213.00 0.00 0
2008_000690 -0.5628 1.00 70.00 375.00 500.00 240.00 0
2008_000817 -0.5851 249.00 155.00 293.00 246.00 120.00 0
2008_000817 -0.9935 207.00 152.00 246.00 228.00 240.00 0
2008_000817 -0.3672 294.00 163.00 343.00 244.00 120.00 0
2008_000835 -0.5909 382.00 231.00 480.00 375.00 135.00 0
2008_000904 -0.3710 1.00 72.00 96.00 306.00 120.00 0
2008_000936 -0.3663 2.00 30.00 335.00 447.00 0.00 0
2008_000976 -0.9927 32.00 245.00 92.00 347.00 300.00 0
2008_001046 -0.6907 34.00 283.00 119.00 372.00 0.00 0
2008_001046 -0.8270 117.00 283.00 202.00 375.00 255.00 0
2008_001046 -0.8840 215.00 279.00 286.00 368.00 255.00 0
2008_001046 -0.9805 291.00 276.00 359.00 370.00 150.00 0
2008_001046 -0.6452 394.00 309.00 477.00 375.00 105.00 0
2008_001046 -1.1467 296.00 313.00 355.00 375.00 150.00 0
2008_001046 -0.4312 205.00 315.00 293.00 375.00 105.00 0
2008_001046 -0.4766 94.00 317.00 183.00 375.00 225.00 0
2008_001046 -0.8299 1.00 315.00 75.00 375.00 255.00 0
2008_001046 -0.4750 390.00 217.00 441.00 301.00 255.00 0
2008_001320 -0.4787 100.00 210.00 180.00 309.00 0.00 0
2008_001333 -0.0394 1.00 91.00 373.00 500.00 0.00 0
2008_001333 -0.8148 198.00 374.00 375.00 500.00 255.00 0
2008_001338 -1.3385 391.00 93.00 422.00 151.00 150.00 0
2008_001439 0.0900 7.00 36.00 180.00 268.00 180.00 0
2008_001439 -0.5613 175.00 37.00 314.00 275.00 180.00 0
2008_001439 -0.3984 324.00 35.00 491.00 274.00 180.00 0
2008_001439 -0.8291 70.00 9.00 198.00 200.00 120.00 0
2008_001439 -0.9257 205.00 6.00 310.00 202.00 180.00 0
2008_001439 -0.7082 321.00 6.00 433.00 202.00 180.00 0
2008_001451 -0.2679 95.00 259.00 199.00 374.00 255.00 0
2008_001451 -0.5158 65.00 281.00 179.00 375.00 270.00 0
2008_001503 -0.6056 1.00 44.00 75.00 142.00 15.00 0
2008_001527 -0.8354 1.00 11.00 500.00 375.00 0.00 0
2008_001596 -0.2768 288.00 128.00 363.00 236.00 0.00 0
2008_001596 -0.5925 277.00 140.00 337.00 275.00 75.00 0
2008_001613 -0.2070 279.00 200.00 358.00 317.00 180.00 0
2008_001613 -0.8218 102.00 194.00 177.00 313.00 240.00 0
2008_001613 -0.6965 171.00 218.00 256.00 332.00 0.00 0
2008_001613 -0.8335 1.00 194.00 49.00 281.00 120.00 0
2008_001624 -0.6272 448.00 184.00 500.00 276.00 240.00 0
2008_001624 -0.4965 1.00 188.00 184.00 267.00 210.00 0
2008_001636 -0.8575 62.00 177.00 165.00 316.00 240.00 0
2008_001702 -0.7185 1.00 1.00 166.00 500.00 270.00 0
2008_001715 -0.3183 111.00 39.00 292.00 333.00 300.00 0
2008_001723 -0.8448 228.00 275.00 291.00 375.00 240.00 0
2008_001723 -0.0325 117.00 230.00 209.00 351.00 255.00 0
2008_001723 -1.3776 289.00 222.00 328.00 266.00 120.00 0
2008_001764 -0.3048 404.00 160.00 493.00 314.00 180.00 0
2008_001772 -0.8446 86.00 205.00 159.00 333.00 15.00 0
2008_001772 -0.7996 220.00 166.00 286.00 269.00 240.00 0
2008_001773 -0.6732 59.00 230.00 223.00 375.00 120.00 0
2008_001841 -0.5580 45.00 133.00 476.00 375.00 210.00 0
2008_001862 0.4704 292.00 28.00 374.00 167.00 255.00 0
2008_001910 -0.8164 1.00 220.00 108.00 320.00 255.00 0
2008_001910 -1.1374 42.00 188.00 98.00 233.00 195.00 0
2008_001928 0.7864 1.00 248.00 93.00 375.00 255.00 0
2008_002026 -0.6599 148.00 216.00 275.00 363.00 15.00 0
2008_002071 -0.2039 257.00 127.00 394.00 297.00 255.00 0
2008_002071 -0.4558 81.00 184.00 264.00 333.00 240.00 0
2008_002082 -1.2410 178.00 165.00 224.00 221.00 150.00 0
2008_002114 -0.3874 362.00 195.00 500.00 375.00 120.00 0
2008_002379 -0.8333 2.00 241.00 165.00 371.00 225.00 0
2008_002384 -0.5217 40.00 232.00 147.00 375.00 240.00 0
2008_002403 0.3382 1.00 119.00 282.00 375.00 255.00 0
2008_002438 -0.8859 104.00 68.00 252.00 137.00 120.00 0
2008_002481 0.0028 206.00 290.00 313.00 377.00 240.00 0
2008_002485 -0.5669 81.00 189.00 335.00 375.00 120.00 0
2008_002502 -0.5054 20.00 86.00 118.00 322.00 0.00 0
2008_002502 -0.7583 232.00 181.00 327.00 320.00 165.00 0
2008_002508 -0.3048 297.00 151.00 355.00 246.00 240.00 0
2008_002508 -0.3676 318.00 162.00 380.00 268.00 240.00 0
2008_002508 -0.0854 349.00 170.00 422.00 297.00 255.00 0
2008_002508 -0.4049 416.00 172.00 499.00 290.00 105.00 0
2008_002508 -1.5658 390.00 152.00 415.00 172.00 150.00 0
2008_002508 -1.0008 276.00 144.00 318.00 211.00 240.00 0
2008_002508 -1.3870 136.00 161.00 185.00 217.00 150.00 0
2008_002508 -0.8266 54.00 189.00 157.00 308.00 135.00 0
2008_002508 -0.8425 396.00 162.00 451.00 269.00 240.00 0
2008_002521 -0.3537 211.00 219.00 285.00 367.00 255.00 0
2008_002795 -0.5863 412.00 185.00 500.00 375.00 15.00 0
2008_002869 -0.5983 41.00 146.00 407.00 375.00 120.00 0
2008_002920 0.5019 1.00 128.00 109.00 305.00 255.00 0
2008_003073 -0.5280 58.00 223.00 165.00 333.00 330.00 0
2008_003136 -0.9713 172.00 68.00 226.00 181.00 195.00 0
2008_003178 0.2207 119.00 84.00 381.00 375.00 180.00 0
2008_003178 -0.5393 224.00 146.00 341.00 314.00 180.00 0
2008_003178 -0.7144 322.00 174.00 389.00 270.00 120.00 0
2008_003178 -0.5114 441.00 167.00 500.00 287.00 270.00 0
2008_003178 -0.4899 88.00 127.00 244.00 348.00 270.00 0
2008_003245 -0.4520 1.00 140.00 336.00 375.00 225.00 0
2008_003245 -0.6690 142.00 77.00 394.00 335.00 225.00 0
2008_003280 -0.5814 55.00 288.00 175.00 455.00 255.00 0
2008_003280 -1.0785 25.00 242.00 94.00 351.00 195.00 0
2008_003351 -0.4932 371.00 139.00 456.00 241.00 135.00 0
2008_003407 -0.7434 9.00 182.00 90.00 288.00 255.00 0
2008_003432 -0.5069 286.00 185.00 469.00 358.00 30.00 0
2008_003442 -1.0228 101.00 277.00 173.00 356.00 240.00 0
2008_003472 -0.6387 170.00 107.00 396.00 374.00 120.00 0
2008_003547 -0.4100 1.00 227.00 116.00 459.00 15.00 0
2008_003681 -0.5451 72.00 226.00 249.00 424.00 150.00 0
2008_003753 -0.0680 248.00 225.00 349.00 375.00 255.00 0
2008_003753 -0.6802 102.00 224.00 160.00 375.00 75.00 0
2008_003753 -0.5337 164.00 215.00 238.00 329.00 225.00 0
2008_003753 -0.9199 150.00 213.00 193.00 320.00 150.00 0
2008_003821 -0.5234 33.00 163.00 231.00 493.00 255.00 0
2008_003838 -0.3845 65.00 11.00 500.00 342.00 270.00 0
2008_003838 -0.8894 382.00 13.00 500.00 186.00 225.00 0
2008_003881 -0.7619 366.00 226.00 473.00 369.00 345.00 0
2008_003881 -1.0617 423.00 198.00 482.00 285.00 75.00 0
2008_003904 -1.2358 8.00 268.00 125.00 315.00 195.00 0
2008_003904 -0.9119 132.00 265.00 255.00 324.00 210.00 0
2008_004003 -0.9817 377.00 219.00 467.00 331.00 120.00 0
2008_004054 -1.2562 472.00 196.00 500.00 281.00 285.00 0
2008_004071 -0.1705 32.00 156.00 160.00 375.00 180.00 0
2008_004124 -0.5187 104.00 100.00 436.00 375.00 210.00 0
2008_004251 -1.5241 25.00 115.00 67.00 163.00 150.00 0
2008_004289 -0.6564 306.00 162.00 491.00 333.00 120.00 0
2008_004289 -1.1203 54.00 31.00 193.00 94.00 330.00 0
2008_004289 -1.1629 184.00 16.00 297.00 65.00 330.00 0
2008_004297 -0.3532 119.00 114.00 257.00 247.00 315.00 0
2008_004344 -0.7203 1.00 218.00 147.00 375.00 240.00 0
2008_004384 -0.0621 46.00 244.00 212.00 443.00 255.00 0
2008_004384 -0.6060 1.00 292.00 84.00 500.00 270.00 0
2008_004384 0.1167 181.00 269.00 375.00 500.00 180.00 0
2008_004408 -0.4510 280.00 280.00 331.00 373.00 180.00 0
2008_004408 -0.3144 384.00 290.00 445.00 375.00 120.00 0
2008_004445 0.8388 204.00 233.00 295.00 332.00 255.00 0
2008_004445 -0.7896 293.00 266.00 397.00 332.00 0.00 0
2008_004445 -1.4912 280.00 221.00 328.00 254.00 150.00 0
2008_004460 -0.6649 101.00 272.00 297.00 375.00 330.00 0
2008_004460 -1.0046 376.00 297.00 500.00 375.00 225.00 0
2008_004487 -0.7360 369.00 181.00 500.00 375.00 45.00 0
2008_004553 -0.4100 1.00 27.00 333.00 500.00 180.00 0
2008_004564 -0.8259 1.00 220.00 246.00 333.00 75.00 0
2008_004579 -0.6542 46.00 1.00 342.00 176.00 15.00 0
2008_004592 -1.0087 314.00 1.00 407.00 98.00 120.00 0
2008_004592 -0.1958 302.00 1.00 500.00 271.00 120.00 0
2008_004592 0.3218 12.00 1.00 226.00 260.00 240.00 0
2008_004612 -0.4705 118.00 76.00 385.00 331.00 345.00 0
2008_004619 -0.9292 183.00 112.00 272.00 207.00 240.00 0
2008_004632 -0.4858 1.00 290.00 283.00 500.00 30.00 0
2008_004665 -0.7272 293.00 199.00 432.00 313.00 120.00 0
2008_004670 -0.9771 456.00 191.00 500.00 283.00 15.00 0
2008_004670 -0.0688 383.00 160.00 460.00 254.00 180.00 0
2008_004670 -0.5308 375.00 139.00 429.00 230.00 180.00 0
2008_004670 -0.9375 318.00 134.00 373.00 216.00 315.00 0
2008_004670 -1.0193 264.00 131.00 316.00 210.00 105.00 0
2008_004670 -1.4057 242.00 125.00 288.00 166.00 150.00 0
2008_004670 -1.3172 189.00 128.00 239.00 188.00 150.00 0
2008_004670 -1.2584 88.00 117.00 129.00 164.00 150.00 0
2008_004670 -0.8574 45.00 116.00 86.00 166.00 330.00 0
2008_004720 -0.3265 319.00 113.00 500.00 375.00 120.00 0
2008_004778 -0.4287 63.00 85.00 258.00 400.00 105.00 0
2008_004896 0.1463 206.00 64.00 428.00 320.00 255.00 0
2008_004984 -0.2078 305.00 11.00 401.00 154.00 150.00 0
2008_005037 -0.6591 181.00 69.00 331.00 292.00 225.00 0
2008_005068 -0.0280 136.00 293.00 259.00 477.00 120.00 0
2008_005070 -0.1521 385.00 66.00 500.00 250.00 15.00 0
2008_005107 -0.6842 1.00 75.00 375.00 500.00 60.00 0
2008_005111 0.1820 302.00 161.00 374.00 284.00 180.00 0
2008_005111 0.5013 202.00 147.00 300.00 262.00 240.00 0
2008_005111 -0.7325 203.00 112.00 268.00 189.00 225.00 0
2008_005167 -0.8000 1.00 1.00 92.00 241.00 0.00 0
2008_005191 -0.6338 263.00 177.00 387.00 375.00 285.00 0
2008_005205 -0.5026 433.00 198.00 500.00 380.00 180.00 0
2008_005205 -0.5798 74.00 240.00 263.00 380.00 105.00 0
2008_005205 -0.3608 1.00 183.00 96.00 348.00 240.00 0
2008_005257 -0.6411 283.00 215.00 435.00 375.00 180.00 0
2008_005257 1.1291 36.00 183.00 180.00 375.00 255.00 0
2008_005257 -0.5347 164.00 147.00 263.00 310.00 15.00 0
2008_005323 -0.5600 22.00 201.00 193.00 337.00 330.00 0
2008_005348 -0.8767 1.00 31.00 79.00 162.00 120.00 0
2008_005417 -0.7191 50.00 266.00 142.00 375.00 255.00 0
2008_005417 -0.8127 133.00 300.00 220.00 375.00 210.00 0
2008_005417 -0.7459 227.00 283.00 313.00 375.00 120.00 0
2008_005552 -0.4741 1.00 1.00 336.00 500.00 120.00 0
2008_005574 -0.5080 1.00 26.00 286.00 500.00 135.00 0
2008_005574 -0.4298 215.00 32.00 375.00 407.00 330.00 0
2008_005608 -0.9791 372.00 194.00 500.00 250.00 330.00 0
2008_005608 -0.9685 304.00 251.00 416.00 374.00 195.00 0
2008_005796 -1.5264 12.00 133.00 35.00 160.00 150.00 0
2008_005848 0.0890 247.00 238.00 375.00 380.00 120.00 0
2008_005857 -0.5885 1.00 1.00 289.00 375.00 345.00 0
2008_005881 -0.8708 1.00 206.00 115.00 415.00 285.00 0
2008_005881 -0.9546 93.00 186.00 162.00 325.00 120.00 0
2008_005914 -1.5851 479.00 171.00 500.00 200.00 150.00 0
2008_005914 -1.2171 275.00 200.00 321.00 253.00 330.00 0
2008_006008 -0.5237 170.00 323.00 335.00 500.00 135.00 0
2008_006008 -0.1282 38.00 311.00 179.00 500.00 240.00 0
2008_006008 -0.2448 21.00 270.00 92.00 452.00 270.00 0
2008_006045 -0.6109 1.00 137.00 197.00 300.00 345.00 0
2008_006045 -0.5025 1.00 94.00 264.00 300.00 345.00 0
2008_006045 -0.5320 78.00 77.00 364.00 300.00 270.00 0
2008_006045 -0.5584 152.00 59.00 400.00 300.00 270.00 0
2008_006045 -0.5567 218.00 47.00 400.00 300.00 270.00 0
2008_006045 -0.5214 278.00 34.00 400.00 281.00 270.00 0
2008_006045 -0.9604 331.00 23.00 400.00 139.00 210.00 0
2008_006151 0.6865 80.00 93.00 196.00 260.00 255.00 0
2008_006151 1.1694 76.00 125.00 194.00 309.00 240.00 0
2008_006151 1.0299 175.00 133.00 313.00 333.00 240.00 0
2008_006151 0.5869 302.00 117.00 426.00 302.00 105.00 0
2008_006303 -0.2182 85.00 187.00 179.00 314.00 345.00 0
2008_006303 -0.1249 331.00 188.00 421.00 314.00 15.00 0
2008_006307 -0.7162 1.00 1.00 500.00 335.00 210.00 0
2008_006311 0.0748 254.00 223.00 363.00 375.00 180.00 0
2008_006311 0.7468 142.00 185.00 237.00 349.00 180.00 0
2008_006311 0.3022 1.00 216.00 124.00 375.00 255.00 0
2008_006330 -0.0057 30.00 277.00 166.00 500.00 240.00 0
2008_006330 -0.4498 1.00 269.00 85.00 451.00 240.00 0
2008_006337 -0.5869 245.00 110.00 306.00 195.00 180.00 0
2008_006611 -0.4898 1.00 183.00 157.00 343.00 225.00 0
2008_006611 -0.7313 167.00 185.00 346.00 343.00 0.00 0
2008_006660 -0.2494 266.00 165.00 354.00 320.00 240.00 0
2008_006660 -0.5889 234.00 192.00 358.00 375.00 240.00 0
2008_006665 -1.0095 437.00 239.00 500.00 333.00 135.00 0
2008_006684 -0.7446 1.00 96.00 500.00 378.00 315.00 0
2008_006696 -0.5630 18.00 53.00 291.00 422.00 15.00 0
2008_006710 -1.0611 266.00 120.00 341.00 223.00 150.00 0
2008_006837 -0.0142 229.00 1.00 343.00 207.00 180.00 0
2008_006837 0.4275 31.00 1.00 174.00 182.00 255.00 0
2008_006841 0.2456 226.00 136.00 333.00 286.00 255.00 0
2008_006841 -0.5714 311.00 132.00 392.00 282.00 105.00 0
2008_006863 -0.6721 1.00 99.00 276.00 375.00 135.00 0
2008_006979 -0.5967 335.00 63.00 494.00 235.00 120.00 0
2008_007006 -0.1066 18.00 19.00 335.00 489.00 15.00 0
2008_007048 0.0469 182.00 257.00 269.00 427.00 180.00 0
2008_007048 -0.5383 178.00 249.00 251.00 395.00 0.00 0
2008_007048 -0.0924 99.00 257.00 183.00 428.00 180.00 0
2008_007166 -1.1039 437.00 193.00 500.00 291.00 120.00 0
2008_007166 -0.3175 385.00 201.00 460.00 304.00 240.00 0
2008_007194 -0.7550 41.00 89.00 171.00 312.00 345.00 0
2008_007194 -0.8180 209.00 92.00 337.00 318.00 120.00 0
2008_007194 -0.7722 355.00 88.00 489.00 304.00 0.00 0
2008_007287 -0.7526 127.00 1.00 213.00 134.00 195.00 0
2008_007287 -0.4720 4.00 204.00 304.00 375.00 300.00 0
2008_007287 -0.5045 1.00 169.00 150.00 375.00 315.00 0
2008_007287 -0.5862 247.00 187.00 407.00 375.00 240.00 0
2008_007287 -0.5631 343.00 164.00 468.00 347.00 240.00 0
2008_007287 -0.7703 417.00 142.00 482.00 239.00 60.00 0
2008_007287 -0.5032 282.00 69.00 415.00 187.00 180.00 0
2008_007287 -0.7097 173.00 93.00 319.00 238.00 255.00 0
2008_007287 -0.7276 113.00 79.00 231.00 205.00 330.00 0
2008_007293 -0.4544 200.00 276.00 375.00 500.00 120.00 0
2008_007339 -0.5247 41.00 1.00 275.00 240.00 330.00 0
2008_007378 -0.7198 296.00 1.00 500.00 201.00 225.00 0
2008_007402 -0.5377 18.00 164.00 79.00 292.00 105.00 0
2008_007402 -0.8452 1.00 193.00 40.00 327.00 180.00 0
2008_007402 -0.9629 8.00 152.00 56.00 258.00 105.00 0
2008_007415 -0.7024 109.00 110.00 300.00 418.00 0.00 0
2008_007452 -0.5209 33.00 34.00 346.00 492.00 15.00 0
2008_007527 -0.1020 82.00 219.00 289.00 375.00 240.00 0
2008_007561 -0.7448 183.00 228.00 379.00 375.00 240.00 0
2008_007617 -0.8087 1.00 235.00 49.00 375.00 210.00 0
2008_007685 -1.0244 238.00 294.00 391.00 375.00 120.00 0
2008_007704 -0.5619 150.00 1.00 366.00 142.00 255.00 0
2008_007704 -0.7289 357.00 1.00 500.00 149.00 30.00 0
2008_007706 -0.3247 1.00 56.00 500.00 375.00 315.00 0
2008_007737 -0.6309 245.00 339.00 342.00 500.00 0.00 0
2008_007741 -0.8428 35.00 277.00 111.00 375.00 345.00 0
2008_007768 -0.4297 38.00 125.00 285.00 461.00 240.00 0
2008_007828 -0.7551 196.00 247.00 316.00 377.00 195.00 0
2008_007893 -0.0385 87.00 53.00 290.00 455.00 180.00 0
2008_007922 0.2815 177.00 228.00 327.00 375.00 120.00 0
2008_007922 0.1092 282.00 213.00 398.00 367.00 120.00 0
2008_007922 -0.8428 1.00 252.00 109.00 375.00 315.00 0
2008_007922 -0.0203 345.00 175.00 424.00 283.00 105.00 0
2008_007922 -0.3062 54.00 169.00 118.00 290.00 255.00 0
2008_007922 -1.0962 251.00 160.00 302.00 214.00 240.00 0
2008_007949 -0.4096 87.00 240.00 152.00 321.00 15.00 0
2008_008155 -0.0795 371.00 206.00 484.00 337.00 15.00 0
2008_008155 -0.5376 416.00 174.00 490.00 325.00 120.00 0
2008_008362 -0.8059 378.00 232.00 466.00 375.00 330.00 0
2008_008365 -0.3834 56.00 227.00 132.00 345.00 255.00 0
2008_008365 -0.6917 91.00 256.00 198.00 375.00 300.00 0
2008_008365 -0.6087 274.00 262.00 389.00 375.00 105.00 0
2008_008365 -0.1753 354.00 231.00 447.00 351.00 180.00 0
2008_008439 -0.6148 15.00 208.00 138.00 308.00 315.00 0
2008_008439 -0.6802 244.00 200.00 312.00 314.00 240.00 0
2008_008470 0.3961 62.00 173.00 119.00 263.00 255.00 0
2008_008536 0.5034 219.00 124.00 379.00 306.00 105.00 0
2008_008538 -0.7384 286.00 191.00 383.00 271.00 240.00 0
2008_008554 -0.2108 117.00 129.00 212.00 245.00 255.00 0
2008_008554 -0.8490 229.00 126.00 331.00 239.00 300.00 0
2008_008554 -0.6969 325.00 139.00 447.00 256.00 120.00 0
2008_008621 -0.8094 437.00 191.00 500.00 328.00 15.00 0
2008_008621 -0.6672 315.00 105.00 500.00 332.00 135.00 0
2008_008658 -0.4637 294.00 171.00 448.00 342.00 255.00 0
2009_000096 -1.4197 109.00 113.00 158.00 161.00 150.00 0
2009_000157 -1.0594 66.00 322.00 121.00 366.00 150.00 0
2009_000182 -1.5643 1.00 179.00 18.00 212.00 150.00 0
2009_000182 -1.1390 46.00 154.00 85.00 207.00 150.00 0
2009_000182 -1.3897 138.00 149.00 168.00 193.00 150.00 0
2009_000182 -1.6027 188.00 149.00 207.00 190.00 150.00 0
2009_000182 -1.4687 215.00 148.00 244.00 186.00 150.00 0
2009_000182 -1.4303 206.00 146.00 231.00 186.00 150.00 0
2009_000182 -0.4016 31.00 196.00 375.00 500.00 135.00 0
2009_000182 -1.5987 276.00 144.00 298.00 182.00 150.00 0
2009_000182 -1.7238 257.00 143.00 273.00 169.00 150.00 0
2009_000182 -1.8275 245.00 153.00 261.00 169.00 150.00 0
2009_000182 -1.3505 332.00 163.00 375.00 216.00 150.00 0
2009_000182 -1.2993 301.00 151.00 355.00 193.00 30.00 0
2009_000192 -0.5448 174.00 62.00 306.00 250.00 180.00 0
2009_000198 -0.1427 236.00 100.00 346.00 290.00 180.00 0
2009_000198 0.5380 15.00 107.00 180.00 339.00 255.00 0
2009_000212 -0.5184 217.00 221.00 298.00 414.00 180.00 0
2009_000212 -0.8444 159.00 215.00 219.00 385.00 180.00 0
2009_000212 -0.5153 72.00 222.00 153.00 411.00 255.00 0
2009_000212 -0.2295 141.00 238.00 226.00 452.00 180.00 0
2009_000214 0.6567 230.00 179.00 348.00 333.00 105.00 0
2009_000298 -0.6128 1.00 267.00 167.00 500.00 285.00 0
2009_000298 -0.6398 190.00 116.00 331.00 353.00 240.00 0
2009_000298 0.0229 90.00 105.00 217.00 290.00 240.00 0
2009_000298 -0.5351 16.00 94.00 144.00 264.00 240.00 0
2009_000298 -0.4639 1.00 92.00 83.00 238.00 240.00 0
2009_000298 -0.9190 1.00 254.00 68.00 356.00 300.00 0
2009_000304 -0.4859 1.00 1.00 500.00 375.00 0.00 0
2009_000316 -1.1251 183.00 156.00 247.00 218.00 30.00 0
2009_000316 -1.1450 47.00 232.00 83.00 293.00 150.00 0
2009_000391 -0.9207 1.00 82.00 68.00 283.00 75.00 0
2009_000422 -0.6929 337.00 228.00 408.00 331.00 240.00 0
2009_000422 -0.9128 247.00 225.00 296.00 309.00 240.00 0
2009_000422 -1.2283 1.00 231.00 29.00 303.00 150.00 0
2009_000453 -0.6119 4.00 103.00 500.00 375.00 330.00 0
2009_000483 -0.5543 47.00 8.00 422.00 375.00 180.00 0
2009_000552 -0.0436 80.00 168.00 300.00 494.00 180.00 0
2009_000590 -0.7030 62.00 131.00 224.00 421.00 15.00 0
2009_000624 0.3011 1.00 95.00 237.00 375.00 105.00 0
2009_000760 -0.0336 66.00 169.00 140.00 279.00 255.00 0
2009_000760 -0.8037 256.00 172.00 312.00 296.00 270.00 0
2009_000760 -0.7902 194.00 172.00 263.00 298.00 270.00 0
2009_000762 -0.2247 146.00 62.00 407.00 459.00 255.00 0
2009_000811 -0.5008 306.00 124.00 486.00 350.00 180.00 0
2009_000811 -0.7134 29.00 137.00 200.00 354.00 180.00 0
2009_000811 -0.8417 299.00 87.00 432.00 267.00 45.00 0
2009_000811 -1.0779 336.00 58.00 397.00 143.00 150.00 0
2009_000811 -0.9758 58.00 92.00 135.00 193.00 150.00 0
2009_000811 -1.1265 81.00 62.00 148.00 147.00 210.00 0
2009_000811 -1.0784 1.00 21.00 55.00 101.00 150.00 0
2009_000811 -1.3672 33.00 11.00 69.00 75.00 150.00 0
2009_000851 0.1543 52.00 1.00 407.00 336.00 255.00 0
2009_000851 -0.4164 355.00 1.00 500.00 330.00 0.00 0
2009_000928 -0.5078 1.00 78.00 370.00 500.00 0.00 0
2009_000939 -1.1698 82.00 180.00 120.00 242.00 75.00 0
2009_001000 -1.5431 28.00 75.00 46.00 117.00 150.00 0
2009_001000 -0.0176 105.00 36.00 183.00 121.00 120.00 0
2009_001021 -0.2734 62.00 320.00 145.00 470.00 270.00 0
2009_001021 -0.4060 1.00 342.00 93.00 500.00 300.00 0
2009_001028 -0.5528 302.00 246.00 441.00 434.00 180.00 0
2009_001028 -0.7225 26.00 244.00 169.00 434.00 270.00 0
2009_001038 -0.2901 79.00 75.00 318.00 434.00 180.00 0
2009_001057 -0.5669 293.00 70.00 500.00 324.00 45.00 0
2009_001243 -0.6858 83.00 16.00 424.00 375.00 270.00 0
2009_001249 -0.6988 332.00 177.00 407.00 259.00 105.00 0
2009_001249 -0.4993 318.00 176.00 383.00 247.00 105.00 0
2009_001249 -1.1409 218.00 196.00 288.00 279.00 150.00 0
2009_001249 -0.9408 101.00 181.00 178.00 259.00 30.00 0
2009_001249 -0.6930 115.00 176.00 182.00 245.00 255.00 0
2009_001299 -0.7370 32.00 95.00 197.00 295.00 60.00 0
2009_001299 -0.8373 194.00 98.00 331.00 287.00 195.00 0
2009_001299 -0.9949 330.00 96.00 480.00 291.00 105.00 0
2009_001299 -1.1027 476.00 95.00 500.00 290.00 270.00 0
2009_001313 -0.4032 33.00 176.00 142.00 289.00 270.00 0
2009_001313 -0.3941 366.00 156.00 486.00 265.00 180.00 0
2009_001371 -0.4381 365.00 63.00 467.00 259.00 180.00 0
2009_001371 -0.1085 161.00 66.00 284.00 269.00 255.00 0
2009_001371 -0.3327 26.00 77.00 137.00 293.00 255.00 0
2009_001398 -1.4879 80.00 282.00 143.00 308.00 150.00 0
2009_001398 -1.5119 190.00 295.00 211.00 329.00 150.00 0
2009_001398 -1.5080 201.00 313.00 218.00 359.00 150.00 0
2009_001398 -1.4017 3.00 383.00 128.00 464.00 195.00 0
2009_001426 -0.9631 383.00 182.00 479.00 254.00 120.00 0
2009_001426 -0.5483 157.00 191.00 238.00 375.00 255.00 0
2009_001426 -1.3030 249.00 137.00 278.00 198.00 150.00 0
2009_001426 -0.9932 68.00 127.00 139.00 193.00 60.00 0
2009_001426 -0.9378 1.00 171.00 54.00 254.00 240.00 0
2009_001431 0.0806 38.00 40.00 307.00 473.00 180.00 0
2009_001437 -1.0312 78.00 167.00 188.00 273.00 135.00 0
2009_001437 -1.4031 230.00 149.00 266.00 185.00 150.00 0
2009_001440 -0.9785 1.00 131.00 48.00 263.00 195.00 0
2009_001447 -0.7967 1.00 238.00 203.00 375.00 210.00 0
2009_001447 -0.8920 435.00 211.00 484.00 280.00 240.00 0
2009_001447 -0.9900 270.00 209.00 442.00 279.00 30.00 0
2009_001490 -0.2674 4.00 56.00 418.00 375.00 195.00 0
2009_001575 -0.4942 242.00 271.00 368.00 397.00 240.00 0
2009_001621 -0.9017 111.00 122.00 240.00 262.00 150.00 0
2009_001623 -0.1948 159.00 1.00 222.00 158.00 180.00 0
2009_001623 -0.3896 49.00 1.00 175.00 226.00 240.00 0
2009_001754 -0.6313 262.00 259.00 412.00 375.00 120.00 0
2009_001754 -0.5134 304.00 216.00 407.00 321.00 15.00 0
2009_001754 -1.2313 259.00 204.00 294.00 236.00 150.00 0
2009_001754 -0.0192 122.00 233.00 243.00 375.00 255.00 0
2009_001754 0.0421 94.00 215.00 192.00 361.00 255.00 0
2009_001754 -1.4376 145.00 194.00 198.00 224.00 150.00 0
2009_001754 -0.0183 1.00 207.00 81.00 303.00 240.00 0
2009_001775 -0.1091 1.00 170.00 193.00 415.00 255.00 0
2009_001784 -0.1488 20.00 1.00 375.00 500.00 0.00 0
2009_001848 -0.8117 316.00 216.00 375.00 315.00 255.00 0
2009_001864 -0.9581 294.00 216.00 353.00 326.00 210.00 0
2009_001976 -0.5614 212.00 175.00 311.00 334.00 225.00 0
2009_002003 0.5630 116.00 30.00 255.00 246.00 255.00 0
2009_002003 0.1715 291.00 25.00 406.00 252.00 180.00 0
2009_002055 0.1899 240.00 228.00 341.00 375.00 120.00 0
2009_002055 0.3201 114.00 237.00 227.00 375.00 240.00 0
2009_002055 -0.8396 85.00 210.00 129.00 367.00 270.00 0
2009_002055 -1.3680 234.00 212.00 274.00 256.00 150.00 0
2009_002055 -0.8117 4.00 205.00 46.00 316.00 120.00 0
2009_002078 -1.2512 268.00 68.00 319.00 194.00 150.00 0
2009_002078 -1.3603 169.00 63.00 213.00 106.00 150.00 0
2009_002078 -1.2819 127.00 79.00 168.00 118.00 150.00 0
2009_002078 -0.7158 87.00 85.00 145.00 225.00 270.00 0
2009_002078 -0.3204 35.00 96.00 118.00 253.00 255.00 0
2009_002078 -0.1377 100.00 129.00 251.00 338.00 240.00 0
2009_002078 -0.7215 377.00 65.00 439.00 176.00 120.00 0
2009_002078 -0.6898 369.00 83.00 421.00 167.00 120.00 0
2009_002078 -0.2039 315.00 92.00 429.00 257.00 0.00 0
2009_002078 0.7047 297.00 101.00 430.00 307.00 105.00 0
2009_002111 -0.3791 1.00 235.00 368.00 476.00 330.00 0
2009_002139 -0.5623 399.00 220.00 463.00 335.00 120.00 0
2009_002139 -0.9956 70.00 220.00 184.00 330.00 210.00 0
2009_002169 -0.9091 318.00 46.00 370.00 130.00 60.00 0
2009_002169 -1.0625 15.00 45.00 68.00 135.00 150.00 0
2009_002169 -1.2388 1.00 91.00 34.00 207.00 150.00 0
2009_002169 -1.0122 39.00 333.00 351.00 500.00 150.00 0
2009_002169 -1.5109 142.00 21.00 236.00 45.00 150.00 0
2009_002208 -0.8754 283.00 184.00 389.00 339.00 105.00 0
2009_002208 -0.5645 18.00 174.00 136.00 315.00 120.00 0
2009_002208 -1.0000 106.00 163.00 183.00 283.00 150.00 0
2009_002208 -0.7245 141.00 201.00 253.00 329.00 240.00 0
2009_002252 -0.1017 55.00 32.00 290.00 457.00 0.00 0
2009_002257 -0.4291 1.00 224.00 399.00 500.00 180.00 0
2009_002325 -0.6609 385.00 191.00 500.00 294.00 120.00 0
2009_002325 -0.6151 338.00 179.00 434.00 259.00 15.00 0
2009_002328 -0.3098 1.00 18.00 116.00 143.00 240.00 0
2009_002346 -0.5718 373.00 112.00 500.00 375.00 15.00 0
2009_002374 -0.0896 1.00 1.00 375.00 500.00 255.00 0
2009_002415 -0.4002 70.00 25.00 346.00 500.00 105.00 0
2009_002433 -1.9247 305.00 194.00 340.00 201.00 150.00 0
2009_002433 -1.5567 384.00 201.00 417.00 228.00 150.00 0
2009_002433 -1.2242 390.00 224.00 412.00 311.00 150.00 0
2009_002433 -1.1213 333.00 231.00 392.00 320.00 150.00 0
2009_002433 -0.7299 287.00 247.00 376.00 333.00 30.00 0
2009_002433 -1.0676 198.00 283.00 288.00 333.00 30.00 0
2009_002433 -0.7618 70.00 254.00 178.00 333.00 225.00 0
2009_002444 -1.0340 65.00 335.00 128.00 500.00 210.00 0
2009_002444 -0.5854 91.00 324.00 236.00 500.00 330.00 0
2009_002444 -0.9429 228.00 304.00 328.00 369.00 210.00 0
2009_002444 -0.8419 134.00 322.00 224.00 400.00 195.00 0
2009_002471 -0.7121 1.00 248.00 169.00 375.00 240.00 0
2009_002471 -0.8569 184.00 291.00 316.00 375.00 210.00 0
2009_002471 -1.2775 1.00 201.00 32.00 249.00 150.00 0
2009_002471 -1.4035 123.00 165.00 171.00 193.00 150.00 0
2009_002471 -1.0918 183.00 144.00 226.00 203.00 150.00 0
2009_002471 -1.6028 421.00 143.00 447.00 168.00 150.00 0
2009_002471 -1.6122 301.00 133.00 332.00 153.00 150.00 0
2009_002471 -1.0357 171.00 142.00 241.00 195.00 330.00 0
2009_002487 -0.4776 172.00 150.00 242.00 284.00 270.00 0
2009_002487 -0.6643 255.00 151.00 338.00 291.00 45.00 0
2009_002487 0.9365 279.00 171.00 382.00 333.00 105.00 0
2009_002487 0.8214 102.00 160.00 193.00 319.00 255.00 0
2009_002537 -1.0119 300.00 256.00 367.00 359.00 330.00 0
2009_002546 -0.9827 213.00 262.00 279.00 320.00 255.00 0
2009_002546 -0.7770 102.00 274.00 189.00 344.00 330.00 0
2009_002546 -1.2089 451.00 332.00 500.00 375.00 150.00 0
2009_002571 -0.1763 228.00 29.00 329.00 195.00 255.00 0
2009_002571 -0.4554 352.00 1.00 478.00 205.00 180.00 0
2009_002634 -1.3184 427.00 328.00 470.00 375.00 150.00 0
2009_002634 -1.3269 402.00 308.00 439.00 366.00 210.00 0
2009_002634 -0.4459 356.00 299.00 421.00 348.00 330.00 0
2009_002634 -1.4682 352.00 351.00 420.00 375.00 150.00 0
2009_002634 -1.2112 346.00 328.00 383.00 375.00 210.00 0
2009_002634 -1.5422 309.00 312.00 339.00 351.00 120.00 0
2009_002634 -1.5920 283.00 303.00 312.00 338.00 120.00 0
2009_002634 -1.3448 204.00 344.00 274.00 375.00 150.00 0
2009_002634 -1.0969 189.00 328.00 243.00 369.00 150.00 0
2009_002634 -1.1507 171.00 311.00 223.00 368.00 210.00 0
2009_002634 -0.9210 85.00 321.00 136.00 373.00 150.00 0
2009_002634 -1.2683 48.00 337.00 121.00 375.00 150.00 0
2009_002663 -0.6995 182.00 270.00 357.00 375.00 120.00 0
2009_002663 -0.8109 340.00 221.00 459.00 375.00 120.00 0
2009_002663 -0.2786 377.00 182.00 475.00 375.00 15.00 0
2009_002663 -0.8185 104.00 142.00 176.00 214.00 225.00 0
2009_002663 -0.8926 1.00 152.00 53.00 242.00 255.00 0
2009_002663 -0.6273 301.00 144.00 376.00 204.00 30.00 0
2009_002683 -0.6481 128.00 229.00 257.00 355.00 330.00 0
2009_002683 -0.6071 1.00 339.00 143.00 400.00 330.00 0
2009_002698 -0.3176 274.00 267.00 361.00 413.00 105.00 0
2009_002743 -0.8656 1.00 198.00 97.00 375.00 270.00 0
2009_002743 0.2479 316.00 197.00 456.00 375.00 255.00 0
2009_002743 -1.0208 351.00 150.00 441.00 235.00 60.00 0
2009_002743 -0.7490 287.00 97.00 351.00 181.00 240.00 0
2009_002743 -1.5464 401.00 95.00 431.00 133.00 150.00 0
2009_002744 -0.6862 16.00 107.00 81.00 218.00 180.00 0
2009_002755 -0.0738 131.00 40.00 361.00 374.00 180.00 0
2009_002762 -0.5220 106.00 58.00 480.00 340.00 60.00 0
2009_002785 -0.4983 18.00 130.00 135.00 299.00 105.00 0
2009_002790 -1.0150 123.00 117.00 217.00 203.00 300.00 0
2009_002816 -0.5262 4.00 314.00 174.00 500.00 180.00 0
2009_002816 -0.4192 159.00 301.00 305.00 500.00 180.00 0
2009_002816 -0.5953 268.00 308.00 375.00 500.00 240.00 0
2009_002841 -1.6564 212.00 395.00 229.00 433.00 150.00 0
2009_002978 -0.9179 257.00 276.00 429.00 375.00 30.00 0
2009_002978 -0.9835 319.00 227.00 391.00 307.00 195.00 0
2009_002978 -0.9978 244.00 205.00 313.00 278.00 210.00 0
2009_002978 -1.0506 98.00 211.00 165.00 273.00 0.00 0
2009_002978 0.1435 35.00 252.00 194.00 375.00 255.00 0
2009_002978 -0.1652 10.00 230.00 148.00 365.00 255.00 0
2009_002995 -0.7698 301.00 54.00 430.00 277.00 135.00 0
2009_002995 -0.9018 1.00 88.00 66.00 266.00 285.00 0
2009_003071 -0.4007 17.00 118.00 158.00 330.00 240.00 0
2009_003071 -0.6920 387.00 110.00 500.00 190.00 15.00 0
2009_003098 -0.7352 1.00 1.00 129.00 106.00 105.00 0
2009_003110 -0.3286 300.00 43.00 481.00 297.00 315.00 0
2009_003123 -1.0184 1.00 230.00 78.00 286.00 120.00 0
2009_003140 -0.1971 247.00 205.00 409.00 375.00 105.00 0
2009_003150 0.4488 399.00 230.00 495.00 327.00 120.00 0
2009_003150 -0.5656 315.00 248.00 413.00 331.00 105.00 0
2009_003150 -0.1991 213.00 258.00 308.00 331.00 240.00 0
2009_003150 -0.8529 152.00 191.00 216.00 299.00 240.00 0
2009_003191 -1.0067 313.00 305.00 351.00 483.00 285.00 0
2009_003198 -0.6407 220.00 227.00 385.00 375.00 30.00 0
2009_003198 -0.6955 16.00 248.00 198.00 375.00 285.00 0
2009_003198 -1.0489 1.00 240.00 75.00 375.00 300.00 0
2009_003198 -1.0566 91.00 168.00 144.00 222.00 150.00 0
2009_003198 -1.0667 154.00 183.00 214.00 232.00 150.00 0
2009_003198 -1.1103 225.00 186.00 296.00 245.00 150.00 0
2009_003198 -1.1991 1.00 187.00 65.00 249.00 330.00 0
2009_003251 -1.3777 282.00 122.00 341.00 148.00 150.00 0
2009_003251 -0.7363 416.00 111.00 500.00 350.00 60.00 0
2009_003251 -0.4496 1.00 259.00 187.00 375.00 240.00 0
2009_003251 -0.7327 55.00 91.00 105.00 197.00 225.00 0
2009_003320 -0.5104 1.00 220.00 305.00 500.00 30.00 0
2009_003351 -1.3753 272.00 285.00 298.00 332.00 150.00 0
2009_003415 -0.6026 101.00 16.00 399.00 222.00 135.00 0
2009_003415 -0.8655 1.00 1.00 130.00 186.00 240.00 0
2009_003440 -1.5792 171.00 359.00 232.00 374.00 150.00 0
2009_003440 -0.5123 206.00 280.00 266.00 374.00 300.00 0
2009_003440 -0.4051 166.00 213.00 228.00 286.00 180.00 0
2009_003440 -0.9194 245.00 214.00 306.00 285.00 180.00 0
2009_003440 -1.1706 93.00 200.00 160.00 268.00 300.00 0
2009_003440 -0.9385 116.00 192.00 171.00 250.00 210.00 0
2009_003494 -0.5345 137.00 287.00 301.00 500.00 180.00 0
2009_003494 -0.2382 1.00 313.00 103.00 477.00 255.00 0
2009_003494 -0.9609 176.00 307.00 273.00 444.00 150.00 0
2009_003507 -0.2032 252.00 308.00 334.00 468.00 240.00 0
2009_003507 -0.0453 136.00 308.00 249.00 500.00 240.00 0
2009_003507 -0.2593 118.00 340.00 281.00 500.00 240.00 0
2009_003508 -1.3695 358.00 127.00 387.00 166.00 150.00 0
2009_003508 -1.5582 362.00 156.00 390.00 191.00 150.00 0
2009_003508 -1.2108 456.00 255.00 500.00 320.00 60.00 0
2009_003508 -1.1086 413.00 226.00 455.00 280.00 120.00 0
2009_003508 -1.2567 413.00 194.00 448.00 245.00 150.00 0
2009_003508 -1.1955 344.00 172.00 378.00 217.00 150.00 0
2009_003508 -1.3168 355.00 237.00 390.00 289.00 150.00 0
2009_003508 -1.4012 312.00 165.00 340.00 214.00 150.00 0
2009_003508 -1.1428 324.00 265.00 359.00 318.00 150.00 0
2009_003508 -1.1787 286.00 292.00 327.00 346.00 120.00 0
2009_003508 -1.1911 238.00 314.00 274.00 370.00 150.00 0
2009_003508 -0.9652 198.00 314.00 236.00 375.00 150.00 0
2009_003508 -1.1320 258.00 237.00 292.00 293.00 150.00 0
2009_003508 -1.3556 220.00 180.00 249.00 230.00 150.00 0
2009_003508 -1.1994 230.00 136.00 261.00 181.00 150.00 0
2009_003508 -1.5212 174.00 125.00 199.00 164.00 150.00 0
2009_003508 -1.4435 144.00 143.00 169.00 195.00 150.00 0
2009_003508 -1.1024 154.00 212.00 188.00 266.00 150.00 0
2009_003544 -0.7649 78.00 130.00 258.00 440.00 210.00 0
2009_003554 -1.0285 386.00 166.00 470.00 253.00 150.00 0
2009_003671 -0.8209 312.00 199.00 500.00 312.00 330.00 0
2009_003671 -0.2820 411.00 114.00 500.00 221.00 15.00 0
2009_003726 -1.6768 1.00 282.00 13.00 316.00 150.00 0
2009_003726 -1.3924 7.00 280.00 30.00 315.00 150.00 0
2009_003726 -1.5166 26.00 281.00 46.00 314.00 150.00 0
2009_003759 -1.0390 91.00 181.00 131.00 289.00 270.00 0
2009_003759 -0.5159 119.00 195.00 199.00 316.00 240.00 0
2009_003759 -0.6209 180.00 208.00 270.00 331.00 225.00 0
2009_003759 -0.4133 225.00 180.00 289.00 294.00 120.00 0
2009_003759 -1.3672 219.00 172.00 253.00 206.00 150.00 0
2009_003759 -1.4956 125.00 163.00 171.00 188.00 150.00 0
2009_003813 0.0177 39.00 50.00 324.00 456.00 255.00 0
2009_003835 -0.3911 320.00 213.00 396.00 316.00 180.00 0
2009_003835 0.4546 248.00 201.00 313.00 304.00 255.00 0
2009_003840 -1.0167 56.00 322.00 213.00 375.00 120.00 0
2009_003840 -0.5484 204.00 244.00 296.00 375.00 15.00 0
2009_003840 -0.6814 20.00 232.00 94.00 277.00 330.00 0
2009_003849 0.3224 355.00 191.00 498.00 375.00 120.00 0
2009_003884 -0.3644 89.00 197.00 303.00 488.00 270.00 0
2009_003884 -0.6908 1.00 171.00 127.00 381.00 270.00 0
2009_003884 -0.5258 127.00 156.00 219.00 272.00 270.00 0
2009_003884 -0.6954 119.00 148.00 189.00 239.00 270.00 0
2009_003895 -1.0701 1.00 63.00 115.00 131.00 330.00 0
2009_003973 0.0940 398.00 176.00 480.00 303.00 15.00 0
2009_003973 -1.0318 290.00 175.00 333.00 269.00 150.00 0
2009_003973 -0.6726 191.00 182.00 274.00 302.00 240.00 0
2009_003973 -0.0249 119.00 186.00 227.00 325.00 255.00 0
2009_003973 0.2553 74.00 212.00 227.00 372.00 255.00 0
2009_003973 0.3498 302.00 185.00 388.00 325.00 120.00 0
2009_003973 0.2329 252.00 193.00 365.00 372.00 105.00 0
2009_003991 -0.7308 207.00 120.00 329.00 342.00 300.00 0
2009_004032 -1.0764 91.00 81.00 131.00 145.00 150.00 0
2009_004032 -1.4741 123.00 82.00 136.00 149.00 150.00 0
2009_004092 -0.1022 230.00 177.00 452.00 375.00 120.00 0
2009_004092 -0.8227 68.00 88.00 199.00 222.00 60.00 0
2009_004129 -0.7043 170.00 123.00 322.00 328.00 240.00 0
2009_004131 -0.1991 143.00 204.00 390.00 372.00 255.00 0
2009_004131 0.3815 77.00 157.00 252.00 375.00 255.00 0
2009_004131 0.0518 391.00 142.00 495.00 335.00 120.00 0
2009_004140 -1.2078 189.00 167.00 251.00 237.00 195.00 0
2009_004140 -0.3893 99.00 180.00 211.00 327.00 225.00 0
2009_004140 -0.9526 305.00 185.00 390.00 340.00 15.00 0
2009_004140 0.3931 60.00 206.00 248.00 375.00 255.00 0
2009_004140 -0.1364 285.00 218.00 500.00 375.00 105.00 0
2009_004148 -0.3927 101.00 269.00 212.00 462.00 15.00 0
2009_004152 -1.4408 128.00 144.00 144.00 204.00 150.00 0
2009_004152 -1.4107 321.00 152.00 343.00 239.00 150.00 0
2009_004217 -0.8500 115.00 251.00 215.00 415.00 270.00 0
2009_004243 -0.5951 67.00 169.00 191.00 333.00 45.00 0
2009_004263 -0.6815 1.00 197.00 128.00 458.00 255.00 0
2009_004263 -1.0690 356.00 197.00 500.00 458.00 75.00 0
2009_004263 -0.9331 293.00 211.00 373.00 298.00 300.00 0
2009_004263 -1.0887 116.00 211.00 181.00 301.00 330.00 0
2009_004359 -0.9007 1.00 57.00 106.00 375.00 210.00 0
2009_004377 -0.1061 61.00 122.00 353.00 374.00 345.00 0
2009_004404 -0.7180 238.00 369.00 333.00 500.00 120.00 0
2009_004419 -0.3248 74.00 232.00 370.00 375.00 255.00 0
2009_004419 -0.8256 105.00 164.00 173.00 215.00 330.00 0
2009_004419 -1.0104 49.00 192.00 106.00 293.00 255.00 0
2009_004499 -1.2377 290.00 54.00 339.00 126.00 120.00 0
2009_004499 -0.3372 185.00 64.00 305.00 308.00 120.00 0
2009_004499 -0.8878 1.00 113.00 38.00 266.00 195.00 0
2009_004499 0.7989 19.00 73.00 186.00 359.00 255.00 0
2009_004499 -0.0584 216.00 80.00 374.00 354.00 120.00 0
2009_004499 -0.1730 363.00 67.00 471.00 308.00 180.00 0
2009_004532 -1.0144 360.00 215.00 500.00 375.00 120.00 0
2009_004532 -0.8330 3.00 139.00 137.00 261.00 210.00 0
2009_004532 -1.1541 139.00 126.00 236.00 200.00 210.00 0
2009_004532 -0.9623 385.00 121.00 485.00 209.00 120.00 0
2009_004536 0.3304 19.00 17.00 307.00 479.00 15.00 0
2009_004537 0.2125 35.00 297.00 171.00 490.00 240.00 0
2009_004687 -1.1246 403.00 197.00 500.00 300.00 120.00 0
2009_004718 -0.6846 88.00 70.00 395.00 372.00 120.00 0
2009_004720 -0.4395 3.00 293.00 185.00 375.00 210.00 0
2009_004720 -0.9803 270.00 19.00 349.00 94.00 195.00 0
2009_004720 -0.7724 390.00 19.00 470.00 141.00 150.00 0
2009_004720 -1.0045 99.00 21.00 177.00 107.00 255.00 0
2009_004746 0.8961 30.00 46.00 225.00 382.00 180.00 0
2009_004769 -0.7732 90.00 415.00 249.00 500.00 150.00 0
2009_004769 -0.5872 275.00 395.00 375.00 500.00 120.00 0
2009_004769 -1.4410 33.00 328.00 125.00 357.00 60.00 0
2009_004784 -1.0533 152.00 218.00 264.00 332.00 45.00 0
2009_004784 -1.1213 306.00 276.00 371.00 332.00 210.00 0
2009_004784 -0.6804 435.00 85.00 500.00 164.00 240.00 0
2009_004823 -0.6738 110.00 211.00 236.00 343.00 330.00 0
2009_004849 -0.6057 101.00 158.00 219.00 318.00 120.00 0
2009_004859 -0.9001 2.00 25.00 129.00 375.00 300.00 0
2009_004869 0.0732 111.00 18.00 473.00 333.00 15.00 0
2009_004922 -0.4649 81.00 123.00 261.00 334.00 240.00 0
2009_004974 -1.2694 123.00 88.00 267.00 168.00 0.00 0
2009_005062 -0.7086 39.00 172.00 186.00 399.00 135.00 0
2009_005079 -0.4488 21.00 1.00 342.00 500.00 30.00 0
2009_005080 -0.2828 287.00 164.00 370.00 278.00 135.00 0
2009_005080 -0.9954 1.00 163.00 61.00 217.00 330.00 0
2009_005080 -0.7503 98.00 231.00 232.00 375.00 330.00 0
2009_005080 -0.7974 80.00 207.00 185.00 375.00 330.00 0
2009_005165 -0.2231 250.00 293.00 375.00 500.00 15.00 0
2009_005165 -0.4486 1.00 99.00 106.00 323.00 240.00 0
2009_005171 -0.6970 291.00 293.00 477.00 375.00 45.00 0
2009_005171 -1.1215 434.00 216.00 500.00 281.00 120.00 0
2009_005171 -0.2812 267.00 217.00 327.00 303.00 300.00 0
2009_005171 -0.3307 149.00 174.00 260.00 375.00 105.00 0
2009_005171 -0.0870 4.00 181.00 145.00 375.00 120.00 0
2009_005202 -0.9019 322.00 227.00 500.00 375.00 135.00 0
2009_005202 -0.0653 30.00 168.00 250.00 375.00 240.00 0
2009_005202 -0.8895 250.00 53.00 321.00 102.00 150.00 0
2009_005202 0.0170 278.00 102.00 430.00 291.00 105.00 0
2009_005202 -0.3000 28.00 69.00 111.00 160.00 300.00 0
2009_005204 -0.1136 1.00 133.00 332.00 500.00 255.00 0
2009_005205 -1.6721 119.00 145.00 143.00 169.00 150.00 0
2009_005205 -1.6073 276.00 147.00 299.00 174.00 150.00 0
2009_005205 -1.1683 282.00 170.00 318.00 246.00 150.00 0
2009_005205 -1.2281 98.00 165.00 132.00 245.00 150.00 0
2009_005205 -1.0540 53.00 215.00 111.00 320.00 285.00 0
2009_005205 -0.9250 298.00 220.00 359.00 323.00 60.00 0
2009_005205 -0.5697 6.00 265.00 194.00 500.00 240.00 0
2009_005205 -0.7950 204.00 298.00 375.00 500.00 135.00 0
2009_005216 0.0051 1.00 16.00 333.00 500.00 255.00 0
2009_005257 -0.5841 295.00 214.00 440.00 374.00 225.00 0
2009_005257 -0.4772 50.00 199.00 177.00 324.00 285.00 0
2009_005286 -1.1624 267.00 141.00 350.00 215.00 30.00 0
2009_005286 -0.4368 310.00 141.00 431.00 226.00 120.00 0
2009_005288 -0.8442 1.00 208.00 78.00 336.00 300.00 0
2009_005300 -0.8744 222.00 263.00 339.00 461.00 210.00 0
2010_000003 -0.5676 17.00 52.00 455.00 375.00 120.00 0
2010_000015 -0.8367 342.00 32.00 500.00 375.00 150.00 0
2010_000090 -0.4679 11.00 1.00 464.00 375.00 120.00 0
2010_000178 -0.9278 321.00 237.00 430.00 338.00 60.00 0
2010_000178 -1.0127 153.00 296.00 215.00 364.00 60.00 0
2010_000178 -0.6641 191.00 250.00 306.00 372.00 300.00 0
2010_000349 -0.8616 72.00 198.00 112.00 278.00 120.00 0
2010_000384 -0.5099 23.00 1.00 421.00 333.00 105.00 0
2010_000431 -0.0563 3.00 243.00 146.00 490.00 105.00 0
2010_000435 -0.8351 164.00 205.00 311.00 363.00 120.00 0
2010_000435 -0.9721 379.00 183.00 500.00 307.00 120.00 0
2010_000470 -0.3122 248.00 13.00 375.00 291.00 180.00 0
2010_000485 -0.2337 47.00 168.00 292.00 488.00 0.00 0
2010_000497 -0.4867 40.00 1.00 234.00 221.00 240.00 0
2010_000497 -0.4084 4.00 1.00 141.00 219.00 90.00 0
2010_000602 -1.1918 300.00 127.00 343.00 184.00 150.00 0
2010_000639 -0.5442 1.00 1.00 113.00 304.00 195.00 0
2010_000646 -0.7794 1.00 272.00 123.00 375.00 300.00 0
2010_000646 -0.8752 124.00 178.00 197.00 282.00 225.00 0
2010_000669 -1.0085 53.00 267.00 122.00 316.00 0.00 0
2010_000669 -1.1628 1.00 314.00 111.00 374.00 270.00 0
2010_000705 -0.9074 317.00 207.00 448.00 307.00 195.00 0
2010_000754 -0.2089 13.00 233.00 139.00 333.00 240.00 0
2010_000754 -0.7163 185.00 234.00 335.00 333.00 120.00 0
2010_000754 -0.1355 284.00 216.00 406.00 333.00 120.00 0
2010_000754 -0.1439 284.00 194.00 382.00 333.00 120.00 0
2010_000754 -1.2934 81.00 205.00 155.00 236.00 270.00 0
2010_000761 -0.5153 78.00 8.00 356.00 288.00 120.00 0
2010_000821 0.3136 249.00 202.00 340.00 375.00 255.00 0
2010_000821 -1.1261 399.00 195.00 459.00 255.00 60.00 0
2010_000821 -0.7039 335.00 239.00 453.00 375.00 225.00 0
2010_000968 -0.7980 25.00 138.00 233.00 355.00 120.00 0
2010_001188 -0.8057 1.00 290.00 160.00 374.00 105.00 0
2010_001189 -0.8467 52.00 174.00 166.00 300.00 120.00 0
2010_001216 -0.5656 358.00 1.00 500.00 265.00 15.00 0
2010_001343 -1.0855 54.00 172.00 142.00 243.00 210.00 0
2010_001343 -0.9487 266.00 207.00 333.00 297.00 120.00 0
2010_001343 -0.3539 1.00 222.00 117.00 456.00 255.00 0
2010_001343 -0.0577 11.00 266.00 174.00 500.00 240.00 0
2010_001455 -0.1989 115.00 305.00 224.00 442.00 15.00 0
2010_001455 -0.3339 15.00 301.00 122.00 464.00 240.00 0
2010_001455 -0.8856 97.00 305.00 151.00 434.00 120.00 0
2010_001528 -0.6790 388.00 228.00 493.00 375.00 120.00 0
2010_001535 -0.0100 367.00 97.00 500.00 251.00 255.00 0
2010_001535 0.2375 307.00 116.00 490.00 303.00 255.00 0
2010_001574 -0.1532 54.00 119.00 134.00 219.00 180.00 0
2010_001574 0.3688 125.00 124.00 214.00 250.00 180.00 0
2010_001579 -0.6489 291.00 177.00 336.00 245.00 240.00 0
2010_001680 -0.6116 1.00 1.00 146.00 133.00 300.00 0
2010_001682 -0.5175 384.00 124.00 472.00 296.00 15.00 0
2010_001682 -0.8424 165.00 121.00 230.00 199.00 120.00 0
2010_001699 -0.4639 258.00 84.00 421.00 358.00 300.00 0
2010_001712 -0.9663 22.00 236.00 93.00 375.00 150.00 0
2010_001731 -0.0424 109.00 37.00 385.00 469.00 15.00 0
2010_001823 0.2486 127.00 333.00 235.00 500.00 255.00 0
2010_001823 -0.1018 239.00 366.00 333.00 500.00 255.00 0
2010_001851 -0.3768 37.00 211.00 131.00 355.00 255.00 0
2010_001851 -0.6069 218.00 199.00 309.00 337.00 105.00 0
2010_001857 -0.7339 57.00 210.00 258.00 414.00 210.00 0
2010_001862 -0.7942 202.00 95.00 456.00 375.00 150.00 0
2010_002017 -0.3427 309.00 52.00 500.00 375.00 240.00 0
2010_002050 -0.1888 1.00 1.00 135.00 223.00 270.00 0
2010_002086 -0.6280 3.00 1.00 500.00 333.00 105.00 0
2010_002199 -0.1812 219.00 254.00 306.00 350.00 255.00 0
2010_002211 -0.8311 121.00 407.00 212.00 470.00 210.00 0
2010_002319 0.3677 26.00 150.00 239.00 385.00 255.00 0
2010_002336 -0.3256 172.00 144.00 375.00 496.00 120.00 0
2010_002336 -0.4957 1.00 156.00 157.00 412.00 255.00 0
2010_002336 -0.8837 195.00 103.00 323.00 357.00 180.00 0
2010_002336 -0.1029 24.00 138.00 195.00 340.00 255.00 0
2010_002337 -0.2051 1.00 101.00 223.00 321.00 315.00 0
2010_002366 -0.3155 183.00 331.00 309.00 453.00 15.00 0
2010_002366 -1.1445 89.00 308.00 149.00 349.00 330.00 0
2010_002366 -0.0927 1.00 326.00 123.00 500.00 240.00 0
2010_002366 0.7615 143.00 354.00 303.00 500.00 15.00 0
2010_002370 -0.7499 170.00 224.00 325.00 375.00 255.00 0
2010_002370 -0.7226 184.00 191.00 293.00 320.00 315.00 0
2010_002370 -0.7578 201.00 172.00 282.00 249.00 60.00 0
2010_002370 -1.1581 122.00 163.00 188.00 238.00 285.00 0
2010_002370 -0.8457 8.00 162.00 75.00 236.00 225.00 0
2010_002383 -0.6868 139.00 142.00 271.00 317.00 270.00 0
2010_002538 -0.9983 238.00 336.00 305.00 407.00 240.00 0
2010_002538 -0.9446 154.00 336.00 220.00 406.00 240.00 0
2010_002603 -0.4339 235.00 248.00 375.00 500.00 60.00 0
2010_002603 -0.8516 6.00 237.00 107.00 422.00 240.00 0
2010_002605 -0.2244 117.00 44.00 335.00 346.00 180.00 0
2010_002605 -0.0941 272.00 176.00 375.00 433.00 255.00 0
2010_002605 0.5388 31.00 200.00 177.00 449.00 255.00 0
2010_002605 -0.7759 96.00 246.00 165.00 395.00 315.00 0
2010_002639 -1.2634 210.00 120.00 269.00 163.00 150.00 0
2010_002639 -0.7084 18.00 174.00 123.00 315.00 330.00 0
2010_002639 -0.7795 10.00 236.00 155.00 375.00 225.00 0
2010_002639 -0.9977 253.00 151.00 311.00 196.00 120.00 0
2010_002639 -0.6558 357.00 174.00 435.00 243.00 210.00 0
2010_002639 -0.3667 312.00 279.00 485.00 375.00 150.00 0
2010_002693 -0.8265 1.00 270.00 203.00 500.00 60.00 0
2010_002721 -0.8095 382.00 64.00 471.00 281.00 120.00 0
2010_002721 0.0401 222.00 152.00 473.00 375.00 120.00 0
2010_002721 0.0962 1.00 133.00 231.00 375.00 255.00 0
2010_002728 0.9499 135.00 174.00 276.00 373.00 240.00 0
2010_002728 0.2270 277.00 166.00 413.00 368.00 120.00 0
2010_002877 -1.2029 95.00 195.00 141.00 302.00 240.00 0
2010_002877 -0.9016 340.00 213.00 414.00 338.00 105.00 0
2010_002877 -0.3364 118.00 211.00 192.00 336.00 180.00 0
2010_002877 -0.6826 197.00 226.00 268.00 338.00 105.00 0
2010_002881 -0.2454 54.00 106.00 250.00 331.00 255.00 0
2010_002921 -0.2511 121.00 255.00 336.00 374.00 255.00 0
2010_002921 -0.5363 1.00 210.00 117.00 374.00 225.00 0
2010_002958 -0.5852 168.00 195.00 332.00 447.00 0.00 0
2010_002958 -0.5079 1.00 114.00 255.00 384.00 120.00 0
2010_003103 -0.3439 6.00 229.00 230.00 450.00 255.00 0
2010_003154 -0.2575 147.00 288.00 271.00 375.00 240.00 0
2010_003154 -0.4584 289.00 270.00 402.00 375.00 105.00 0
2010_003154 -0.3331 144.00 246.00 240.00 375.00 315.00 0
2010_003154 -0.7774 273.00 239.00 330.00 348.00 120.00 0
2010_003302 -0.3485 184.00 212.00 366.00 375.00 15.00 0
2010_003302 -0.7770 31.00 206.00 157.00 375.00 345.00 0
2010_003325 -0.3229 164.00 1.00 500.00 344.00 0.00 0
2010_003379 -0.8639 351.00 242.00 500.00 375.00 240.00 0
2010_003398 -0.6195 107.00 45.00 298.00 375.00 0.00 0
2010_003401 -0.7939 112.00 211.00 275.00 333.00 210.00 0
2010_003409 -1.3793 425.00 218.00 457.00 271.00 150.00 0
2010_003409 -0.7824 271.00 232.00 320.00 312.00 240.00 0
2010_003409 -1.3120 215.00 226.00 243.00 310.00 195.00 0
2010_003520 -0.7531 281.00 447.00 375.00 500.00 210.00 0
2010_003520 0.1088 21.00 392.00 127.00 500.00 255.00 0
2010_003520 -0.8237 103.00 372.00 186.00 491.00 330.00 0
2010_003531 -0.4284 298.00 268.00 401.00 375.00 240.00 0
2010_003531 0.1199 164.00 251.00 302.00 374.00 255.00 0
2010_003531 -0.1428 88.00 245.00 176.00 374.00 255.00 0
2010_003531 0.0832 64.00 221.00 118.00 375.00 255.00 0
2010_003531 -0.8609 223.00 218.00 277.00 259.00 195.00 0
2010_003531 -1.3155 297.00 221.00 352.00 271.00 150.00 0
2010_003531 -0.8214 385.00 227.00 458.00 277.00 195.00 0
2010_003540 -1.3246 437.00 196.00 470.00 245.00 150.00 0
2010_003540 -1.1142 452.00 196.00 495.00 264.00 150.00 0
2010_003563 -0.3673 32.00 174.00 271.00 500.00 240.00 0
2010_003579 -0.2086 1.00 1.00 375.00 419.00 255.00 0
2010_003632 -1.1973 454.00 254.00 500.00 300.00 150.00 0
2010_003632 -1.1738 444.00 310.00 500.00 375.00 240.00 0
2010_003728 -0.8811 351.00 208.00 473.00 303.00 120.00 0
2010_003861 -0.5614 357.00 111.00 500.00 302.00 30.00 0
2010_003971 -0.5978 9.00 141.00 286.00 500.00 240.00 0
2010_003976 -0.5377 351.00 138.00 500.00 276.00 105.00 0
2010_004023 -0.5789 27.00 128.00 463.00 333.00 255.00 0
2010_004095 -0.4029 1.00 215.00 123.00 345.00 240.00 0
2010_004125 -1.3185 148.00 150.00 187.00 203.00 150.00 0
2010_004173 -0.7804 1.00 293.00 214.00 500.00 135.00 0
2010_004207 -0.5938 38.00 110.00 457.00 474.00 0.00 0
2010_004229 -0.3639 72.00 166.00 215.00 369.00 225.00 0
2010_004278 0.2691 283.00 78.00 493.00 357.00 105.00 0
2010_004278 -0.1790 1.00 122.00 235.00 368.00 255.00 0
2010_004278 -0.6477 15.00 18.00 187.00 190.00 255.00 0
2010_004278 -1.2432 249.00 14.00 354.00 52.00 150.00 0
2010_004345 -0.8498 387.00 167.00 500.00 335.00 135.00 0
2010_004345 -0.2423 265.00 130.00 379.00 285.00 0.00 0
2010_004387 -0.7012 130.00 1.00 267.00 175.00 0.00 0
2010_004509 -0.8437 319.00 125.00 409.00 220.00 345.00 0
2010_004509 -0.2543 247.00 123.00 329.00 220.00 0.00 0
2010_004543 -1.1156 338.00 123.00 378.00 218.00 15.00 0
2010_004753 -0.7912 47.00 1.00 500.00 375.00 15.00 0
2010_004763 -0.1023 319.00 1.00 500.00 306.00 180.00 0
2010_004763 -0.6833 1.00 128.00 169.00 295.00 195.00 0
2010_004763 -0.3007 1.00 1.00 325.00 363.00 0.00 0
2010_004763 -0.5779 349.00 35.00 441.00 271.00 0.00 0
2010_004775 0.1179 206.00 224.00 297.00 351.00 255.00 0
2010_004778 -0.8616 1.00 223.00 153.00 375.00 315.00 0
2010_004778 -0.5923 318.00 286.00 500.00 375.00 30.00 0
2010_004783 -0.1603 402.00 152.00 500.00 306.00 15.00 0
2010_004783 0.0811 1.00 179.00 115.00 347.00 240.00 0
2010_004786 -0.6438 5.00 83.00 309.00 375.00 195.00 0
2010_004786 -1.0005 31.00 110.00 155.00 201.00 300.00 0
2010_004813 -0.5073 11.00 14.00 224.00 304.00 105.00 0
2010_004825 -0.8143 125.00 252.00 264.00 500.00 240.00 0
2010_004825 -0.7160 52.00 234.00 141.00 428.00 180.00 0
2010_004889 0.1319 114.00 44.00 500.00 346.00 240.00 0
2010_004889 -0.7833 1.00 1.00 206.00 122.00 135.00 0
2010_004889 -1.0912 1.00 1.00 124.00 117.00 210.00 0
2010_004909 -0.3690 430.00 218.00 500.00 374.00 15.00 0
2010_004909 -0.5019 328.00 107.00 405.00 156.00 30.00 0
2010_004909 -0.5110 18.00 153.00 113.00 254.00 300.00 0
2010_004909 -0.1587 91.00 127.00 170.00 216.00 300.00 0
2010_004952 -0.7775 238.00 78.00 332.00 325.00 240.00 0
2010_004982 -0.6645 286.00 110.00 366.00 259.00 15.00 0
2010_004992 -0.2999 161.00 249.00 371.00 490.00 255.00 0
2010_004992 -0.8015 236.00 55.00 375.00 324.00 105.00 0
2010_004992 -0.6579 80.00 32.00 224.00 300.00 255.00 0
2010_005008 -0.6378 151.00 1.00 295.00 98.00 240.00 0
2010_005021 -0.0772 100.00 1.00 500.00 375.00 15.00 0
2010_005044 -0.6111 90.00 127.00 327.00 500.00 180.00 0
2010_005052 -0.6223 25.00 4.00 325.00 500.00 120.00 0
2010_005188 -0.1637 159.00 147.00 324.00 364.00 240.00 0
2010_005222 -0.2247 323.00 149.00 462.00 362.00 180.00 0
2010_005222 -0.9140 120.00 132.00 223.00 270.00 240.00 0
2010_005243 -0.6853 175.00 241.00 322.00 333.00 330.00 0
2010_005372 -0.9540 66.00 311.00 225.00 500.00 150.00 0
2010_005398 -1.4927 313.00 153.00 357.00 186.00 150.00 0
2010_005398 -1.3772 250.00 155.00 297.00 186.00 150.00 0
2010_005398 -0.4471 173.00 163.00 243.00 238.00 255.00 0
2010_005398 -0.2272 397.00 158.00 464.00 284.00 120.00 0
2010_005398 -0.8697 280.00 177.00 340.00 313.00 180.00 0
2010_005398 -0.0553 330.00 173.00 420.00 312.00 180.00 0
2010_005493 -0.5956 16.00 94.00 326.00 461.00 240.00 0
2010_005493 -0.6926 10.00 1.00 227.00 229.00 240.00 0
2010_005620 -0.5075 2.00 237.00 135.00 344.00 255.00 0
2010_005626 -0.8680 256.00 176.00 333.00 231.00 0.00 0
2010_005637 -0.5629 1.00 47.00 309.00 366.00 45.00 0
2010_005637 -0.0354 165.00 15.00 384.00 240.00 255.00 0
2010_005654 -0.8401 264.00 268.00 382.00 374.00 120.00 0
2010_005654 -0.4685 85.00 258.00 142.00 374.00 270.00 0
2010_005754 -0.4473 72.00 244.00 262.00 500.00 270.00 0
2010_005764 -0.7579 384.00 66.00 500.00 269.00 135.00 0
2010_005843 -0.8773 70.00 237.00 155.00 388.00 135.00 0
2010_005843 -0.6909 128.00 246.00 328.00 500.00 45.00 0
2010_005882 -0.4353 353.00 168.00 500.00 357.00 210.00 0
2010_005882 -0.3302 1.00 171.00 156.00 369.00 240.00 0
2010_005884 -0.6031 296.00 179.00 391.00 253.00 15.00 0
2010_005894 0.1427 304.00 127.00 467.00 340.00 15.00 0
2010_005894 -0.5326 75.00 79.00 204.00 217.00 240.00 0
2010_005901 -1.3929 92.00 209.00 128.00 241.00 150.00 0
2010_005901 -1.3593 126.00 213.00 169.00 249.00 150.00 0
2010_005901 -1.3567 187.00 223.00 234.00 259.00 150.00 0
2010_005901 -1.0403 240.00 225.00 307.00 272.00 30.00 0
2010_005901 -0.8977 319.00 236.00 402.00 294.00 210.00 0
2010_005901 -1.0638 408.00 299.00 486.00 375.00 150.00 0
2010_006010 -1.0455 271.00 262.00 345.00 316.00 60.00 0
2010_006010 -1.2247 145.00 244.00 209.00 275.00 150.00 0
2010_006041 -0.6719 78.00 156.00 256.00 344.00 180.00 0
2010_006056 -0.7887 296.00 124.00 333.00 316.00 150.00 0
2010_006056 -1.2448 273.00 112.00 303.00 209.00 150.00 0
2010_006056 -0.7648 70.00 212.00 213.00 375.00 285.00 0
2011_000009 -0.6872 208.00 197.00 438.00 375.00 30.00 0
2011_000016 -0.4848 31.00 178.00 94.00 270.00 240.00 0
2011_000016 -0.5392 64.00 192.00 116.00 300.00 180.00 0
2011_000016 -0.3613 99.00 210.00 182.00 333.00 240.00 0
2011_000016 -0.5954 124.00 236.00 222.00 372.00 180.00 0
2011_000016 -0.1733 170.00 274.00 324.00 374.00 255.00 0
2011_000016 -1.2097 346.00 207.00 410.00 252.00 30.00 0
2011_000016 -1.4931 254.00 189.00 301.00 214.00 120.00 0
2011_000016 -1.6382 184.00 171.00 216.00 190.00 150.00 0
2011_000036 -0.6158 1.00 213.00 142.00 375.00 240.00 0
2011_000037 -0.8674 77.00 234.00 166.00 375.00 30.00 0
2011_000065 -0.3318 190.00 142.00 425.00 373.00 120.00 0
2011_000065 -0.4697 329.00 40.00 500.00 283.00 120.00 0
2011_000065 0.1932 1.00 123.00 212.00 374.00 255.00 0
2011_000071 -0.7548 330.00 211.00 500.00 356.00 75.00 0
2011_000082 -0.2830 297.00 132.00 459.00 335.00 15.00 0
2011_000098 -0.1831 54.00 193.00 213.00 375.00 15.00 0
2011_000098 -1.1142 61.00 139.00 125.00 201.00 210.00 0
2011_000124 -0.2029 51.00 28.00 342.00 487.00 300.00 0
2011_000202 -0.6613 1.00 129.00 375.00 500.00 105.00 0
2011_000213 -0.6159 11.00 16.00 249.00 382.00 120.00 0
2011_000226 -0.2599 176.00 239.00 359.00 500.00 105.00 0
2011_000226 -0.2622 258.00 237.00 375.00 471.00 90.00 0
2011_000226 -0.2202 1.00 247.00 202.00 500.00 240.00 0
2011_000226 -0.9237 214.00 221.00 269.00 262.00 60.00 0
2011_000226 -1.4210 20.00 219.00 68.00 253.00 150.00 0
2011_000253 -0.6798 239.00 235.00 320.00 361.00 135.00 0
2011_000288 0.0106 1.00 164.00 220.00 500.00 255.00 0
2011_000338 0.3074 94.00 263.00 224.00 375.00 120.00 0
2011_000338 -0.6597 126.00 238.00 183.00 344.00 120.00 0
2011_000338 -0.3337 1.00 277.00 140.00 375.00 120.00 0
2011_000338 -1.4731 1.00 241.00 32.00 280.00 150.00 0
2011_000518 -0.7028 345.00 140.00 455.00 249.00 330.00 0
2011_000518 -1.3745 310.00 108.00 343.00 149.00 150.00 0
2011_000518 -1.1545 345.00 114.00 398.00 162.00 120.00 0
2011_000518 -1.5154 235.00 119.00 285.00 151.00 150.00 0
2011_000530 -0.9702 341.00 173.00 375.00 267.00 120.00 0
2011_000575 -0.5960 93.00 2.00 232.00 336.00 105.00 0
2011_000575 -0.6106 155.00 121.00 448.00 375.00 285.00 0
2011_000607 -0.9831 356.00 259.00 473.00 375.00 120.00 0
2011_000608 -0.9586 1.00 296.00 152.00 375.00 120.00 0
2011_000661 -0.6164 1.00 1.00 489.00 375.00 240.00 0
2011_000666 -1.0164 362.00 262.00 442.00 322.00 0.00 0
2011_000745 -0.0321 147.00 104.00 253.00 247.00 330.00 0
2011_000745 -1.6066 171.00 90.00 200.00 117.00 150.00 0
2011_000745 -1.5267 335.00 92.00 365.00 130.00 150.00 0
2011_000809 0.2320 29.00 102.00 280.00 351.00 255.00 0
2011_000813 -0.4239 79.00 17.00 374.00 500.00 150.00 0
2011_000917 -0.4511 13.00 242.00 173.00 500.00 120.00 0
2011_000917 -0.3663 234.00 250.00 347.00 426.00 300.00 0
2011_000917 -0.4037 117.00 243.00 252.00 462.00 180.00 0
2011_000919 -0.7654 252.00 160.00 345.00 319.00 120.00 0
2011_000919 -0.1791 281.00 197.00 461.00 375.00 105.00 0
2011_000919 -0.4069 73.00 161.00 188.00 355.00 285.00 0
2011_000919 0.2037 81.00 220.00 266.00 375.00 255.00 0
2011_000932 -0.3741 365.00 231.00 488.00 375.00 30.00 0
2011_000957 -0.3953 113.00 170.00 367.00 375.00 0.00 0
2011_000957 -0.7810 150.00 130.00 362.00 234.00 240.00 0
2011_000965 -0.1990 119.00 238.00 231.00 375.00 240.00 0
2011_001032 -0.6672 359.00 166.00 414.00 238.00 255.00 0
2011_001032 -0.2013 414.00 156.00 499.00 237.00 120.00 0
2011_001032 0.2279 288.00 162.00 348.00 231.00 255.00 0
2011_001032 -1.0797 232.00 164.00 277.00 223.00 150.00 0
2011_001032 -1.5175 255.00 165.00 296.00 191.00 150.00 0
2011_001032 -1.4622 252.00 165.00 290.00 201.00 150.00 0
2011_001032 -1.3082 185.00 159.00 224.00 195.00 150.00 0
2011_001071 -0.3555 1.00 56.00 202.00 294.00 240.00 0
2011_001071 -0.4291 244.00 23.00 384.00 293.00 270.00 0
2011_001106 -0.4121 2.00 282.00 188.00 500.00 240.00 0
2011_001106 -0.6859 53.00 188.00 137.00 269.00 255.00 0
2011_001106 -0.5251 228.00 227.00 375.00 500.00 120.00 0
2011_001111 0.3454 199.00 237.00 375.00 500.00 255.00 0
2011_001137 -0.6031 149.00 155.00 234.00 250.00 0.00 0
2011_001137 -0.8856 313.00 161.00 405.00 242.00 255.00 0
2011_001167 -0.1601 388.00 232.00 437.00 300.00 15.00 0
2011_001167 -0.8549 247.00 231.00 306.00 303.00 255.00 0
2011_001167 -0.2542 140.00 242.00 242.00 373.00 315.00 0
2011_001167 -0.4005 130.00 281.00 239.00 373.00 255.00 0
2011_001167 -0.8809 263.00 328.00 367.00 373.00 0.00 0
2011_001167 -0.0752 31.00 219.00 114.00 317.00 255.00 0
2011_001167 -0.5996 179.00 200.00 238.00 274.00 105.00 0
2011_001167 -1.4020 41.00 191.00 83.00 243.00 150.00 0
2011_001221 -0.8489 307.00 368.00 405.00 430.00 60.00 0
2011_001223 -0.6541 134.00 246.00 277.00 402.00 240.00 0
2011_001223 -0.7541 24.00 230.00 130.00 383.00 300.00 0
2011_001223 -0.8982 239.00 222.00 294.00 352.00 180.00 0
2011_001226 -0.3252 271.00 117.00 345.00 231.00 120.00 0
2011_001226 -0.3402 271.00 107.00 406.00 197.00 255.00 0
2011_001304 -0.5575 289.00 150.00 492.00 352.00 120.00 0
2011_001305 -0.8756 360.00 121.00 454.00 246.00 150.00 0
2011_001319 -0.6643 269.00 173.00 385.00 312.00 120.00 0
2011_001330 -0.7267 241.00 156.00 330.00 312.00 180.00 0
2011_001330 -0.3117 289.00 192.00 428.00 373.00 15.00 0
2011_001330 -1.2180 100.00 129.00 219.00 168.00 120.00 0
2011_001330 -0.9667 423.00 101.00 500.00 167.00 330.00 0
2011_001346 -0.8550 156.00 157.00 328.00 253.00 330.00 0
2011_001366 -0.1659 309.00 166.00 456.00 372.00 15.00 0
2011_001366 -0.9260 91.00 221.00 269.00 375.00 240.00 0
2011_001366 -0.4043 69.00 91.00 172.00 260.00 240.00 0
2011_001366 -0.5367 289.00 71.00 399.00 165.00 15.00 0
2011_001370 -0.7025 19.00 208.00 166.00 295.00 240.00 0
2011_001370 -0.7387 340.00 211.00 444.00 357.00 180.00 0
2011_001404 -0.8436 430.00 26.00 500.00 129.00 210.00 0
2011_001404 -0.9268 427.00 133.00 500.00 240.00 60.00 0
2011_001404 -1.1595 452.00 98.00 500.00 167.00 60.00 0
2011_001447 -0.7295 1.00 57.00 237.00 375.00 0.00 0
2011_001447 -0.6036 205.00 53.00 500.00 368.00 30.00 0
2011_001524 0.2043 233.00 95.00 322.00 225.00 240.00 0
2011_001524 0.1346 277.00 107.00 389.00 269.00 120.00 0
2011_001567 -0.0061 334.00 116.00 419.00 263.00 180.00 0
2011_001567 -0.8485 232.00 101.00 301.00 232.00 330.00 0
2011_001567 -0.8891 1.00 179.00 213.00 333.00 210.00 0
2011_001573 -0.4177 43.00 166.00 221.00 333.00 15.00 0
2011_001665 -1.1768 99.00 129.00 168.00 195.00 270.00 0
2011_001665 0.1442 4.00 129.00 81.00 271.00 255.00 0
2011_001665 -1.2192 161.00 120.00 229.00 183.00 270.00 0
2011_001665 -0.5728 1.00 209.00 55.00 333.00 270.00 0
2011_001665 -1.1692 264.00 103.00 294.00 154.00 150.00 0
2011_001665 -0.2828 445.00 92.00 489.00 181.00 120.00 0
2011_001719 -1.3084 136.00 177.00 182.00 220.00 150.00 0
2011_001719 -1.0810 238.00 188.00 296.00 244.00 150.00 0
2011_001785 -0.9685 50.00 192.00 78.00 270.00 270.00 0
2011_001785 -1.0155 70.00 194.00 108.00 282.00 270.00 0
2011_001785 -0.7340 102.00 198.00 146.00 300.00 240.00 0
2011_001785 -0.2474 141.00 203.00 218.00 323.00 240.00 0
2011_001785 -0.1976 204.00 209.00 302.00 361.00 180.00 0
2011_001785 -1.4774 151.00 186.00 184.00 207.00 150.00 0
2011_001785 -1.5288 182.00 187.00 223.00 211.00 150.00 0
2011_001785 -1.4896 233.00 188.00 274.00 214.00 150.00 0
2011_001785 -0.9822 274.00 190.00 340.00 219.00 330.00 0
2011_001785 -1.3090 361.00 193.00 420.00 246.00 150.00 0
2011_001785 0.2645 354.00 134.00 497.00 375.00 120.00 0
2011_001812 -0.2589 62.00 45.00 293.00 452.00 240.00 0
2011_001834 -0.3905 156.00 57.00 316.00 317.00 180.00 0
2011_001842 -0.5122 1.00 248.00 126.00 375.00 255.00 0
2011_001847 -0.6004 225.00 288.00 332.00 457.00 135.00 0
2011_001847 -0.1159 2.00 307.00 153.00 500.00 240.00 0
2011_001847 -0.6564 26.00 227.00 162.00 368.00 240.00 0
2011_001847 -0.7307 193.00 221.00 291.00 399.00 255.00 0
2011_001862 -0.7319 267.00 184.00 315.00 258.00 120.00 0
2011_001862 -1.2308 250.00 178.00 284.00 254.00 270.00 0
2011_001862 -1.1283 211.00 178.00 259.00 250.00 285.00 0
2011_001900 -0.4889 210.00 97.00 500.00 422.00 285.00 0
2011_001932 -0.9812 48.00 156.00 129.00 225.00 210.00 0
2011_001941 -0.9223 207.00 257.00 272.00 338.00 255.00 0
2011_001941 -1.0253 153.00 280.00 226.00 353.00 255.00 0
2011_001941 -1.1052 84.00 266.00 154.00 343.00 30.00 0
2011_001941 -1.1349 87.00 351.00 223.00 375.00 60.00 0
2011_001941 -1.3931 402.00 352.00 492.00 375.00 150.00 0
2011_001941 -0.9747 364.00 310.00 474.00 375.00 330.00 0
2011_001941 -0.9891 344.00 293.00 412.00 375.00 255.00 0
2011_001941 -0.9432 320.00 274.00 400.00 360.00 240.00 0
2011_001941 -0.8373 306.00 264.00 359.00 334.00 210.00 0
2011_001941 -0.9747 1.00 236.00 48.00 306.00 105.00 0
2011_001941 -1.4587 5.00 237.00 40.00 264.00 150.00 0
2011_001946 -0.8490 83.00 213.00 134.00 336.00 15.00 0
2011_002038 -0.0233 122.00 44.00 385.00 353.00 240.00 0
2011_002041 -0.7184 123.00 91.00 257.00 281.00 255.00 0
2011_002045 -0.7839 16.00 166.00 91.00 351.00 195.00 0
2011_002108 0.2224 162.00 189.00 214.00 266.00 255.00 0
2011_002108 -1.2832 198.00 186.00 227.00 253.00 150.00 0
2011_002124 -0.5198 120.00 205.00 245.00 331.00 255.00 0
2011_002163 -0.4121 388.00 44.00 500.00 243.00 135.00 0
2011_002200 -0.6628 5.00 196.00 104.00 375.00 300.00 0
2011_002241 0.5857 17.00 124.00 224.00 375.00 255.00 0
2011_002241 -0.2551 153.00 94.00 240.00 164.00 330.00 0
2011_002241 -0.1519 327.00 99.00 457.00 340.00 135.00 0
2011_002241 0.8982 220.00 143.00 438.00 375.00 120.00 0
2011_002260 -0.0357 43.00 228.00 185.00 375.00 255.00 0
2011_002260 -0.8871 177.00 280.00 334.00 375.00 345.00 0
2011_002270 -0.8676 397.00 24.00 463.00 113.00 60.00 0
2011_002270 -1.0232 472.00 86.00 500.00 189.00 150.00 0
2011_002270 -0.8162 2.00 30.00 52.00 135.00 240.00 0
2011_002270 -0.8865 1.00 100.00 49.00 193.00 150.00 0
2011_002358 -0.5979 1.00 175.00 131.00 367.00 315.00 0
2011_002386 -0.1674 210.00 133.00 460.00 359.00 0.00 0
2011_002391 -0.3090 347.00 212.00 449.00 343.00 120.00 0
2011_002391 -0.5079 285.00 207.00 340.00 301.00 240.00 0
2011_002509 -0.9883 102.00 196.00 155.00 297.00 75.00 0
2011_002509 -1.0181 161.00 199.00 200.00 297.00 75.00 0
2011_002531 -0.9663 264.00 107.00 321.00 260.00 90.00 0
2011_002531 -0.4824 176.00 117.00 256.00 290.00 180.00 0
2011_002531 -0.2712 254.00 123.00 354.00 296.00 180.00 0
2011_002531 -0.2369 188.00 147.00 294.00 332.00 180.00 0
2011_002575 -0.5267 16.00 145.00 176.00 341.00 255.00 0
2011_002575 -0.6267 312.00 111.00 476.00 338.00 255.00 0
2011_002640 -0.7729 350.00 244.00 431.00 333.00 120.00 0
2011_002640 -0.6462 46.00 218.00 153.00 333.00 240.00 0
2011_002640 -0.9281 1.00 177.00 62.00 329.00 315.00 0
2011_002644 -0.8415 410.00 198.00 455.00 256.00 150.00 0
2011_002644 -1.3715 334.00 196.00 368.00 252.00 195.00 0
2011_002644 -1.3369 365.00 200.00 411.00 258.00 120.00 0
2011_002714 -1.1536 305.00 181.00 364.00 235.00 195.00 0
2011_002714 -1.1856 382.00 181.00 439.00 231.00 150.00 0
2011_002750 -0.7391 249.00 196.00 379.00 375.00 135.00 0
2011_002805 -0.5985 176.00 231.00 269.00 336.00 135.00 0
2011_002805 0.2609 157.00 252.00 294.00 450.00 120.00 0
2011_002805 -0.9735 69.00 228.00 154.00 334.00 255.00 0
2011_002805 0.3735 27.00 246.00 162.00 443.00 255.00 0
2011_002805 -0.9747 298.00 240.00 374.00 315.00 150.00 0
2011_002870 -0.1589 261.00 6.00 492.00 375.00 15.00 0
2011_002887 -0.1217 192.00 43.00 402.00 360.00 240.00 0
2011_002887 -0.4330 21.00 21.00 167.00 299.00 255.00 0
2011_002933 -0.6854 201.00 221.00 241.00 318.00 240.00 0
2011_002933 -1.2537 235.00 228.00 252.00 324.00 195.00 0
2011_002933 -0.9076 195.00 213.00 236.00 295.00 240.00 0
2011_002933 -0.9692 1.00 251.00 91.00 304.00 195.00 0
2011_002933 -0.6352 138.00 275.00 189.00 392.00 120.00 0
2011_002933 -0.7441 106.00 349.00 191.00 500.00 150.00 0
2011_002971 -0.8406 88.00 160.00 250.00 335.00 270.00 0
2011_002994 -0.4569 297.00 193.00 365.00 309.00 180.00 0
2011_002994 -0.5247 125.00 183.00 159.00 263.00 240.00 0
2011_002994 -0.6344 148.00 193.00 207.00 304.00 255.00 0
2011_002994 -0.6292 192.00 205.00 256.00 314.00 135.00 0
2011_002994 -0.5079 252.00 204.00 314.00 317.00 180.00 0
2011_002994 -1.6461 215.00 189.00 259.00 207.00 150.00 0
2011_002994 -1.6463 260.00 189.00 304.00 206.00 150.00 0
2011_003011 0.3126 76.00 17.00 281.00 456.00 180.00 0
2011_003076 -0.2859 39.00 212.00 125.00 351.00 255.00 0
2011_003076 -0.8817 131.00 189.00 183.00 308.00 135.00 0
2011_003079 -0.3644 82.00 281.00 231.00 488.00 315.00 0
2011_003097 -0.5177 1.00 111.00 236.00 330.00 330.00 0
2011_003103 -0.8347 126.00 145.00 239.00 312.00 165.00 0
2011_003103 -0.6181 286.00 145.00 335.00 247.00 240.00 0
2011_003166 -1.0649 317.00 1.00 500.00 162.00 120.00 0
2011_003201 -0.7342 186.00 168.00 286.00 271.00 240.00 0
2011_003201 -0.4792 240.00 153.00 310.00 258.00 225.00 0
2011_003201 -0.6549 15.00 215.00 78.00 314.00 120.00 0
2011_003242 -1.4235 324.00 198.00 352.00 266.00 150.00 0
2011_003242 -1.5547 297.00 177.00 320.00 223.00 150.00 0
2011_003242 -1.3568 100.00 208.00 133.00 273.00 180.00 0
2011_003242 -1.4441 125.00 181.00 152.00 238.00 180.00 0
