2008_000021 -0.9901 14.00 148.00 475.00 288.00 345.00 0
2008_000064 -0.8394 1.00 152.00 375.00 461.00 315.00 0
2008_000251 -0.7972 24.00 14.00 410.00 245.00 45.00 0
2008_000251 -0.8430 213.00 53.00 500.00 171.00 225.00 0
2008_000251 -1.0825 88.00 93.00 220.00 166.00 330.00 0
2008_000367 -0.8499 1.00 1.00 500.00 357.00 345.00 0
2008_000804 -0.6216 60.00 98.00 466.00 296.00 270.00 0
2008_000805 -0.7155 44.00 16.00 481.00 307.00 270.00 0
2008_001227 -0.7218 1.00 132.00 443.00 375.00 45.00 0
2008_001380 -0.5195 66.00 18.00 423.00 155.00 315.00 0
2008_001468 -0.8655 9.00 120.00 500.00 359.00 270.00 0
2008_001546 1.1592 29.00 41.00 495.00 216.00 90.00 0
2008_001774 -1.3499 219.00 170.00 256.00 203.00 180.00 0
2008_001805 -0.6025 10.00 89.00 500.00 302.00 45.00 0
2008_001971 -0.4038 132.00 125.00 395.00 194.00 90.00 0
2008_001985 -1.9421 187.00 102.00 222.00 114.00 180.00 0
2008_002138 -0.4757 1.00 99.00 423.00 241.00 270.00 0
2008_002151 -0.5176 3.00 52.00 500.00 242.00 315.00 0
2008_002358 -0.8440 8.00 87.00 489.00 223.00 315.00 0
2008_002454 -0.8678 1.00 139.00 500.00 333.00 135.00 0
2008_002673 -0.5383 228.00 140.00 440.00 231.00 270.00 0
2008_002673 -0.4715 18.00 132.00 262.00 237.00 315.00 0
2008_002673 -1.3199 435.00 177.00 500.00 213.00 180.00 0
2008_002773 -1.4382 139.00 111.00 189.00 141.00 180.00 0
2008_002773 -1.4124 121.00 87.00 173.00 119.00 180.00 0
2008_002773 -1.3509 148.00 75.00 199.00 106.00 180.00 0
2008_002773 -1.2596 166.00 95.00 219.00 128.00 180.00 0
2008_003155 -0.7265 2.00 112.00 499.00 266.00 90.00 0
2008_003189 -0.8109 3.00 85.00 474.00 291.00 315.00 0
2008_003369 -0.8704 1.00 104.00 500.00 272.00 285.00 0
2008_003423 -0.8020 1.00 40.00 500.00 275.00 135.00 0
2008_003475 -1.5159 21.00 81.00 127.00 104.00 210.00 0
2008_003475 -0.8849 95.00 107.00 272.00 151.00 255.00 0
2008_003475 -1.0361 151.00 130.00 492.00 220.00 285.00 0
2008_003673 -0.0393 27.00 64.00 497.00 197.00 270.00 0
2008_003743 -0.6773 93.00 137.00 472.00 298.00 45.00 0
2008_003744 -0.9385 1.00 68.00 500.00 375.00 30.00 0
2008_003876 -0.1040 3.00 112.00 498.00 213.00 90.00 0
2008_003905 0.0253 7.00 41.00 491.00 261.00 90.00 0
2008_003926 0.1255 1.00 51.00 489.00 224.00 270.00 0
2008_003976 -0.3023 13.00 90.00 494.00 224.00 90.00 0
2008_004030 -1.0952 135.00 96.00 216.00 151.00 330.00 0
2008_004030 -1.0744 187.00 178.00 266.00 232.00 330.00 0
2008_004030 -1.2281 297.00 196.00 370.00 249.00 330.00 0
2008_004030 -1.1603 113.00 234.00 195.00 291.00 180.00 0
2008_004190 -1.0736 152.00 142.00 309.00 189.00 45.00 0
2008_004348 -0.9081 20.00 79.00 500.00 235.00 330.00 0
2008_004406 -0.6132 53.00 74.00 500.00 266.00 315.00 0
2008_004433 -1.5781 200.00 195.00 258.00 212.00 180.00 0
2008_004605 -0.3541 32.00 52.00 463.00 223.00 270.00 0
2008_004630 -0.2512 1.00 1.00 500.00 275.00 225.00 0
2008_004646 -0.9322 96.00 1.00 500.00 333.00 330.00 0
2008_004646 -1.2050 1.00 48.00 268.00 134.00 315.00 0
2008_004646 -1.1050 127.00 1.00 369.00 52.00 345.00 0
2008_004646 -1.2949 386.00 116.00 500.00 153.00 180.00 0
2008_004646 -1.1358 1.00 124.00 156.00 309.00 30.00 0
2008_004646 -1.1892 7.00 19.00 119.00 63.00 180.00 0
2008_004704 -0.5240 3.00 1.00 500.00 322.00 0.00 0
2008_004726 -0.7932 115.00 112.00 454.00 223.00 75.00 0
2008_004771 0.2123 24.00 72.00 273.00 161.00 270.00 0
2008_004819 -0.7407 1.00 100.00 492.00 272.00 0.00 0
2008_004885 -0.2907 22.00 96.00 375.00 211.00 315.00 0
2008_004935 -1.4915 427.00 163.00 470.00 187.00 180.00 0
2008_004935 -1.5722 224.00 126.00 267.00 149.00 180.00 0
2008_004935 -1.5606 90.00 130.00 133.00 151.00 180.00 0
2008_005057 -0.8866 76.00 140.00 432.00 233.00 0.00 0
2008_005114 0.0957 6.00 143.00 498.00 319.00 90.00 0
2008_005253 -0.8628 1.00 84.00 500.00 278.00 135.00 0
2008_005338 -0.8159 1.00 83.00 500.00 375.00 270.00 0
2008_005373 -0.5447 18.00 23.00 500.00 238.00 90.00 0
2008_005455 -0.4165 32.00 95.00 464.00 219.00 270.00 0
2008_005538 -0.9700 163.00 49.00 402.00 248.00 75.00 0
2008_005573 -1.5884 412.00 259.00 453.00 281.00 180.00 0
2008_005611 -0.9721 1.00 5.00 500.00 388.00 225.00 0
2008_005631 -1.1567 79.00 130.00 317.00 198.00 15.00 0
2008_005685 -0.7397 1.00 39.00 500.00 333.00 0.00 0
2008_005750 -1.0281 135.00 326.00 375.00 500.00 330.00 0
2008_005750 -0.9761 1.00 314.00 272.00 500.00 0.00 0
2008_005796 -0.7984 1.00 63.00 500.00 290.00 315.00 0
2008_005889 -0.9441 1.00 84.00 463.00 252.00 270.00 0
2008_005907 -0.8086 24.00 136.00 458.00 260.00 135.00 0
2008_006034 -1.2031 145.00 251.00 180.00 292.00 180.00 0
2008_006109 -1.2704 25.00 128.00 132.00 170.00 285.00 0
2008_006169 -0.9719 1.00 11.00 375.00 472.00 315.00 0
2008_006200 -0.9130 1.00 121.00 419.00 243.00 270.00 0
2008_006200 -1.1150 423.00 154.00 500.00 209.00 180.00 0
2008_006269 -0.7991 43.00 238.00 230.00 315.00 255.00 0
2008_006269 -0.9350 131.00 140.00 313.00 211.00 255.00 0
2008_006269 -0.9484 31.00 116.00 207.00 186.00 255.00 0
2008_006394 -0.9091 50.00 124.00 419.00 232.00 0.00 0
2008_006463 -1.0326 1.00 82.00 494.00 281.00 315.00 0
2008_006548 -0.8707 1.00 128.00 393.00 217.00 270.00 0
2008_006604 -0.9191 1.00 97.00 500.00 375.00 330.00 0
2008_006621 0.4648 1.00 84.00 499.00 232.00 270.00 0
2008_006631 -0.8563 17.00 52.00 500.00 335.00 225.00 0
2008_006671 -1.0076 106.00 45.00 500.00 290.00 0.00 0
2008_006671 -1.0817 18.00 159.00 418.00 242.00 330.00 0
2008_006703 -0.9502 58.00 138.00 336.00 226.00 315.00 0
2008_006777 -0.8921 369.00 56.00 500.00 112.00 90.00 0
2008_006777 -1.4107 213.00 50.00 278.00 77.00 180.00 0
2008_006777 -0.1063 17.00 96.00 473.00 271.00 270.00 0
2008_006896 -0.2644 1.00 100.00 497.00 264.00 270.00 0
2008_006951 -0.0194 128.00 102.00 472.00 207.00 90.00 0
2008_006980 -0.6836 316.00 214.00 500.00 306.00 45.00 0
2008_007096 -0.7405 48.00 171.00 468.00 316.00 45.00 0
2008_007096 -1.6447 416.00 132.00 481.00 152.00 180.00 0
2008_007195 -1.0243 101.00 55.00 500.00 298.00 0.00 0
2008_007229 -0.3046 10.00 95.00 439.00 239.00 270.00 0
2008_007350 -0.7904 37.00 141.00 482.00 263.00 90.00 0
2008_007374 -0.8161 1.00 11.00 484.00 333.00 0.00 0
2008_007409 -0.9790 150.00 112.00 326.00 201.00 0.00 0
2008_007458 -1.0607 169.00 90.00 246.00 181.00 0.00 0
2008_007480 -0.4866 1.00 13.00 485.00 317.00 315.00 0
2008_007507 -1.1848 163.00 219.00 206.00 276.00 180.00 0
2008_007579 -0.5465 51.00 64.00 500.00 284.00 135.00 0
2008_007618 -0.7395 65.00 91.00 437.00 206.00 270.00 0
2008_007690 -1.0711 96.00 35.00 231.00 87.00 180.00 0
2008_007738 -0.9051 13.00 103.00 421.00 257.00 0.00 0
2008_007764 -0.6733 155.00 99.00 373.00 197.00 75.00 0
2008_007836 -1.0659 231.00 147.00 287.00 215.00 180.00 0
2008_007884 -0.3282 149.00 68.00 408.00 169.00 90.00 0
2008_007970 -0.9665 1.00 49.00 500.00 253.00 30.00 0
2008_008025 -0.2155 41.00 59.00 296.00 156.00 90.00 0
2008_008025 -0.6002 302.00 112.00 436.00 164.00 90.00 0
2008_008044 -0.3621 1.00 83.00 500.00 260.00 315.00 0
2008_008050 -0.8053 1.00 19.00 500.00 338.00 315.00 0
2008_008053 -1.5813 61.00 188.00 89.00 207.00 180.00 0
2008_008053 -1.7802 169.00 186.00 198.00 200.00 180.00 0
2008_008053 -1.7709 312.00 174.00 339.00 189.00 180.00 0
2008_008053 -1.7708 406.00 166.00 433.00 183.00 180.00 0
2008_008086 -0.6279 111.00 234.00 373.00 325.00 45.00 0
2008_008096 -1.0280 9.00 119.00 500.00 299.00 180.00 0
2008_008130 -0.8827 5.00 1.00 488.00 363.00 285.00 0
2008_008146 -1.0882 228.00 114.00 279.00 151.00 180.00 0
2008_008179 -1.3010 310.00 133.00 419.00 167.00 180.00 0
2008_008179 -1.3049 176.00 138.00 311.00 181.00 180.00 0
2008_008179 -1.3071 47.00 144.00 181.00 182.00 330.00 0
2008_008191 -0.7932 36.00 51.00 295.00 146.00 285.00 0
2008_008231 -1.5576 51.00 79.00 98.00 104.00 180.00 0
2008_008254 -0.6693 96.00 225.00 452.00 341.00 270.00 0
2008_008278 -0.8323 1.00 64.00 500.00 299.00 90.00 0
2008_008278 -0.8609 1.00 8.00 500.00 194.00 345.00 0
2008_008278 -1.4120 74.00 167.00 163.00 192.00 180.00 0
2008_008278 -1.3425 1.00 164.00 91.00 191.00 0.00 0
2008_008359 -0.0507 5.00 89.00 495.00 217.00 90.00 0
2008_008373 -0.5918 6.00 106.00 497.00 224.00 270.00 0
2008_008424 -0.7572 1.00 55.00 500.00 278.00 345.00 0
2008_008446 -1.1364 241.00 78.00 310.00 160.00 0.00 0
2008_008467 -1.3866 57.00 66.00 166.00 101.00 285.00 0
2008_008467 -1.2554 130.00 105.00 235.00 138.00 285.00 0
2008_008467 -1.3577 198.00 144.00 301.00 177.00 285.00 0
2008_008467 -1.4143 261.00 186.00 362.00 216.00 180.00 0
2008_008467 -1.4501 319.00 227.00 415.00 258.00 180.00 0
2008_008501 -0.4246 12.00 30.00 500.00 174.00 45.00 0
2008_008519 -0.7985 17.00 119.00 487.00 250.00 270.00 0
2008_008570 -0.8048 57.00 121.00 488.00 320.00 45.00 0
2008_008765 0.1458 111.00 114.00 441.00 239.00 270.00 0
2009_000032 -0.7452 59.00 95.00 491.00 216.00 345.00 0
2009_000084 -0.9555 1.00 38.00 500.00 334.00 0.00 0
2009_000205 -0.7378 1.00 103.00 362.00 216.00 345.00 0
2009_000225 -0.9508 28.00 152.00 421.00 238.00 90.00 0
2009_000260 -0.3517 1.00 133.00 485.00 226.00 45.00 0
2009_000387 0.1771 51.00 128.00 487.00 273.00 90.00 0
2009_000397 -0.7670 41.00 92.00 465.00 227.00 225.00 0
2009_000417 -0.6207 1.00 21.00 492.00 197.00 315.00 0
2009_000440 -0.5464 6.00 115.00 499.00 226.00 270.00 0
2009_000513 -0.8502 11.00 123.00 490.00 222.00 345.00 0
2009_000545 -0.5487 129.00 137.00 356.00 240.00 135.00 0
2009_000545 -0.9816 349.00 180.00 500.00 230.00 120.00 0
2009_000625 -1.8289 280.00 157.00 300.00 185.00 180.00 0
2009_000661 -1.4173 125.00 31.00 190.00 53.00 180.00 0
2009_000661 -1.6210 186.00 56.00 252.00 75.00 180.00 0
2009_000661 -0.9280 1.00 181.00 500.00 377.00 330.00 0
2009_000734 -0.7213 8.00 55.00 484.00 221.00 225.00 0
2009_000817 1.1573 46.00 80.00 478.00 230.00 90.00 0
2009_000909 -0.7007 1.00 1.00 339.00 332.00 180.00 0
2009_001090 -0.3963 61.00 92.00 389.00 205.00 270.00 0
2009_001195 -0.8967 1.00 1.00 500.00 270.00 285.00 0
2009_001316 -0.8158 5.00 30.00 483.00 297.00 315.00 0
2009_001321 -0.9031 1.00 1.00 500.00 333.00 315.00 0
2009_001321 -1.5973 287.00 267.00 372.00 284.00 180.00 0
2009_001332 -0.1057 13.00 78.00 489.00 219.00 270.00 0
2009_001345 -0.8959 75.00 35.00 500.00 375.00 330.00 0
2009_001387 -0.2929 1.00 66.00 479.00 235.00 270.00 0
2009_001501 -0.3431 22.00 88.00 482.00 262.00 225.00 0
2009_001509 -0.7994 1.00 66.00 486.00 261.00 165.00 0
2009_001509 -1.3326 119.00 1.00 343.00 48.00 180.00 0
2009_001549 0.5184 1.00 86.00 489.00 245.00 90.00 0
2009_001696 -0.3528 1.00 42.00 483.00 146.00 270.00 0
2009_001696 -1.2182 151.00 42.00 409.00 84.00 180.00 0
2009_001696 -1.7956 1.00 92.00 36.00 112.00 180.00 0
2009_001713 -0.4603 38.00 91.00 380.00 216.00 270.00 0
2009_001850 -0.5226 50.00 73.00 493.00 170.00 270.00 0
2009_001851 -0.1857 38.00 107.00 465.00 264.00 90.00 0
2009_001858 -1.2169 171.00 95.00 227.00 181.00 180.00 0
2009_001905 -1.4892 241.00 148.00 344.00 180.00 180.00 0
2009_001940 -0.9645 52.00 101.00 484.00 257.00 45.00 0
2009_002001 -1.1994 235.00 448.00 346.00 500.00 180.00 0
2009_002011 -0.6872 1.00 17.00 491.00 300.00 285.00 0
2009_002047 -0.6406 55.00 82.00 483.00 236.00 225.00 0
2009_002191 -0.2878 19.00 129.00 469.00 250.00 270.00 0
2009_002199 -0.9588 219.00 30.00 452.00 104.00 180.00 0
2009_002199 -0.7574 33.00 236.00 260.00 322.00 45.00 0
2009_002211 -0.5217 1.00 53.00 476.00 241.00 270.00 0
2009_002272 -0.7814 52.00 68.00 431.00 223.00 75.00 0
2009_002320 -1.0964 192.00 74.00 355.00 186.00 30.00 0
2009_002393 -0.4843 219.00 87.00 345.00 136.00 45.00 0
2009_002432 0.8669 10.00 60.00 489.00 215.00 90.00 0
2009_002531 -0.5070 48.00 88.00 499.00 193.00 90.00 0
2009_002614 -0.3845 8.00 82.00 416.00 278.00 75.00 0
2009_002680 -0.9924 1.00 61.00 500.00 244.00 165.00 0
2009_002752 -1.0513 1.00 59.00 322.00 162.00 315.00 0
2009_002752 -0.0183 59.00 125.00 463.00 254.00 90.00 0
2009_002765 -1.1244 125.00 112.00 211.00 197.00 180.00 0
2009_002808 -0.5295 2.00 16.00 333.00 457.00 0.00 0
2009_002888 -0.6962 2.00 142.00 213.00 248.00 285.00 0
2009_002888 -0.6490 89.00 96.00 305.00 211.00 270.00 0
2009_002888 -0.6564 183.00 52.00 498.00 186.00 285.00 0
2009_002910 -0.2746 25.00 119.00 487.00 225.00 90.00 0
2009_002910 -1.8059 455.00 136.00 498.00 151.00 180.00 0
2009_002910 -1.5075 357.00 140.00 400.00 161.00 180.00 0
2009_002910 -1.2306 1.00 140.00 82.00 178.00 180.00 0
2009_002941 0.8075 14.00 46.00 483.00 221.00 270.00 0
2009_003005 0.2110 17.00 78.00 482.00 225.00 45.00 0
2009_003033 -0.5222 106.00 116.00 433.00 209.00 135.00 0
2009_003044 -0.9830 39.00 38.00 500.00 372.00 285.00 0
2009_003097 -0.7424 194.00 92.00 413.00 167.00 90.00 0
2009_003153 0.3406 15.00 80.00 489.00 247.00 90.00 0
2009_003199 -0.0677 5.00 96.00 499.00 255.00 90.00 0
2009_003199 -1.2161 373.00 193.00 500.00 240.00 30.00 0
2009_003278 -0.2605 22.00 76.00 500.00 266.00 90.00 0
2009_003372 -0.1204 9.00 62.00 500.00 229.00 270.00 0
2009_003456 -0.3486 1.00 35.00 500.00 270.00 270.00 0
2009_003571 -0.4043 9.00 85.00 490.00 214.00 270.00 0
2009_003635 -0.2619 9.00 59.00 496.00 274.00 75.00 0
2009_003696 -0.5731 13.00 49.00 500.00 224.00 45.00 0
2009_003704 -0.7970 50.00 100.00 473.00 229.00 15.00 0
2009_003805 -0.7773 113.00 153.00 374.00 228.00 180.00 0
2009_003806 -0.3037 29.00 86.00 486.00 214.00 270.00 0
2009_003947 -0.7140 13.00 110.00 497.00 225.00 135.00 0
2009_003950 -0.3299 14.00 110.00 495.00 224.00 270.00 0
2009_004075 -0.9035 1.00 1.00 500.00 333.00 270.00 0
2009_004108 -0.8070 26.00 85.00 465.00 221.00 345.00 0
2009_004203 -0.1473 23.00 113.00 483.00 222.00 270.00 0
2009_004402 -1.0567 109.00 94.00 258.00 334.00 315.00 0
2009_004414 -0.8426 14.00 98.00 478.00 205.00 90.00 0
2009_004414 -1.3796 33.00 147.00 94.00 227.00 0.00 0
2009_004414 -1.3416 1.00 149.00 91.00 187.00 180.00 0
2009_004535 -0.7651 72.00 166.00 382.00 257.00 315.00 0
2009_004548 -1.1230 65.00 158.00 431.00 250.00 345.00 0
2009_004601 -0.6496 9.00 86.00 492.00 221.00 135.00 0
2009_004601 -1.4119 161.00 125.00 231.00 152.00 0.00 0
2009_004653 -0.9215 20.00 159.00 221.00 215.00 90.00 0
2009_004812 -0.7410 35.00 106.00 472.00 272.00 90.00 0
2009_004820 -0.7596 1.00 2.00 500.00 290.00 345.00 0
2009_004917 -0.7748 1.00 93.00 496.00 269.00 270.00 0
2009_004969 -0.9242 54.00 121.00 400.00 279.00 0.00 0
2009_004969 -1.2377 362.00 104.00 414.00 142.00 180.00 0
2009_004969 -1.5983 231.00 108.00 276.00 124.00 180.00 0
2009_005019 -0.2984 7.00 97.00 488.00 210.00 270.00 0
2009_005036 -0.8561 6.00 159.00 489.00 299.00 45.00 0
2009_005111 -0.2006 17.00 69.00 485.00 230.00 75.00 0
2009_005189 -0.4414 21.00 91.00 487.00 214.00 45.00 0
2009_005210 -0.2486 1.00 93.00 500.00 231.00 90.00 0
2009_005215 -0.5974 35.00 78.00 464.00 219.00 315.00 0
2009_005232 -1.0062 14.00 72.00 455.00 324.00 315.00 0
2010_000193 -0.7912 1.00 40.00 499.00 293.00 0.00 0
2010_000196 -0.4936 25.00 1.00 500.00 335.00 285.00 0
2010_000238 -0.5786 258.00 15.00 500.00 280.00 0.00 0
2010_000260 -0.7176 1.00 28.00 500.00 375.00 0.00 0
2010_000295 -0.7380 137.00 131.00 326.00 210.00 75.00 0
2010_000308 -0.8166 2.00 60.00 500.00 290.00 135.00 0
2010_000418 -0.1026 11.00 100.00 489.00 217.00 315.00 0
2010_000541 -1.0000 37.00 17.00 394.00 323.00 285.00 0
2010_000572 -1.1803 59.00 159.00 434.00 235.00 345.00 0
2010_000622 -0.9046 9.00 132.00 360.00 254.00 270.00 0
2010_000802 -0.7682 255.00 127.00 436.00 246.00 285.00 0
2010_000981 0.3451 59.00 108.00 462.00 241.00 90.00 0
2010_001017 -0.9730 114.00 130.00 342.00 306.00 285.00 0
2010_001024 -0.8223 2.00 101.00 500.00 332.00 0.00 0
2010_001085 -0.6473 1.00 110.00 375.00 423.00 0.00 0
2010_001174 -0.8621 13.00 92.00 495.00 241.00 90.00 0
2010_001214 -1.6160 330.00 145.00 381.00 163.00 180.00 0
2010_001294 0.1312 7.00 63.00 487.00 217.00 225.00 0
2010_001294 -1.3781 129.00 189.00 191.00 210.00 180.00 0
2010_001426 -0.2078 28.00 47.00 480.00 234.00 75.00 0
2010_001448 -0.4472 136.00 17.00 440.00 330.00 285.00 0
2010_001505 -0.9843 1.00 41.00 500.00 306.00 0.00 0
2010_001652 -0.0894 77.00 96.00 475.00 231.00 315.00 0
2010_001836 -1.4641 257.00 157.00 348.00 180.00 180.00 0
2010_001950 -0.6228 58.00 77.00 446.00 230.00 270.00 0
2010_002019 -0.3767 56.00 106.00 433.00 227.00 285.00 0
2010_002085 -1.0150 1.00 107.00 500.00 374.00 45.00 0
2010_002147 -0.7631 22.00 17.00 490.00 289.00 75.00 0
2010_002200 -0.3763 81.00 100.00 414.00 212.00 270.00 0
2010_002229 -1.5231 166.00 30.00 202.00 60.00 180.00 0
2010_002229 -1.6272 205.00 59.00 229.00 90.00 180.00 0
2010_002289 -0.8412 19.00 126.00 296.00 220.00 270.00 0
2010_002310 -0.7463 62.00 139.00 445.00 268.00 75.00 0
2010_002357 -0.2037 82.00 85.00 455.00 215.00 90.00 0
2010_002460 -1.1962 225.00 205.00 352.00 250.00 270.00 0
2010_002542 0.0664 3.00 108.00 493.00 217.00 90.00 0
2010_002579 -0.0162 72.00 161.00 292.00 247.00 270.00 0
2010_002579 -1.5264 56.00 212.00 109.00 232.00 180.00 0
2010_002638 -0.7558 22.00 81.00 500.00 260.00 0.00 0
2010_002695 -0.5499 1.00 38.00 500.00 299.00 90.00 0
2010_002695 -1.7082 311.00 163.00 390.00 181.00 180.00 0
2010_002827 -0.8917 15.00 14.00 500.00 143.00 75.00 0
2010_002939 -0.9873 1.00 41.00 497.00 182.00 180.00 0
2010_002954 -0.8947 8.00 110.00 493.00 254.00 315.00 0
2010_003051 -0.2977 84.00 127.00 492.00 257.00 90.00 0
2010_003054 -0.2443 162.00 47.00 342.00 116.00 90.00 0
2010_003127 -0.0200 13.00 133.00 227.00 208.00 270.00 0
2010_003127 -1.0868 299.00 167.00 403.00 205.00 180.00 0
2010_003127 -1.3553 398.00 165.00 495.00 201.00 180.00 0
2010_003127 -1.2743 242.00 169.00 321.00 203.00 180.00 0
2010_003132 -0.8214 2.00 63.00 500.00 298.00 30.00 0
2010_003279 -0.8749 21.00 71.00 482.00 184.00 270.00 0
2010_003361 -0.7981 1.00 55.00 500.00 273.00 45.00 0
2010_003365 -0.9361 1.00 36.00 500.00 248.00 225.00 0
2010_003458 -0.4663 64.00 60.00 467.00 358.00 75.00 0
2010_003495 0.2446 80.00 10.00 441.00 289.00 270.00 0
2010_003496 0.0911 1.00 105.00 278.00 194.00 90.00 0
2010_003496 0.1485 1.00 27.00 500.00 332.00 90.00 0
2010_003559 -0.6883 99.00 148.00 461.00 266.00 345.00 0
2010_003655 -0.8922 1.00 1.00 500.00 236.00 0.00 0
2010_003716 -0.8755 1.00 102.00 500.00 229.00 180.00 0
2010_003723 -0.8112 64.00 52.00 462.00 259.00 135.00 0
2010_003801 -0.7997 1.00 103.00 464.00 304.00 345.00 0
2010_003801 -0.3840 167.00 1.00 500.00 203.00 270.00 0
2010_003915 -0.9949 215.00 134.00 382.00 282.00 0.00 0
2010_003933 -0.7580 4.00 67.00 500.00 284.00 75.00 0
2010_003983 -0.7631 1.00 12.00 473.00 375.00 270.00 0
2010_004010 -0.6461 1.00 79.00 485.00 304.00 0.00 0
2010_004063 -1.0406 128.00 137.00 406.00 275.00 330.00 0
2010_004184 -0.2900 8.00 102.00 491.00 214.00 90.00 0
2010_004238 0.0178 78.00 68.00 444.00 180.00 270.00 0
2010_004238 -1.1669 27.00 106.00 100.00 154.00 30.00 0
2010_004312 0.5931 2.00 121.00 497.00 274.00 90.00 0
2010_004314 -0.5287 94.00 126.00 438.00 248.00 90.00 0
2010_004314 -1.1443 8.00 154.00 189.00 218.00 30.00 0
2010_004404 -0.7074 67.00 125.00 277.00 383.00 285.00 0
2010_004419 -0.0878 1.00 144.00 486.00 318.00 270.00 0
2010_004455 -0.9836 32.00 127.00 486.00 238.00 45.00 0
2010_004557 -0.9849 154.00 56.00 493.00 167.00 285.00 0
2010_004608 -1.4955 186.00 138.00 271.00 166.00 180.00 0
2010_004748 -0.6601 156.00 64.00 344.00 256.00 75.00 0
2010_004817 -0.6974 1.00 225.00 245.00 310.00 135.00 0
2010_004917 -0.9308 299.00 190.00 377.00 268.00 30.00 0
2010_004998 -0.7359 32.00 123.00 444.00 269.00 255.00 0
2010_005059 -0.7344 167.00 148.00 315.00 243.00 180.00 0
2010_005167 -0.6467 36.00 133.00 260.00 258.00 45.00 0
2010_005184 -0.9205 53.00 120.00 350.00 242.00 30.00 0
2010_005224 -1.2262 135.00 24.00 188.00 61.00 180.00 0
2010_005224 -0.8927 31.00 241.00 275.00 325.00 315.00 0
2010_005268 -0.5966 36.00 34.00 455.00 275.00 285.00 0
2010_005382 -0.8567 38.00 53.00 485.00 190.00 90.00 0
2010_005534 -0.2726 168.00 107.00 477.00 231.00 135.00 0
2010_005632 -1.0075 50.00 120.00 402.00 237.00 0.00 0
2010_005718 -0.7915 80.00 128.00 498.00 246.00 90.00 0
2010_005761 -0.9132 204.00 135.00 327.00 185.00 75.00 0
2010_005877 -0.8659 115.00 96.00 446.00 202.00 135.00 0
2010_005888 -0.7428 126.00 136.00 281.00 280.00 75.00 0
2010_005953 -0.4895 46.00 89.00 397.00 211.00 225.00 0
2010_005953 -0.9256 136.00 235.00 500.00 332.00 345.00 0
2010_005998 -0.1129 109.00 198.00 498.00 299.00 270.00 0
2010_006032 -1.0241 1.00 1.00 500.00 334.00 30.00 0
2010_006034 -0.6725 1.00 83.00 499.00 272.00 45.00 0
2010_006082 -0.5569 132.00 118.00 500.00 259.00 285.00 0
2011_000103 -0.4495 13.00 99.00 492.00 229.00 270.00 0
2011_000129 -1.3817 117.00 165.00 214.00 194.00 180.00 0
2011_000129 -1.3358 247.00 140.00 342.00 173.00 180.00 0
2011_000129 -1.3462 366.00 129.00 473.00 156.00 180.00 0
2011_000163 -0.7858 164.00 70.00 335.00 168.00 285.00 0
2011_000276 -0.9053 1.00 39.00 500.00 313.00 0.00 0
2011_000481 -1.0364 188.00 85.00 302.00 211.00 180.00 0
2011_000592 0.1190 26.00 84.00 456.00 241.00 270.00 0
2011_000656 -0.0737 8.00 51.00 471.00 231.00 225.00 0
2011_000807 -0.9189 49.00 83.00 204.00 134.00 330.00 0
2011_000872 -0.5599 109.00 84.00 364.00 247.00 285.00 0
2011_000874 -0.7003 7.00 87.00 494.00 198.00 315.00 0
2011_001044 -0.8870 113.00 125.00 431.00 217.00 285.00 0
2011_001081 -0.4680 1.00 10.00 487.00 320.00 345.00 0
2011_001081 -1.8550 310.00 86.00 343.00 99.00 180.00 0
2011_001081 -2.3352 343.00 90.00 369.00 96.00 180.00 0
2011_001081 -2.3352 369.00 90.00 386.00 97.00 180.00 0
2011_001081 -2.1416 385.00 89.00 407.00 98.00 180.00 0
2011_001081 -2.3352 409.00 93.00 420.00 97.00 180.00 0
2011_001081 -2.3352 417.00 90.00 441.00 98.00 180.00 0
2011_001114 -1.0403 79.00 123.00 440.00 208.00 75.00 0
2011_001158 -1.0069 1.00 281.00 94.00 348.00 330.00 0
2011_001158 -1.3585 312.00 322.00 375.00 348.00 180.00 0
2011_001158 -0.9318 1.00 40.00 375.00 315.00 330.00 0
2011_001263 0.2072 185.00 39.00 392.00 105.00 45.00 0
2011_001263 -1.4442 31.00 270.00 128.00 305.00 180.00 0
2011_001315 -0.6994 16.00 129.00 492.00 289.00 285.00 0
2011_001407 -0.2777 12.00 95.00 491.00 231.00 90.00 0
2011_001434 -0.8672 1.00 7.00 500.00 321.00 135.00 0
2011_001489 -1.7932 148.00 195.00 196.00 210.00 180.00 0
2011_001541 -1.1066 23.00 105.00 202.00 174.00 330.00 0
2011_001541 -0.8624 162.00 98.00 475.00 207.00 330.00 0
2011_001624 -0.9243 115.00 148.00 353.00 223.00 45.00 0
2011_001699 -0.5424 40.00 84.00 449.00 253.00 270.00 0
2011_001800 -0.9307 68.00 109.00 240.00 162.00 345.00 0
2011_001824 -0.0451 48.00 109.00 500.00 232.00 270.00 0
2011_001824 -1.2108 239.00 223.00 500.00 333.00 180.00 0
2011_001858 -0.7069 18.00 107.00 498.00 347.00 285.00 0
2011_001880 -1.2423 324.00 1.00 500.00 169.00 180.00 0
2011_001880 -1.0455 83.00 114.00 500.00 300.00 330.00 0
2011_001962 -0.9052 91.00 147.00 442.00 259.00 330.00 0
2011_002091 0.0512 3.00 64.00 383.00 245.00 225.00 0
2011_002132 -0.7792 125.00 107.00 357.00 242.00 285.00 0
2011_002193 -0.8187 127.00 72.00 447.00 190.00 45.00 0
2011_002248 -0.6378 1.00 1.00 500.00 324.00 135.00 0
2011_002269 -0.9294 68.00 9.00 396.00 352.00 315.00 0
2011_002327 -0.5134 1.00 26.00 500.00 260.00 315.00 0
2011_002380 -0.8689 1.00 154.00 499.00 314.00 270.00 0
2011_002494 -0.9724 72.00 53.00 500.00 268.00 0.00 0
2011_002515 -0.8878 113.00 75.00 415.00 237.00 330.00 0
2011_002605 -0.9739 115.00 105.00 285.00 184.00 0.00 0
2011_002605 -1.4907 359.00 135.00 431.00 159.00 180.00 0
2011_002617 -0.8535 71.00 61.00 481.00 320.00 75.00 0
2011_002675 -0.8105 45.00 62.00 445.00 343.00 0.00 0
2011_002751 -1.0724 1.00 1.00 499.00 271.00 135.00 0
2011_002929 -0.9519 6.00 129.00 433.00 233.00 225.00 0
2011_002992 -0.9949 1.00 15.00 472.00 335.00 180.00 0
2011_002993 -0.8997 55.00 189.00 112.00 234.00 180.00 0
2011_003012 -1.4197 351.00 34.00 414.00 68.00 180.00 0
2011_003012 -1.4443 289.00 41.00 350.00 66.00 180.00 0
2011_003012 -0.6525 110.00 16.00 500.00 375.00 90.00 0
2011_003111 -0.7031 1.00 105.00 500.00 333.00 75.00 0
2011_003176 -0.3141 31.00 78.00 472.00 231.00 90.00 0
2011_003275 -0.0126 42.00 50.00 448.00 282.00 75.00 0
