2008_000149 -0.7556 126.00 132.00 407.00 252.00 0.00 0
2008_000270 -0.9042 1.00 89.00 500.00 334.00 330.00 0
2008_000321 -0.6184 269.00 112.00 476.00 269.00 0.00 0
2008_000419 -0.8419 1.00 22.00 458.00 375.00 0.00 0
2008_000465 -1.1110 61.00 155.00 143.00 220.00 255.00 0
2008_000465 -0.8008 217.00 130.00 355.00 215.00 0.00 0
2008_000465 -0.9259 148.00 220.00 435.00 333.00 165.00 0
2008_000465 -0.8184 353.00 161.00 485.00 242.00 0.00 0
2008_000541 -0.9015 1.00 169.00 416.00 375.00 330.00 0
2008_000589 -0.7263 118.00 123.00 252.00 210.00 345.00 0
2008_000589 -1.0415 251.00 122.00 443.00 207.00 135.00 0
2008_000589 -1.0671 265.00 171.00 475.00 322.00 75.00 0
2008_000589 -1.0145 1.00 111.00 153.00 192.00 330.00 0
2008_000857 -0.3515 309.00 131.00 498.00 257.00 30.00 0
2008_001092 -0.8028 1.00 99.00 471.00 338.00 300.00 0
2008_001333 -0.8790 86.00 1.00 375.00 201.00 330.00 0
2008_001366 -0.9890 138.00 1.00 500.00 375.00 330.00 0
2008_001589 -0.8046 7.00 81.00 301.00 414.00 105.00 0
2008_001660 -0.8237 1.00 61.00 500.00 371.00 255.00 0
2008_001838 -1.0228 1.00 165.00 500.00 375.00 225.00 0
2008_001869 -0.9337 343.00 202.00 485.00 329.00 330.00 0
2008_002082 -1.0398 1.00 213.00 416.00 335.00 315.00 0
2008_002092 -0.8795 1.00 109.00 480.00 326.00 195.00 0
2008_002508 -1.2136 193.00 139.00 270.00 199.00 255.00 0
2008_002508 -1.1984 26.00 134.00 102.00 204.00 105.00 0
2008_002801 -0.8756 1.00 114.00 471.00 375.00 300.00 0
2008_002920 -0.7068 147.00 97.00 475.00 301.00 255.00 0
2008_002929 -0.9940 96.00 182.00 429.00 333.00 300.00 0
2008_003271 -0.9504 23.00 48.00 500.00 375.00 0.00 0
2008_003607 -0.8299 6.00 186.00 481.00 375.00 0.00 0
2008_003709 -0.3708 156.00 146.00 316.00 243.00 315.00 0
2008_003709 -1.0066 292.00 188.00 499.00 333.00 330.00 0
2008_004271 -0.7409 181.00 207.00 317.00 333.00 105.00 0
2008_004497 -0.8700 1.00 97.00 500.00 340.00 105.00 0
2008_004632 -0.5734 115.00 194.00 361.00 336.00 60.00 0
2008_004670 -0.8669 71.00 149.00 311.00 312.00 345.00 0
2008_004774 -0.6789 50.00 233.00 352.00 457.00 105.00 0
2008_004881 -0.9011 1.00 157.00 164.00 347.00 345.00 0
2008_004887 -1.0714 270.00 124.00 500.00 228.00 315.00 0
2008_004887 -1.2058 249.00 115.00 321.00 177.00 0.00 0
2008_005323 -0.8901 218.00 192.00 450.00 343.00 195.00 0
2008_005323 -1.0866 1.00 177.00 139.00 265.00 105.00 0
2008_005444 -0.9156 9.00 81.00 393.00 235.00 0.00 0
2008_005627 -0.7452 1.00 1.00 271.00 204.00 330.00 0
2008_005788 -0.8982 279.00 56.00 500.00 269.00 105.00 0
2008_006038 -0.8735 1.00 136.00 500.00 375.00 45.00 0
2008_006117 -0.8648 1.00 90.00 475.00 375.00 0.00 0
2008_006117 -1.1099 164.00 1.00 392.00 84.00 165.00 0
2008_006616 -0.8913 26.00 104.00 500.00 303.00 135.00 0
2008_006665 -0.7567 6.00 168.00 330.00 333.00 315.00 0
2008_006773 -0.9918 37.00 235.00 275.00 375.00 315.00 0
2008_006784 -0.9188 170.00 149.00 334.00 245.00 60.00 0
2008_006979 -0.8273 1.00 66.00 281.00 343.00 330.00 0
2008_007021 -0.7784 1.00 66.00 480.00 336.00 135.00 0
2008_007050 -0.9188 134.00 65.00 422.00 226.00 30.00 0
2008_007182 -0.8919 1.00 134.00 500.00 375.00 195.00 0
2008_007282 -0.8310 237.00 248.00 407.00 338.00 270.00 0
2008_007285 -0.7489 77.00 110.00 500.00 333.00 135.00 0
2008_007733 -0.8503 66.00 143.00 500.00 372.00 330.00 0
2008_008029 -0.8257 16.00 88.00 500.00 375.00 0.00 0
2008_008103 -0.2534 206.00 174.00 500.00 375.00 45.00 0
2008_008190 -0.6167 65.00 139.00 355.00 300.00 0.00 0
2008_008271 -0.9163 1.00 95.00 432.00 288.00 270.00 0
2008_008313 -0.9407 104.00 1.00 500.00 271.00 75.00 0
2008_008433 -0.7459 1.00 117.00 424.00 374.00 240.00 0
2008_008470 -0.8285 1.00 241.00 375.00 375.00 300.00 0
2008_008470 -0.7250 113.00 199.00 391.00 321.00 135.00 0
2008_008538 -0.8101 55.00 181.00 277.00 375.00 90.00 0
2008_008554 -0.7943 1.00 160.00 162.00 375.00 105.00 0
2008_008574 -0.3170 1.00 32.00 500.00 207.00 315.00 0
2008_008588 -0.8318 1.00 133.00 500.00 375.00 300.00 0
2008_008606 -0.8554 186.00 90.00 491.00 310.00 105.00 0
2008_008621 -0.7774 1.00 122.00 332.00 361.00 255.00 0
2008_008622 -0.8360 193.00 1.00 500.00 267.00 0.00 0
2008_008628 -1.0053 35.00 229.00 189.00 310.00 165.00 0
2008_008658 -0.2111 4.00 137.00 313.00 295.00 0.00 0
2008_008772 -0.7948 131.00 161.00 446.00 297.00 0.00 0
2009_000087 -0.3628 215.00 262.00 450.00 371.00 135.00 0
2009_000096 -0.9139 1.00 145.00 169.00 319.00 345.00 0
2009_000096 -0.8999 255.00 138.00 448.00 221.00 0.00 0
2009_000142 -0.9034 1.00 1.00 493.00 375.00 285.00 0
2009_000189 -0.9672 1.00 87.00 334.00 500.00 75.00 0
2009_000242 -0.3992 54.00 218.00 476.00 375.00 0.00 0
2009_000300 -0.8204 94.00 1.00 500.00 209.00 0.00 0
2009_000316 -0.6008 243.00 133.00 500.00 352.00 45.00 0
2009_000342 -0.9483 1.00 1.00 339.00 165.00 105.00 0
2009_000418 -0.8569 1.00 209.00 350.00 429.00 75.00 0
2009_000418 -1.2074 451.00 242.00 500.00 429.00 75.00 0
2009_000422 -1.0183 145.00 220.00 221.00 283.00 105.00 0
2009_000487 -0.9604 14.00 146.00 207.00 215.00 315.00 0
2009_000563 -0.5331 1.00 77.00 500.00 305.00 0.00 0
2009_000615 -0.6583 1.00 50.00 375.00 500.00 60.00 0
2009_000674 -0.6379 1.00 102.00 331.00 500.00 105.00 0
2009_000732 -0.7148 45.00 27.00 325.00 343.00 105.00 0
2009_000779 -0.8233 1.00 1.00 500.00 375.00 330.00 0
2009_000925 -0.8053 1.00 1.00 500.00 311.00 345.00 0
2009_000939 -1.0320 1.00 229.00 91.00 333.00 255.00 0
2009_000995 -0.9818 36.00 270.00 333.00 432.00 345.00 0
2009_001021 -0.8803 216.00 275.00 375.00 500.00 105.00 0
2009_001212 -0.7579 1.00 26.00 500.00 375.00 105.00 0
2009_001243 -0.7749 342.00 1.00 500.00 192.00 45.00 0
2009_001249 -1.0128 209.00 169.00 305.00 235.00 0.00 0
2009_001313 -0.5624 162.00 151.00 367.00 246.00 135.00 0
2009_001343 -0.9625 319.00 105.00 435.00 247.00 105.00 0
2009_001343 -1.0337 34.00 171.00 232.00 312.00 105.00 0
2009_001437 -0.7867 230.00 141.00 500.00 333.00 75.00 0
2009_001440 -0.7039 50.00 72.00 494.00 329.00 45.00 0
2009_001470 -0.8806 1.00 70.00 500.00 375.00 0.00 0
2009_001577 -0.8768 1.00 1.00 445.00 332.00 45.00 0
2009_001581 -0.7799 1.00 1.00 404.00 300.00 30.00 0
2009_001631 -0.7870 1.00 152.00 176.00 269.00 0.00 0
2009_001644 -0.9158 112.00 153.00 288.00 220.00 135.00 0
2009_001644 -1.1814 1.00 158.00 68.00 255.00 285.00 0
2009_001731 -1.1025 190.00 199.00 347.00 265.00 105.00 0
2009_001743 -0.9752 1.00 12.00 500.00 375.00 120.00 0
2009_001774 -0.9992 1.00 1.00 500.00 333.00 90.00 0
2009_001775 -0.9617 218.00 193.00 500.00 372.00 0.00 0
2009_001906 -0.4825 1.00 1.00 500.00 375.00 105.00 0
2009_001980 -0.8874 1.00 1.00 451.00 318.00 30.00 0
2009_002208 -0.7420 128.00 159.00 500.00 306.00 45.00 0
2009_002325 -0.9929 8.00 185.00 139.00 337.00 270.00 0
2009_002325 -0.7367 128.00 171.00 333.00 250.00 0.00 0
2009_002346 -1.1448 1.00 1.00 142.00 65.00 0.00 0
2009_002346 -0.9619 141.00 1.00 490.00 173.00 75.00 0
2009_002370 -0.9767 1.00 1.00 500.00 333.00 120.00 0
2009_002390 -0.8128 1.00 132.00 281.00 451.00 45.00 0
2009_002571 -0.9877 1.00 46.00 196.00 191.00 30.00 0
2009_002663 -1.0925 402.00 114.00 500.00 201.00 45.00 0
2009_002673 -0.5614 49.00 133.00 387.00 321.00 315.00 0
2009_002681 -0.9871 376.00 1.00 500.00 94.00 105.00 0
2009_002683 -0.8736 235.00 250.00 445.00 400.00 330.00 0
2009_002717 -0.8201 1.00 69.00 500.00 375.00 120.00 0
2009_002732 -0.8484 1.00 1.00 500.00 333.00 90.00 0
2009_002998 -0.4587 1.00 364.00 375.00 500.00 135.00 0
2009_003123 -0.5683 59.00 188.00 414.00 375.00 0.00 0
2009_003129 -0.8548 2.00 2.00 478.00 333.00 30.00 0
2009_003373 -0.5387 108.00 182.00 403.00 375.00 45.00 0
2009_003373 -0.9497 1.00 203.00 104.00 332.00 255.00 0
2009_003394 -0.5896 1.00 56.00 470.00 337.00 315.00 0
2009_003409 -1.0484 1.00 198.00 476.00 335.00 60.00 0
2009_003440 -1.3143 188.00 179.00 275.00 220.00 105.00 0
2009_003441 -0.9088 53.00 133.00 500.00 375.00 300.00 0
2009_003564 -0.8278 1.00 196.00 315.00 375.00 285.00 0
2009_003581 -0.6819 1.00 237.00 311.00 472.00 270.00 0
2009_003607 -0.7386 194.00 149.00 500.00 375.00 105.00 0
2009_003607 -0.4273 1.00 77.00 285.00 297.00 45.00 0
2009_003642 -1.1229 159.00 241.00 375.00 356.00 165.00 0
2009_003642 -1.0144 1.00 246.00 137.00 425.00 285.00 0
2009_003656 -1.1023 246.00 58.00 362.00 109.00 135.00 0
2009_003671 -0.7855 8.00 90.00 281.00 268.00 315.00 0
2009_003671 -1.0865 94.00 85.00 208.00 149.00 270.00 0
2009_003785 -0.9012 1.00 140.00 377.00 375.00 285.00 0
2009_003795 -0.9904 26.00 146.00 300.00 296.00 0.00 0
2009_003835 -1.1471 178.00 178.00 347.00 278.00 345.00 0
2009_003895 -0.7531 364.00 36.00 500.00 149.00 105.00 0
2009_003965 -0.7025 1.00 63.00 500.00 323.00 285.00 0
2009_003995 -1.0026 23.00 166.00 142.00 225.00 0.00 0
2009_004076 -0.9739 1.00 1.00 500.00 333.00 0.00 0
2009_004099 -0.9507 262.00 1.00 500.00 333.00 270.00 0
2009_004140 -1.0594 398.00 169.00 500.00 251.00 75.00 0
2009_004161 -0.7796 1.00 1.00 495.00 375.00 105.00 0
2009_004188 -0.6519 1.00 101.00 500.00 372.00 0.00 0
2009_004193 -0.8745 1.00 2.00 500.00 333.00 90.00 0
2009_004291 -0.8713 1.00 1.00 500.00 334.00 105.00 0
2009_004298 -0.8104 8.00 181.00 487.00 373.00 300.00 0
2009_004419 -0.8321 311.00 191.00 500.00 365.00 105.00 0
2009_004456 -0.7768 1.00 1.00 500.00 336.00 105.00 0
2009_004457 -0.7408 22.00 110.00 500.00 281.00 0.00 0
2009_004588 -1.0340 1.00 126.00 500.00 337.00 240.00 0
2009_004687 -0.6955 1.00 160.00 195.00 372.00 330.00 0
2009_004718 -0.8941 1.00 10.00 500.00 375.00 285.00 0
2009_004782 -0.6789 1.00 90.00 500.00 375.00 30.00 0
2009_004823 -0.8564 331.00 270.00 500.00 375.00 0.00 0
2009_004993 -0.5364 113.00 145.00 407.00 373.00 315.00 0
2009_005299 -0.8506 1.00 1.00 500.00 375.00 300.00 0
2010_000097 -0.9938 1.00 90.00 396.00 344.00 0.00 0
2010_000256 -0.6057 54.00 44.00 420.00 239.00 0.00 0
2010_000284 -1.0786 247.00 207.00 498.00 351.00 90.00 0
2010_000284 -0.9439 15.00 172.00 169.00 321.00 105.00 0
2010_000344 -0.9858 139.00 103.00 347.00 245.00 270.00 0
2010_000821 -0.8459 1.00 203.00 258.00 371.00 315.00 0
2010_000830 -0.5922 67.00 146.00 396.00 294.00 0.00 0
2010_000968 -0.9867 145.00 74.00 400.00 211.00 45.00 0
2010_001051 -0.3446 191.00 51.00 499.00 265.00 45.00 0
2010_001051 -0.5101 1.00 61.00 229.00 320.00 345.00 0
2010_001127 -1.0659 367.00 78.00 500.00 181.00 195.00 0
2010_001127 -0.9953 43.00 168.00 453.00 375.00 0.00 0
2010_001149 -1.0320 255.00 180.00 500.00 329.00 345.00 0
2010_001189 -0.7082 191.00 184.00 471.00 339.00 30.00 0
2010_001287 -0.8939 172.00 44.00 500.00 227.00 0.00 0
2010_001287 -0.9195 1.00 49.00 221.00 332.00 105.00 0
2010_001327 -0.7562 32.00 34.00 500.00 374.00 315.00 0
2010_001586 -0.9662 261.00 283.00 454.00 384.00 195.00 0
2010_001636 -0.9807 1.00 105.00 500.00 375.00 255.00 0
2010_001763 -0.6952 7.00 40.00 464.00 310.00 330.00 0
2010_001767 -0.8572 1.00 142.00 423.00 375.00 0.00 0
2010_001962 -0.8320 17.00 82.00 500.00 334.00 0.00 0
2010_002337 -0.6808 177.00 65.00 393.00 225.00 315.00 0
2010_002461 -0.8708 1.00 124.00 500.00 332.00 0.00 0
2010_002531 -0.7672 1.00 1.00 500.00 375.00 315.00 0
2010_002710 -0.8960 84.00 191.00 387.00 337.00 0.00 0
2010_002817 -0.6488 2.00 1.00 500.00 414.00 105.00 0
2010_002860 -0.8889 1.00 141.00 500.00 373.00 105.00 0
2010_003278 -0.8501 70.00 217.00 462.00 374.00 30.00 0
2010_003331 -0.8702 1.00 16.00 500.00 375.00 105.00 0
2010_003401 -0.6682 72.00 198.00 500.00 333.00 240.00 0
2010_003451 -0.9386 1.00 15.00 500.00 375.00 45.00 0
2010_003597 -0.9581 1.00 180.00 442.00 375.00 30.00 0
2010_003613 -0.7147 1.00 1.00 500.00 265.00 300.00 0
2010_003861 -0.7969 1.00 119.00 361.00 316.00 0.00 0
2010_004095 -0.9781 306.00 203.00 500.00 375.00 0.00 0
2010_004125 -0.9791 228.00 189.00 481.00 310.00 255.00 0
2010_004409 -0.9539 6.00 40.00 495.00 347.00 120.00 0
2010_004447 -0.9515 40.00 231.00 231.00 361.00 300.00 0
2010_004757 -0.9237 1.00 1.00 500.00 146.00 300.00 0
2010_004783 -0.9505 144.00 142.00 353.00 309.00 345.00 0
2010_005049 -0.7562 1.00 103.00 276.00 375.00 285.00 0
2010_005180 -0.8083 344.00 220.00 500.00 375.00 90.00 0
2010_005398 -0.7170 1.00 225.00 323.00 375.00 0.00 0
2010_005532 -0.9514 1.00 137.00 445.00 360.00 105.00 0
2010_005606 -0.9197 121.00 39.00 500.00 375.00 90.00 0
2010_005610 -0.8870 1.00 156.00 500.00 446.00 0.00 0
2010_005681 -0.6902 1.00 1.00 500.00 375.00 105.00 0
2010_005692 -0.6140 42.00 151.00 453.00 374.00 30.00 0
2010_005937 -0.7109 1.00 1.00 500.00 332.00 45.00 0
2010_005980 -0.6132 272.00 268.00 493.00 375.00 45.00 0
2010_006056 -1.0042 275.00 107.00 500.00 207.00 135.00 0
2011_000037 -0.9092 314.00 200.00 422.00 346.00 75.00 0
2011_000037 -1.0766 103.00 187.00 195.00 276.00 90.00 0
2011_000070 -0.5037 3.00 34.00 493.00 354.00 300.00 0
2011_000082 -0.8647 1.00 154.00 161.00 375.00 105.00 0
2011_000142 -0.7673 99.00 125.00 486.00 325.00 0.00 0
2011_000146 -0.8121 2.00 28.00 499.00 375.00 285.00 0
2011_000173 -0.9804 1.00 274.00 210.00 474.00 285.00 0
2011_000304 -0.8812 1.00 186.00 500.00 375.00 270.00 0
2011_000310 -0.9341 59.00 299.00 237.00 462.00 315.00 0
2011_000364 -0.5336 1.00 101.00 311.00 270.00 315.00 0
2011_000364 -1.0224 1.00 239.00 488.00 375.00 165.00 0
2011_000386 -0.8108 1.00 320.00 375.00 500.00 30.00 0
2011_000477 -0.7644 1.00 17.00 500.00 333.00 315.00 0
2011_000608 -0.7113 223.00 239.00 500.00 375.00 120.00 0
2011_000630 -0.8737 1.00 164.00 225.00 356.00 105.00 0
2011_000765 -0.3161 46.00 21.00 437.00 335.00 45.00 0
2011_001005 -0.7622 43.00 16.00 465.00 375.00 45.00 0
2011_001167 -0.5582 85.00 186.00 203.00 255.00 45.00 0
2011_001283 -0.7650 55.00 172.00 484.00 374.00 345.00 0
2011_001304 -0.6451 163.00 104.00 299.00 207.00 0.00 0
2011_001304 -1.0758 310.00 111.00 486.00 203.00 120.00 0
2011_001330 -0.6702 1.00 153.00 221.00 372.00 105.00 0
2011_001404 -0.8127 146.00 157.00 463.00 333.00 300.00 0
2011_001404 -0.8281 1.00 103.00 124.00 319.00 105.00 0
2011_001440 -0.8602 183.00 192.00 338.00 307.00 45.00 0
2011_001440 -0.9863 1.00 254.00 233.00 375.00 330.00 0
2011_001518 -0.9488 2.00 154.00 414.00 316.00 135.00 0
2011_001531 -0.7813 328.00 191.00 499.00 374.00 105.00 0
2011_001531 -0.7380 104.00 157.00 375.00 261.00 315.00 0
2011_001567 -1.0075 2.00 140.00 212.00 261.00 90.00 0
2011_001691 -0.9092 2.00 196.00 167.00 422.00 345.00 0
2011_001713 -0.7195 253.00 150.00 500.00 375.00 105.00 0
2011_001751 -0.6712 110.00 183.00 442.00 345.00 60.00 0
2011_001794 -1.0584 226.00 222.00 373.00 357.00 270.00 0
2011_001820 -0.9514 1.00 92.00 321.00 385.00 300.00 0
2011_001845 -0.9648 1.00 133.00 492.00 373.00 0.00 0
2011_001856 -0.8625 274.00 174.00 407.00 322.00 0.00 0
2011_001856 -1.0218 1.00 227.00 227.00 375.00 330.00 0
2011_001914 -0.8489 1.00 12.00 485.00 375.00 345.00 0
2011_001932 -0.9151 167.00 147.00 320.00 229.00 255.00 0
2011_001980 -0.9105 3.00 197.00 498.00 444.00 165.00 0
2011_002109 -0.4250 1.00 1.00 375.00 500.00 105.00 0
2011_002184 -0.9215 9.00 63.00 500.00 364.00 45.00 0
2011_002391 -1.1341 250.00 291.00 500.00 375.00 315.00 0
2011_002395 -0.5879 158.00 127.00 432.00 295.00 135.00 0
2011_002414 -0.8468 1.00 126.00 500.00 365.00 60.00 0
2011_002507 -0.8084 2.00 73.00 312.00 245.00 300.00 0
2011_002644 -0.9526 85.00 266.00 470.00 375.00 0.00 0
2011_002644 -1.2204 457.00 240.00 500.00 375.00 75.00 0
2011_002714 -0.8406 3.00 152.00 188.00 265.00 0.00 0
2011_002784 -0.8109 265.00 167.00 500.00 242.00 45.00 0
2011_002784 -0.8565 182.00 220.00 500.00 375.00 270.00 0
2011_002810 -0.9178 259.00 225.00 500.00 342.00 45.00 0
2011_003039 -0.8967 101.00 138.00 390.00 286.00 0.00 0
2011_003182 -0.6475 1.00 22.00 500.00 375.00 105.00 0
2011_003201 -0.6659 278.00 145.00 495.00 243.00 0.00 0
2011_003212 -0.7104 54.00 238.00 306.00 375.00 0.00 0
2011_003256 -0.9548 5.00 75.00 414.00 307.00 30.00 0
