2008_000082 0.9723 128.00 239.00 346.00 361.00 270.00 0
2008_000203 -0.9210 354.00 156.00 411.00 261.00 15.00 0
2008_000328 -0.7867 151.00 185.00 274.00 439.00 15.00 0
2008_000378 -0.4627 15.00 182.00 228.00 333.00 240.00 0
2008_000516 -0.6520 205.00 82.00 440.00 347.00 45.00 0
2008_000547 -0.9676 124.00 168.00 200.00 238.00 330.00 0
2008_000782 -1.0011 5.00 124.00 254.00 500.00 345.00 0
2008_000803 -1.3518 432.00 11.00 461.00 64.00 15.00 0
2008_000806 -1.0186 247.00 185.00 446.00 375.00 330.00 0
2008_000811 -0.9233 30.00 136.00 268.00 331.00 30.00 0
2008_000811 -1.0355 312.00 101.00 475.00 360.00 0.00 0
2008_000858 -0.3353 12.00 51.00 382.00 328.00 300.00 0
2008_000858 -0.6313 284.00 16.00 453.00 211.00 270.00 0
2008_001007 -1.0728 95.00 208.00 327.00 375.00 345.00 0
2008_001150 0.2526 109.00 270.00 208.00 343.00 90.00 0
2008_001168 0.0948 1.00 25.00 490.00 296.00 90.00 0
2008_001177 0.0072 214.00 165.00 351.00 270.00 90.00 0
2008_001406 -0.9451 1.00 4.00 181.00 191.00 30.00 0
2008_001406 -0.3744 83.00 1.00 385.00 173.00 270.00 0
2008_001406 0.0369 78.00 38.00 466.00 260.00 270.00 0
2008_001586 -1.1898 36.00 270.00 88.00 315.00 15.00 0
2008_001727 -1.3804 303.00 192.00 360.00 244.00 15.00 0
2008_001727 -1.3754 212.00 180.00 267.00 228.00 15.00 0
2008_002047 -1.5236 88.00 204.00 128.00 232.00 15.00 0
2008_002115 -0.8752 231.00 1.00 500.00 319.00 195.00 0
2008_002179 -1.4303 262.00 9.00 315.00 49.00 15.00 0
2008_002179 -1.5188 283.00 2.00 332.00 38.00 15.00 0
2008_002191 -1.1091 1.00 305.00 82.00 468.00 240.00 0
2008_002191 -1.0638 21.00 217.00 107.00 360.00 15.00 0
2008_002191 -1.0063 216.00 219.00 264.00 295.00 345.00 0
2008_002209 -0.7051 291.00 205.00 451.00 320.00 345.00 0
2008_002240 -0.7594 24.00 12.00 141.00 333.00 195.00 0
2008_002240 -0.8543 139.00 9.00 244.00 333.00 330.00 0
2008_002240 -0.7968 226.00 1.00 350.00 331.00 345.00 0
2008_002240 -0.7204 329.00 1.00 462.00 333.00 195.00 0
2008_002374 -1.0504 187.00 130.00 450.00 232.00 270.00 0
2008_002383 -0.8652 81.00 16.00 249.00 417.00 0.00 0
2008_002401 -1.4388 455.00 219.00 500.00 258.00 15.00 0
2008_002696 -0.8450 90.00 1.00 500.00 375.00 330.00 0
2008_002752 -0.9667 1.00 274.00 286.00 375.00 285.00 0
2008_002752 -0.4168 199.00 147.00 402.00 263.00 285.00 0
2008_002926 -0.6388 41.00 25.00 468.00 300.00 300.00 0
2008_003053 -0.4792 7.00 1.00 483.00 375.00 270.00 0
2008_003152 -0.1983 23.00 92.00 368.00 349.00 45.00 0
2008_003249 0.4320 90.00 168.00 353.00 309.00 270.00 0
2008_003320 0.5804 80.00 147.00 393.00 347.00 90.00 0
2008_003333 -0.3955 115.00 141.00 310.00 271.00 45.00 0
2008_003334 -0.6651 84.00 131.00 234.00 251.00 300.00 0
2008_003451 -0.2824 152.00 195.00 390.00 386.00 60.00 0
2008_003479 -1.0114 55.00 139.00 305.00 469.00 15.00 0
2008_003618 -0.8671 333.00 188.00 500.00 375.00 0.00 0
2008_003618 -0.7041 159.00 151.00 334.00 260.00 270.00 0
2008_003820 -0.6071 1.00 86.00 424.00 360.00 270.00 0
2008_003827 0.3786 20.00 61.00 473.00 299.00 270.00 0
2008_003844 -0.7583 269.00 108.00 345.00 197.00 165.00 0
2008_004345 -0.8433 100.00 18.00 406.00 374.00 330.00 0
2008_004371 -1.0003 250.00 17.00 395.00 263.00 345.00 0
2008_004399 -0.8819 260.00 154.00 328.00 266.00 345.00 0
2008_004549 -0.0350 32.00 99.00 437.00 356.00 270.00 0
2008_004554 -1.0466 288.00 105.00 360.00 175.00 195.00 0
2008_004599 -0.6988 85.00 77.00 402.00 314.00 45.00 0
2008_004615 -0.6102 12.00 1.00 485.00 375.00 45.00 0
2008_004615 -0.7029 1.00 1.00 352.00 290.00 45.00 0
2008_004615 -0.9390 1.00 1.00 303.00 182.00 105.00 0
2008_004729 -0.3818 380.00 172.00 482.00 255.00 285.00 0
2008_004729 -0.5393 297.00 135.00 376.00 246.00 330.00 0
2008_004832 -0.8186 79.00 91.00 245.00 403.00 0.00 0
2008_004832 -0.9356 237.00 108.00 324.00 213.00 75.00 0
2008_004832 -1.0173 5.00 143.00 125.00 237.00 270.00 0
2008_004940 -0.9400 42.00 71.00 500.00 333.00 45.00 0
2008_004940 -0.6691 1.00 57.00 331.00 333.00 240.00 0
2008_005032 -0.8656 290.00 178.00 386.00 375.00 195.00 0
2008_005049 -0.1131 101.00 146.00 337.00 331.00 90.00 0
2008_005139 -0.8365 49.00 272.00 101.00 366.00 0.00 0
2008_005139 -0.9941 235.00 176.00 288.00 255.00 0.00 0
2008_005139 -1.4446 120.00 82.00 151.00 125.00 15.00 0
2008_005139 -0.8159 123.00 174.00 182.00 242.00 15.00 0
2008_005243 -1.1157 237.00 149.00 327.00 241.00 345.00 0
2008_005245 0.1602 31.00 179.00 301.00 372.00 90.00 0
2008_005245 -0.6311 38.00 152.00 185.00 237.00 75.00 0
2008_005245 -0.8502 280.00 170.00 343.00 238.00 75.00 0
2008_005374 -0.2869 36.00 91.00 464.00 343.00 75.00 0
2008_005422 -0.1878 71.00 70.00 448.00 317.00 45.00 0
2008_005423 -0.8392 187.00 163.00 447.00 299.00 345.00 0
2008_005427 -0.4400 48.00 83.00 356.00 333.00 270.00 0
2008_005637 -0.7583 6.00 103.00 484.00 307.00 240.00 0
2008_005790 -1.0401 125.00 117.00 217.00 253.00 15.00 0
2008_005915 -0.8864 1.00 80.00 500.00 375.00 0.00 0
2008_006017 -0.3981 62.00 45.00 392.00 374.00 315.00 0
2008_006042 -0.9287 1.00 212.00 361.00 500.00 330.00 0
2008_006205 -0.4091 95.00 93.00 265.00 325.00 15.00 0
2008_006441 0.2035 8.00 21.00 407.00 319.00 240.00 0
2008_006458 -0.5923 21.00 139.00 236.00 439.00 15.00 0
2008_006517 -0.7309 1.00 1.00 418.00 375.00 345.00 0
2008_006526 -0.9052 1.00 176.00 85.00 298.00 45.00 0
2008_006526 -1.2004 14.00 163.00 106.00 252.00 285.00 0
2008_006686 0.3200 20.00 35.00 476.00 282.00 285.00 0
2008_006708 -0.4096 207.00 37.00 382.00 163.00 75.00 0
2008_006776 -0.8084 61.00 102.00 450.00 333.00 270.00 0
2008_006874 -0.8447 125.00 210.00 307.00 500.00 330.00 0
2008_006944 0.4878 107.00 138.00 406.00 309.00 270.00 0
2008_006987 -0.6089 158.00 107.00 344.00 246.00 315.00 0
2008_006989 -0.0364 257.00 162.00 406.00 260.00 90.00 0
2008_007181 -0.9428 116.00 193.00 383.00 375.00 270.00 0
2008_007181 -1.2271 50.00 251.00 110.00 302.00 15.00 0
2008_007184 -0.9235 40.00 181.00 114.00 242.00 45.00 0
2008_007184 -0.8720 203.00 118.00 279.00 193.00 330.00 0
2008_007190 -0.7645 96.00 196.00 262.00 456.00 180.00 0
2008_007241 -0.6095 101.00 23.00 376.00 362.00 330.00 0
2008_007264 0.0861 47.00 47.00 454.00 346.00 90.00 0
2008_007336 -0.8034 4.00 202.00 316.00 500.00 15.00 0
2008_007344 -0.5040 333.00 132.00 466.00 355.00 15.00 0
2008_007348 -0.8229 264.00 228.00 352.00 297.00 90.00 0
2008_007409 -1.5518 97.00 192.00 151.00 223.00 15.00 0
2008_007459 -0.8693 1.00 84.00 487.00 457.00 45.00 0
2008_007488 -0.7171 143.00 228.00 226.00 300.00 270.00 0
2008_007558 -0.7092 80.00 11.00 413.00 369.00 30.00 0
2008_007716 -0.9214 65.00 121.00 290.00 368.00 45.00 0
2008_007739 -0.4876 82.00 10.00 429.00 361.00 90.00 0
2008_007935 -0.8134 34.00 88.00 132.00 180.00 195.00 0
2008_007942 -0.5936 318.00 125.00 395.00 268.00 195.00 0
2008_007955 -0.8225 33.00 94.00 219.00 322.00 195.00 0
2008_007955 -0.9578 159.00 169.00 259.00 289.00 195.00 0
2008_007955 -0.7468 228.00 70.00 423.00 313.00 15.00 0
2008_008127 -0.1926 246.00 160.00 389.00 325.00 30.00 0
2008_008141 -1.5287 438.00 189.00 479.00 221.00 15.00 0
2008_008177 -0.8832 291.00 122.00 418.00 329.00 180.00 0
2008_008177 -1.0822 1.00 116.00 50.00 248.00 345.00 0
2008_008177 -0.8139 134.00 120.00 304.00 299.00 240.00 0
2008_008246 -0.3405 137.00 213.00 342.00 375.00 315.00 0
2008_008450 -0.7179 339.00 130.00 475.00 342.00 0.00 0
2008_008450 -0.6704 155.00 116.00 302.00 343.00 15.00 0
2008_008450 -0.8223 1.00 138.00 194.00 319.00 15.00 0
2008_008466 -1.1479 217.00 186.00 275.00 270.00 0.00 0
2008_008552 -0.0312 67.00 108.00 448.00 337.00 90.00 0
2009_000074 0.4696 73.00 21.00 397.00 320.00 270.00 0
2009_000184 1.0351 29.00 33.00 483.00 328.00 270.00 0
2009_000276 -0.9085 1.00 1.00 500.00 375.00 105.00 0
2009_000402 -0.3839 46.00 22.00 468.00 323.00 270.00 0
2009_000611 0.1906 19.00 1.00 468.00 342.00 285.00 0
2009_000637 0.3447 34.00 114.00 290.00 326.00 270.00 0
2009_000637 -0.8265 208.00 126.00 393.00 294.00 315.00 0
2009_000676 -0.7916 1.00 1.00 461.00 288.00 60.00 0
2009_000676 -0.9020 13.00 1.00 345.00 128.00 270.00 0
2009_000719 0.0645 101.00 140.00 432.00 318.00 90.00 0
2009_000719 -0.8434 31.00 133.00 154.00 286.00 240.00 0
2009_000726 -1.3182 382.00 169.00 435.00 231.00 15.00 0
2009_000730 -0.8306 72.00 75.00 362.00 227.00 45.00 0
2009_000825 -0.8501 232.00 207.00 473.00 333.00 105.00 0
2009_000825 -0.9909 27.00 219.00 281.00 333.00 315.00 0
2009_000858 -0.0100 94.00 115.00 484.00 375.00 270.00 0
2009_000858 -0.1979 54.00 74.00 320.00 283.00 45.00 0
2009_000858 -1.2065 1.00 81.00 57.00 177.00 15.00 0
2009_000858 -1.4985 315.00 8.00 344.00 44.00 15.00 0
2009_000858 -1.5346 274.00 4.00 314.00 38.00 15.00 0
2009_000858 -1.3059 12.00 23.00 51.00 68.00 15.00 0
2009_000897 -0.7972 152.00 105.00 336.00 420.00 345.00 0
2009_001061 -0.7271 1.00 1.00 500.00 375.00 45.00 0
2009_001121 -0.4212 245.00 146.00 345.00 200.00 285.00 0
2009_001320 -0.7091 1.00 1.00 482.00 375.00 90.00 0
2009_001370 -1.3599 129.00 226.00 161.00 272.00 15.00 0
2009_001427 -0.4604 282.00 89.00 489.00 315.00 30.00 0
2009_001645 -0.7472 7.00 28.00 269.00 497.00 15.00 0
2009_001645 -1.0987 1.00 45.00 95.00 258.00 0.00 0
2009_001646 -0.3702 57.00 35.00 488.00 296.00 90.00 0
2009_001646 -1.1318 1.00 2.00 211.00 125.00 45.00 0
2009_001759 -0.6363 25.00 134.00 212.00 375.00 30.00 0
2009_001759 -0.5996 371.00 117.00 500.00 273.00 45.00 0
2009_001759 -0.1326 263.00 129.00 370.00 229.00 60.00 0
2009_001759 -0.9078 206.00 119.00 282.00 201.00 105.00 0
2009_001764 -0.6972 129.00 164.00 265.00 385.00 0.00 0
2009_001764 -1.4068 173.00 58.00 200.00 135.00 15.00 0
2009_001805 -0.8149 1.00 188.00 412.00 336.00 75.00 0
2009_001973 -0.6268 15.00 11.00 474.00 446.00 300.00 0
2009_001984 0.3973 21.00 17.00 485.00 311.00 270.00 0
2009_002131 0.5095 176.00 104.00 461.00 282.00 90.00 0
2009_002239 -1.0370 159.00 51.00 453.00 500.00 165.00 0
2009_002317 -0.7018 82.00 71.00 351.00 264.00 45.00 0
2009_002335 -0.6362 26.00 179.00 308.00 466.00 15.00 0
2009_002382 -0.0377 7.00 170.00 313.00 478.00 45.00 0
2009_002382 -1.1695 327.00 269.00 375.00 343.00 0.00 0
2009_002382 -1.2328 1.00 199.00 53.00 269.00 330.00 0
2009_002399 -0.9130 1.00 1.00 240.00 212.00 330.00 0
2009_002399 -0.1037 29.00 1.00 500.00 375.00 45.00 0
2009_002569 -0.6833 213.00 153.00 376.00 315.00 315.00 0
2009_002569 -1.0589 130.00 20.00 253.00 143.00 45.00 0
2009_002651 -0.7766 176.00 123.00 403.00 297.00 90.00 0
2009_002665 -0.8565 9.00 1.00 500.00 375.00 75.00 0
2009_002806 -0.8253 16.00 187.00 209.00 341.00 60.00 0
2009_002806 -0.9711 179.00 187.00 500.00 341.00 90.00 0
2009_002894 -0.9548 1.00 98.00 252.00 500.00 165.00 0
2009_002902 -0.5749 63.00 57.00 448.00 357.00 315.00 0
2009_003020 -0.7173 337.00 196.00 405.00 241.00 270.00 0
2009_003196 -0.2186 197.00 199.00 420.00 323.00 90.00 0
2009_003238 0.3763 114.00 137.00 355.00 263.00 90.00 0
2009_003346 -0.6544 1.00 206.00 161.00 459.00 330.00 0
2009_003346 -0.8871 180.00 199.00 334.00 464.00 30.00 0
2009_003351 -1.1633 70.00 270.00 165.00 330.00 45.00 0
2009_003411 -0.6982 64.00 118.00 324.00 482.00 30.00 0
2009_003560 -1.4848 271.00 172.00 290.00 202.00 15.00 0
2009_003560 -1.6150 273.00 159.00 291.00 183.00 15.00 0
2009_003560 -1.4994 213.00 258.00 244.00 294.00 15.00 0
2009_003560 -1.5400 200.00 238.00 227.00 266.00 15.00 0
2009_003576 -0.8551 134.00 108.00 231.00 299.00 0.00 0
2009_003598 0.3985 34.00 44.00 474.00 300.00 90.00 0
2009_003747 -0.5681 1.00 1.00 500.00 375.00 45.00 0
2009_003802 -0.7171 83.00 17.00 334.00 357.00 0.00 0
2009_003944 -0.7997 1.00 1.00 500.00 375.00 45.00 0
2009_004043 0.0802 92.00 91.00 470.00 282.00 270.00 0
2009_004093 0.3268 15.00 102.00 494.00 339.00 270.00 0
2009_004175 -1.3118 346.00 216.00 376.00 264.00 15.00 0
2009_004175 -1.5145 325.00 170.00 344.00 203.00 15.00 0
2009_004175 -1.6616 78.00 157.00 95.00 170.00 15.00 0
2009_004175 -1.6421 128.00 162.00 149.00 177.00 15.00 0
2009_004207 -0.5562 1.00 1.00 500.00 361.00 45.00 0
2009_004207 -1.2387 166.00 1.00 278.00 58.00 210.00 0
2009_004207 -1.4586 270.00 1.00 337.00 55.00 15.00 0
2009_004207 -1.4607 321.00 1.00 360.00 41.00 15.00 0
2009_004241 -0.7993 270.00 1.00 500.00 207.00 240.00 0
2009_004241 -0.7440 106.00 1.00 475.00 375.00 315.00 0
2009_004455 -0.6266 97.00 68.00 292.00 306.00 15.00 0
2009_004455 -0.8712 279.00 67.00 388.00 217.00 15.00 0
2009_004502 0.4955 51.00 106.00 415.00 292.00 90.00 0
2009_004738 -0.3719 210.00 64.00 493.00 231.00 45.00 0
2009_004801 -0.9717 277.00 145.00 361.00 220.00 315.00 0
2009_004845 -0.5119 21.00 24.00 440.00 375.00 45.00 0
2009_004849 -0.9747 168.00 45.00 433.00 180.00 285.00 0
2009_004857 -0.8854 1.00 45.00 108.00 314.00 15.00 0
2009_004857 -0.8153 45.00 30.00 408.00 500.00 30.00 0
2009_004868 -0.9156 298.00 101.00 421.00 324.00 165.00 0
2009_004868 -0.8319 89.00 101.00 250.00 297.00 330.00 0
2009_004987 -0.2526 107.00 152.00 369.00 301.00 285.00 0
2009_005078 -0.6414 121.00 125.00 368.00 264.00 90.00 0
2009_005086 -0.0728 241.00 179.00 466.00 333.00 75.00 0
2010_000027 -0.2257 3.00 68.00 351.00 474.00 30.00 0
2010_000035 0.0782 14.00 6.00 486.00 317.00 90.00 0
2010_000087 -0.2988 1.00 58.00 465.00 323.00 90.00 0
2010_000262 -1.1756 26.00 84.00 100.00 191.00 195.00 0
2010_000433 -0.7932 31.00 32.00 257.00 324.00 315.00 0
2010_000510 -0.5668 61.00 180.00 294.00 393.00 15.00 0
2010_000583 -0.5110 44.00 14.00 427.00 363.00 30.00 0
2010_000695 0.0566 162.00 128.00 345.00 232.00 270.00 0
2010_000744 -0.0977 24.00 41.00 469.00 318.00 90.00 0
2010_000829 -1.2482 4.00 83.00 80.00 130.00 105.00 0
2010_000927 0.8208 17.00 9.00 477.00 340.00 270.00 0
2010_000929 -1.3664 95.00 279.00 156.00 327.00 285.00 0
2010_001234 -0.7952 1.00 1.00 422.00 269.00 135.00 0
2010_001251 -0.6026 1.00 15.00 428.00 374.00 240.00 0
2010_001313 -0.2974 18.00 158.00 146.00 330.00 30.00 0
2010_001553 -0.9460 1.00 34.00 294.00 500.00 330.00 0
2010_001614 -0.9208 70.00 98.00 271.00 463.00 0.00 0
2010_001828 -0.9451 25.00 119.00 500.00 339.00 345.00 0
2010_001986 -1.4838 237.00 161.00 280.00 211.00 15.00 0
2010_002128 -0.6510 108.00 173.00 397.00 361.00 315.00 0
2010_002172 0.2379 2.00 9.00 500.00 322.00 270.00 0
2010_002251 0.1426 1.00 166.00 359.00 374.00 270.00 0
2010_002271 -0.3010 34.00 10.00 439.00 368.00 270.00 0
2010_002396 -0.7319 129.00 115.00 319.00 332.00 0.00 0
2010_002408 -0.7247 44.00 98.00 295.00 436.00 345.00 0
2010_002629 0.8813 137.00 127.00 352.00 270.00 90.00 0
2010_002991 -0.7485 193.00 303.00 415.00 492.00 345.00 0
2010_003200 1.0102 25.00 65.00 459.00 304.00 270.00 0
2010_003207 -0.5846 24.00 96.00 226.00 359.00 330.00 0
2010_003303 0.0519 209.00 107.00 494.00 302.00 270.00 0
2010_003303 -0.0161 48.00 119.00 272.00 354.00 300.00 0
2010_003314 -0.2955 104.00 221.00 287.00 356.00 90.00 0
2010_003314 -0.8135 226.00 213.00 365.00 348.00 90.00 0
2010_003316 -0.7114 1.00 1.00 500.00 333.00 315.00 0
2010_003605 0.0625 49.00 5.00 457.00 333.00 270.00 0
2010_003695 -0.6989 34.00 91.00 480.00 281.00 240.00 0
2010_003745 -0.1534 69.00 57.00 472.00 325.00 90.00 0
2010_003745 0.2942 71.00 10.00 315.00 199.00 90.00 0
2010_003947 -0.5359 11.00 48.00 490.00 301.00 240.00 0
2010_004042 -0.4861 72.00 27.00 295.00 230.00 90.00 0
2010_004143 -0.5213 5.00 3.00 469.00 375.00 240.00 0
2010_004219 -0.5126 43.00 42.00 454.00 360.00 240.00 0
2010_004219 -0.8061 1.00 27.00 242.00 227.00 330.00 0
2010_004219 -1.2439 300.00 1.00 376.00 41.00 15.00 0
2010_004337 -1.0285 347.00 219.00 389.00 287.00 195.00 0
2010_004355 -0.4680 130.00 1.00 441.00 344.00 330.00 0
2010_004422 0.9522 53.00 7.00 456.00 292.00 90.00 0
2010_004624 -1.0641 1.00 105.00 62.00 273.00 345.00 0
2010_004697 -0.9284 129.00 156.00 500.00 338.00 90.00 0
2010_004854 -1.2898 173.00 65.00 315.00 135.00 15.00 0
2010_004894 -0.8154 202.00 13.00 500.00 281.00 75.00 0
2010_004941 -0.5084 22.00 115.00 310.00 474.00 330.00 0
2010_005136 -0.4573 20.00 1.00 499.00 333.00 240.00 0
2010_005160 -0.1077 98.00 147.00 306.00 334.00 240.00 0
2010_005160 -0.6606 322.00 141.00 496.00 343.00 345.00 0
2010_005160 -0.9435 45.00 111.00 115.00 273.00 0.00 0
2010_005252 -0.7564 1.00 145.00 258.00 277.00 75.00 0
2010_005272 -0.7509 40.00 1.00 499.00 331.00 90.00 0
2010_005346 -0.5815 46.00 58.00 383.00 296.00 285.00 0
2010_005366 0.0101 44.00 108.00 493.00 343.00 270.00 0
2010_005433 -0.8977 84.00 48.00 370.00 375.00 195.00 0
2010_005501 0.4725 107.00 117.00 353.00 289.00 270.00 0
2010_005501 -0.8585 185.00 79.00 361.00 231.00 285.00 0
2010_005572 -0.7367 53.00 13.00 298.00 477.00 300.00 0
2010_005620 -1.4203 384.00 57.00 411.00 101.00 15.00 0
2010_005731 0.7581 38.00 33.00 463.00 316.00 270.00 0
2010_005849 -1.0167 16.00 5.00 287.00 500.00 195.00 0
2010_005997 -1.3898 295.00 116.00 340.00 166.00 15.00 0
2010_005997 -0.6480 201.00 127.00 283.00 258.00 15.00 0
2010_005997 -1.1185 400.00 144.00 500.00 375.00 345.00 0
2010_006051 1.0501 73.00 102.00 443.00 356.00 90.00 0
2011_000034 -0.4950 76.00 13.00 483.00 333.00 120.00 0
2011_000060 -0.5918 104.00 39.00 363.00 346.00 330.00 0
2011_000214 -0.7412 231.00 181.00 322.00 299.00 345.00 0
2011_000214 -1.3090 179.00 177.00 230.00 229.00 15.00 0
2011_000314 -0.6290 115.00 120.00 477.00 417.00 90.00 0
2011_000314 -0.6067 68.00 74.00 388.00 296.00 120.00 0
2011_000314 -0.8746 30.00 96.00 193.00 277.00 30.00 0
2011_000315 -0.9224 2.00 1.00 375.00 500.00 195.00 0
2011_000332 -0.9627 321.00 111.00 480.00 259.00 195.00 0
2011_000455 -0.9840 76.00 186.00 475.00 333.00 105.00 0
2011_000487 -1.0346 1.00 1.00 330.00 495.00 330.00 0
2011_000512 -0.3301 91.00 6.00 431.00 368.00 330.00 0
2011_000512 -1.0914 1.00 1.00 86.00 375.00 345.00 0
2011_000618 -0.1080 16.00 112.00 374.00 375.00 75.00 0
2011_000770 -0.9397 59.00 20.00 308.00 403.00 300.00 0
2011_000770 -1.1206 185.00 333.00 257.00 383.00 45.00 0
2011_000927 -0.7928 22.00 120.00 261.00 248.00 270.00 0
2011_001040 0.1746 40.00 1.00 495.00 272.00 90.00 0
2011_001203 -0.9782 203.00 145.00 429.00 281.00 75.00 0
2011_001203 -0.6417 121.00 128.00 317.00 255.00 45.00 0
2011_001203 -1.0618 334.00 118.00 426.00 190.00 90.00 0
2011_001266 -0.1180 22.00 12.00 476.00 356.00 270.00 0
2011_001290 0.0788 55.00 46.00 375.00 311.00 90.00 0
2011_001311 -1.4505 296.00 90.00 347.00 137.00 15.00 0
2011_001311 -1.3136 103.00 84.00 147.00 139.00 15.00 0
2011_001508 -0.7508 46.00 23.00 500.00 364.00 90.00 0
2011_001524 0.2939 2.00 14.00 292.00 346.00 300.00 0
2011_001876 -0.6345 151.00 107.00 499.00 333.00 45.00 0
2011_002093 -0.9122 1.00 105.00 377.00 500.00 15.00 0
2011_002093 -0.9030 1.00 92.00 377.00 352.00 0.00 0
2011_002093 -0.9120 1.00 52.00 321.00 187.00 0.00 0
2011_002093 -1.0719 1.00 39.00 289.00 118.00 15.00 0
2011_002093 -1.0346 1.00 1.00 275.00 93.00 105.00 0
2011_002102 -0.6252 1.00 111.00 326.00 495.00 15.00 0
2011_002116 -0.7904 190.00 145.00 378.00 246.00 315.00 0
2011_002322 -0.8595 206.00 151.00 383.00 357.00 30.00 0
2011_002357 -0.7493 1.00 1.00 303.00 482.00 180.00 0
2011_002479 -0.4766 1.00 1.00 471.00 339.00 75.00 0
2011_002479 -1.0068 401.00 1.00 500.00 155.00 165.00 0
2011_002495 -1.0056 1.00 195.00 41.00 324.00 345.00 0
2011_002760 0.6502 14.00 99.00 486.00 398.00 90.00 0
2011_002786 -0.5487 74.00 1.00 383.00 319.00 15.00 0
2011_002796 -0.7905 31.00 70.00 500.00 375.00 90.00 0
2011_002796 -0.8293 1.00 110.00 79.00 334.00 195.00 0
2011_002796 -1.2270 259.00 88.00 328.00 160.00 15.00 0
2011_002796 -1.0887 379.00 86.00 448.00 204.00 195.00 0
2011_002796 -0.9221 229.00 81.00 272.00 165.00 165.00 0
2011_003013 0.0935 96.00 101.00 374.00 284.00 90.00 0
2011_003019 -0.5360 189.00 229.00 386.00 375.00 270.00 0
2011_003019 -1.4764 87.00 342.00 193.00 375.00 75.00 0
2011_003027 -0.7213 1.00 10.00 500.00 374.00 270.00 0
