2008_000027 -0.7730 9.00 32.00 500.00 375.00 0.00 0
2008_000042 -0.3273 445.00 254.00 500.00 335.00 165.00 0
2008_000050 -1.6501 292.00 197.00 328.00 228.00 345.00 0
2008_000052 -0.3686 159.00 71.00 276.00 140.00 0.00 0
2008_000133 -0.7949 1.00 1.00 500.00 217.00 240.00 0
2008_000163 -0.6169 1.00 38.00 500.00 333.00 45.00 0
2008_000174 -0.9437 438.00 265.00 500.00 348.00 165.00 0
2008_000174 -1.5106 180.00 271.00 246.00 295.00 270.00 0
2008_000174 -1.3414 88.00 263.00 162.00 294.00 270.00 0
2008_000174 -1.4062 63.00 269.00 123.00 306.00 270.00 0
2008_000174 -0.5320 1.00 256.00 68.00 309.00 165.00 0
2008_000174 -1.2409 1.00 275.00 40.00 316.00 105.00 0
2008_000203 -0.8550 81.00 108.00 246.00 258.00 345.00 0
2008_000251 -0.3937 1.00 244.00 94.00 310.00 330.00 0
2008_000253 -0.4035 255.00 348.00 320.00 383.00 330.00 0
2008_000281 -0.3933 106.00 377.00 186.00 419.00 330.00 0
2008_000281 -0.2844 194.00 396.00 283.00 444.00 330.00 0
2008_000304 -0.0092 59.00 88.00 462.00 251.00 75.00 0
2008_000304 -0.8520 458.00 152.00 500.00 221.00 45.00 0
2008_000304 -1.9391 1.00 158.00 25.00 186.00 15.00 0
2008_000304 -1.6209 1.00 159.00 42.00 183.00 270.00 0
2008_000304 -1.4773 14.00 156.00 63.00 180.00 15.00 0
2008_000457 -1.2299 1.00 265.00 47.00 303.00 45.00 0
2008_000457 -1.5622 44.00 271.00 87.00 297.00 165.00 0
2008_000501 -0.8530 172.00 313.00 467.00 375.00 315.00 0
2008_000562 -0.7845 282.00 134.00 435.00 204.00 330.00 0
2008_000599 -0.6384 263.00 50.00 339.00 81.00 75.00 0
2008_000599 -1.0244 27.00 78.00 121.00 114.00 270.00 0
2008_000599 -1.1928 77.00 65.00 149.00 99.00 270.00 0
2008_000659 -1.9496 245.00 264.00 270.00 282.00 15.00 0
2008_000659 -2.0938 285.00 260.00 305.00 277.00 15.00 0
2008_000828 -0.8150 1.00 1.00 500.00 375.00 165.00 0
2008_000868 -1.4874 1.00 312.00 41.00 348.00 15.00 0
2008_000880 0.5281 1.00 106.00 157.00 171.00 60.00 0
2008_000880 -1.9434 353.00 108.00 394.00 124.00 105.00 0
2008_000884 0.4796 171.00 170.00 419.00 251.00 75.00 0
2008_000884 -0.4089 1.00 169.00 138.00 263.00 315.00 0
2008_000904 -1.2741 427.00 40.00 500.00 72.00 105.00 0
2008_000939 -0.5399 1.00 37.00 500.00 263.00 15.00 0
2008_000952 -0.9281 1.00 130.00 96.00 220.00 270.00 0
2008_000952 -1.0756 1.00 206.00 87.00 375.00 15.00 0
2008_000952 -1.0430 355.00 266.00 500.00 375.00 345.00 0
2008_000952 -0.3004 382.00 126.00 500.00 207.00 330.00 0
2008_000952 -0.4083 261.00 137.00 361.00 212.00 0.00 0
2008_000952 -0.5498 93.00 140.00 206.00 224.00 0.00 0
2008_000982 -0.8395 410.00 168.00 490.00 271.00 195.00 0
2008_001007 -0.4431 433.00 161.00 488.00 230.00 165.00 0
2008_001062 -1.6697 100.00 63.00 140.00 94.00 345.00 0
2008_001062 -1.2753 329.00 55.00 374.00 91.00 15.00 0
2008_001062 -1.7474 404.00 64.00 438.00 84.00 15.00 0
2008_001062 -1.9243 440.00 69.00 485.00 83.00 105.00 0
2008_001142 -2.0534 199.00 265.00 222.00 279.00 15.00 0
2008_001142 -0.2447 12.00 255.00 113.00 316.00 0.00 0
2008_001262 -0.9347 37.00 98.00 478.00 362.00 270.00 0
2008_001262 -0.7489 104.00 33.00 292.00 147.00 0.00 0
2008_001334 0.0117 212.00 306.00 331.00 348.00 75.00 0
2008_001432 0.0918 314.00 146.00 387.00 199.00 0.00 0
2008_001445 0.9073 65.00 56.00 435.00 320.00 345.00 0
2008_001445 0.6043 316.00 54.00 457.00 137.00 330.00 0
2008_001445 -0.7612 156.00 36.00 250.00 68.00 45.00 0
2008_001445 -1.0027 85.00 35.00 135.00 66.00 345.00 0
2008_001445 -1.4422 39.00 30.00 82.00 69.00 120.00 0
2008_001543 0.0301 169.00 216.00 258.00 266.00 30.00 0
2008_001586 -1.4999 30.00 255.00 76.00 289.00 240.00 0
2008_001586 -1.2082 88.00 251.00 133.00 291.00 165.00 0
2008_001681 -2.2979 217.00 251.00 236.00 263.00 105.00 0
2008_001681 -2.1497 145.00 249.00 166.00 262.00 270.00 0
2008_001681 -1.3364 51.00 231.00 95.00 296.00 195.00 0
2008_001717 -0.4121 112.00 257.00 202.00 325.00 165.00 0
2008_001717 -1.2893 65.00 267.00 122.00 295.00 120.00 0
2008_001830 -0.3297 288.00 156.00 500.00 334.00 330.00 0
2008_001830 0.7937 130.00 150.00 299.00 226.00 285.00 0
2008_001830 -1.0689 1.00 156.00 51.00 194.00 345.00 0
2008_001867 -0.4464 120.00 234.00 500.00 374.00 75.00 0
2008_001908 -1.8957 190.00 321.00 232.00 335.00 105.00 0
2008_001908 -1.8062 244.00 312.00 293.00 328.00 270.00 0
2008_001961 -0.6206 150.00 187.00 253.00 241.00 15.00 0
2008_001961 -0.1369 393.00 174.00 500.00 243.00 0.00 0
2008_001961 -0.6781 175.00 163.00 470.00 252.00 30.00 0
2008_002138 -1.5500 410.00 139.00 450.00 170.00 165.00 0
2008_002198 -0.5202 1.00 126.00 500.00 320.00 285.00 0
2008_002199 -0.1564 1.00 154.00 268.00 306.00 30.00 0
2008_002199 -0.5847 342.00 183.00 500.00 370.00 345.00 0
2008_002212 -0.3039 1.00 153.00 497.00 339.00 45.00 0
2008_002223 -1.4763 354.00 195.00 415.00 224.00 15.00 0
2008_002322 0.7311 185.00 95.00 500.00 237.00 285.00 0
2008_002322 -0.6570 1.00 168.00 162.00 271.00 255.00 0
2008_002366 -0.7702 1.00 55.00 331.00 500.00 255.00 0
2008_002401 -1.5981 340.00 208.00 390.00 247.00 105.00 0
2008_002401 -1.5723 241.00 218.00 282.00 255.00 165.00 0
2008_002444 -0.7782 218.00 381.00 375.00 500.00 165.00 0
2008_002444 -1.1580 1.00 362.00 29.00 413.00 345.00 0
2008_002483 -0.5469 280.00 154.00 500.00 272.00 345.00 0
2008_002483 -0.5810 49.00 154.00 403.00 303.00 330.00 0
2008_002483 -0.6589 1.00 165.00 123.00 312.00 15.00 0
2008_002516 -1.9930 40.00 164.00 64.00 185.00 15.00 0
2008_002640 -1.5119 20.00 172.00 89.00 200.00 270.00 0
2008_002643 -1.0713 1.00 101.00 56.00 143.00 165.00 0
2008_002643 -0.8900 185.00 136.00 298.00 185.00 270.00 0
2008_002705 0.0137 1.00 75.00 500.00 344.00 330.00 0
2008_002746 -0.8201 269.00 146.00 472.00 311.00 0.00 0
2008_002746 -0.3162 1.00 129.00 227.00 291.00 330.00 0
2008_002746 -0.9547 208.00 147.00 309.00 210.00 0.00 0
2008_002875 0.5365 20.00 53.00 471.00 355.00 15.00 0
2008_002875 -0.6944 1.00 30.00 255.00 236.00 15.00 0
2008_002875 -0.7760 446.00 20.00 500.00 184.00 165.00 0
2008_002875 -0.8378 284.00 23.00 453.00 87.00 165.00 0
2008_002875 -1.0564 171.00 20.00 296.00 59.00 270.00 0
2008_002956 -2.0713 139.00 154.00 167.00 174.00 105.00 0
2008_002958 -1.8227 345.00 182.00 375.00 209.00 345.00 0
2008_002958 -0.9970 1.00 61.00 310.00 500.00 300.00 0
2008_003005 -0.4449 23.00 1.00 500.00 279.00 105.00 0
2008_003022 -0.0592 438.00 110.00 500.00 146.00 45.00 0
2008_003022 -1.2977 406.00 115.00 466.00 141.00 105.00 0
2008_003022 -0.0132 32.00 70.00 475.00 302.00 285.00 0
2008_003030 -0.0312 146.00 206.00 464.00 357.00 285.00 0
2008_003082 -0.8051 378.00 239.00 439.00 295.00 15.00 0
2008_003132 -0.5536 225.00 91.00 431.00 260.00 0.00 0
2008_003141 -0.5473 1.00 193.00 148.00 331.00 0.00 0
2008_003202 -0.9014 219.00 133.00 425.00 245.00 315.00 0
2008_003205 -1.7933 127.00 53.00 161.00 81.00 105.00 0
2008_003255 -0.8509 106.00 70.00 372.00 320.00 165.00 0
2008_003255 -1.6904 1.00 161.00 28.00 191.00 15.00 0
2008_003300 -0.7276 1.00 1.00 500.00 456.00 30.00 0
2008_003333 -0.3209 290.00 79.00 400.00 174.00 45.00 0
2008_003350 -1.2848 160.00 133.00 200.00 163.00 345.00 0
2008_003350 -2.0046 62.00 138.00 88.00 153.00 15.00 0
2008_003405 -1.9872 143.00 103.00 189.00 118.00 105.00 0
2008_003405 -1.9643 196.00 102.00 244.00 116.00 105.00 0
2008_003405 -1.9339 260.00 102.00 306.00 117.00 105.00 0
2008_003405 -0.0298 325.00 103.00 450.00 147.00 285.00 0
2008_003479 -0.7862 229.00 109.00 375.00 293.00 165.00 0
2008_003479 -0.3571 1.00 70.00 132.00 243.00 315.00 0
2008_003577 -0.0669 1.00 7.00 500.00 375.00 30.00 0
2008_003577 -0.7314 1.00 59.00 209.00 230.00 165.00 0
2008_003647 -0.7663 1.00 1.00 500.00 375.00 165.00 0
2008_003673 -1.0304 20.00 274.00 114.00 325.00 165.00 0
2008_003673 -1.7567 244.00 214.00 272.00 241.00 105.00 0
2008_003680 -0.7820 69.00 212.00 260.00 267.00 60.00 0
2008_003680 -0.8401 97.00 232.00 293.00 288.00 270.00 0
2008_003680 -0.8823 115.00 189.00 240.00 226.00 270.00 0
2008_003680 -1.3002 186.00 192.00 257.00 224.00 270.00 0
2008_003680 -1.1071 381.00 176.00 442.00 207.00 330.00 0
2008_003680 -1.5573 468.00 191.00 500.00 222.00 45.00 0
2008_003680 -1.4118 409.00 183.00 447.00 214.00 45.00 0
2008_003680 -0.8460 82.00 252.00 288.00 322.00 60.00 0
2008_003755 -0.4030 39.00 121.00 294.00 367.00 15.00 0
2008_003775 -1.4750 113.00 171.00 164.00 211.00 195.00 0
2008_003794 -1.1587 177.00 169.00 228.00 214.00 165.00 0
2008_003794 -1.7334 131.00 185.00 162.00 209.00 105.00 0
2008_003794 -1.3324 237.00 183.00 304.00 208.00 270.00 0
2008_003794 -1.2849 25.00 184.00 100.00 209.00 45.00 0
2008_003829 -1.2981 1.00 108.00 54.00 143.00 165.00 0
2008_003835 -0.2290 227.00 408.00 295.00 442.00 330.00 0
2008_003835 -1.5390 311.00 410.00 373.00 432.00 270.00 0
2008_003844 -0.3068 437.00 102.00 500.00 196.00 0.00 0
2008_003844 -0.4362 114.00 107.00 288.00 190.00 345.00 0
2008_003844 -0.5145 13.00 120.00 173.00 189.00 30.00 0
2008_003844 -1.2674 331.00 119.00 385.00 155.00 15.00 0
2008_003844 -1.8198 1.00 134.00 43.00 154.00 15.00 0
2008_003846 0.6774 17.00 86.00 477.00 292.00 60.00 0
2008_003860 0.4306 73.00 144.00 157.00 206.00 15.00 0
2008_003860 -0.3448 1.00 134.00 107.00 201.00 15.00 0
2008_003868 -0.0522 301.00 139.00 500.00 287.00 15.00 0
2008_003868 -1.0119 138.00 124.00 395.00 241.00 105.00 0
2008_003924 -2.0805 458.00 179.00 484.00 195.00 345.00 0
2008_003941 -1.8129 17.00 331.00 48.00 355.00 15.00 0
2008_003943 1.2671 69.00 110.00 402.00 223.00 285.00 0
2008_004020 -0.0971 9.00 1.00 500.00 343.00 345.00 0
2008_004046 -0.7603 254.00 86.00 384.00 140.00 75.00 0
2008_004046 -0.6045 417.00 55.00 479.00 91.00 330.00 0
2008_004056 -1.3089 1.00 98.00 48.00 136.00 270.00 0
2008_004069 0.0349 85.00 56.00 452.00 305.00 0.00 0
2008_004127 0.4862 22.00 12.00 472.00 358.00 345.00 0
2008_004127 -0.8212 272.00 27.00 500.00 241.00 165.00 0
2008_004127 -1.3761 313.00 8.00 397.00 39.00 60.00 0
2008_004142 -0.8110 131.00 142.00 318.00 206.00 120.00 0
2008_004182 -1.3194 437.00 89.00 488.00 121.00 165.00 0
2008_004312 -0.3319 33.00 65.00 489.00 310.00 345.00 0
2008_004326 -0.3963 110.00 134.00 271.00 195.00 45.00 0
2008_004326 -0.9220 80.00 135.00 190.00 188.00 45.00 0
2008_004326 -0.8521 38.00 141.00 136.00 183.00 60.00 0
2008_004326 -1.3825 75.00 126.00 151.00 147.00 270.00 0
2008_004326 -1.6528 475.00 115.00 500.00 152.00 165.00 0
2008_004326 -0.5191 231.00 99.00 470.00 213.00 45.00 0
2008_004339 -0.8757 1.00 95.00 228.00 178.00 345.00 0
2008_004414 0.1811 33.00 87.00 441.00 344.00 15.00 0
2008_004414 -2.2513 397.00 70.00 426.00 82.00 105.00 0
2008_004414 -1.9715 424.00 67.00 449.00 80.00 105.00 0
2008_004464 -0.9310 336.00 102.00 378.00 153.00 240.00 0
2008_004464 -0.7920 1.00 1.00 184.00 411.00 270.00 0
2008_004482 -0.9074 356.00 150.00 500.00 254.00 15.00 0
2008_004502 -1.5588 148.00 120.00 189.00 152.00 105.00 0
2008_004549 -0.7730 1.00 121.00 59.00 257.00 345.00 0
2008_004552 -0.2906 1.00 1.00 375.00 160.00 15.00 0
2008_004605 -2.1589 10.00 161.00 30.00 176.00 105.00 0
2008_004613 -1.5760 477.00 210.00 500.00 264.00 15.00 0
2008_004614 -1.8874 388.00 272.00 425.00 289.00 105.00 0
2008_004614 -1.7915 337.00 273.00 377.00 291.00 105.00 0
2008_004614 -1.8959 290.00 276.00 324.00 293.00 105.00 0
2008_004614 -0.0137 280.00 285.00 467.00 373.00 60.00 0
2008_004614 -1.8397 1.00 283.00 24.00 310.00 15.00 0
2008_004684 -0.8322 1.00 5.00 466.00 500.00 270.00 0
2008_004711 -0.8535 1.00 2.00 274.00 227.00 345.00 0
2008_004729 -0.7658 331.00 133.00 500.00 247.00 270.00 0
2008_004729 -0.6591 1.00 148.00 73.00 231.00 345.00 0
2008_004729 -0.0856 57.00 91.00 344.00 253.00 300.00 0
2008_004832 -0.4568 1.00 43.00 238.00 138.00 0.00 0
2008_004862 -0.6458 1.00 93.00 113.00 270.00 345.00 0
2008_004862 -0.3693 1.00 138.00 206.00 245.00 345.00 0
2008_004862 -0.8516 142.00 143.00 248.00 208.00 270.00 0
2008_004862 -0.9332 209.00 142.00 279.00 196.00 345.00 0
2008_004862 -1.8577 396.00 127.00 435.00 147.00 105.00 0
2008_004923 -1.5906 5.00 90.00 48.00 117.00 105.00 0
2008_004955 0.1864 65.00 142.00 434.00 259.00 75.00 0
2008_004955 -0.7507 456.00 159.00 500.00 226.00 0.00 0
2008_004974 -0.0016 168.00 133.00 337.00 247.00 15.00 0
2008_005032 -0.9611 1.00 96.00 157.00 350.00 270.00 0
2008_005032 -0.4858 67.00 131.00 221.00 276.00 0.00 0
2008_005054 -0.2897 324.00 108.00 442.00 196.00 345.00 0
2008_005054 -0.9853 127.00 114.00 216.00 203.00 105.00 0
2008_005054 -0.9574 35.00 128.00 111.00 221.00 45.00 0
2008_005054 -0.5243 232.00 105.00 342.00 203.00 345.00 0
2008_005054 -0.8065 389.00 82.00 500.00 184.00 195.00 0
2008_005110 -0.5414 154.00 141.00 398.00 295.00 45.00 0
2008_005139 -0.3854 261.00 84.00 341.00 162.00 0.00 0
2008_005139 -0.1409 113.00 108.00 214.00 188.00 0.00 0
2008_005139 -0.7834 257.00 62.00 340.00 120.00 0.00 0
2008_005139 -0.6923 143.00 66.00 236.00 153.00 0.00 0
2008_005139 -0.1596 256.00 39.00 332.00 84.00 0.00 0
2008_005139 -1.0694 270.00 8.00 327.00 60.00 0.00 0
2008_005139 -1.1861 286.00 1.00 341.00 49.00 195.00 0
2008_005139 0.1376 23.00 78.00 123.00 155.00 0.00 0
2008_005139 -0.9993 348.00 274.00 500.00 375.00 270.00 0
2008_005139 -0.6548 373.00 173.00 500.00 279.00 165.00 0
2008_005139 -1.0544 434.00 132.00 500.00 177.00 165.00 0
2008_005139 -0.5880 412.00 109.00 500.00 177.00 0.00 0
2008_005139 -0.5319 400.00 71.00 486.00 151.00 165.00 0
2008_005139 -0.4194 394.00 54.00 470.00 116.00 0.00 0
2008_005139 -0.4650 377.00 1.00 446.00 76.00 0.00 0
2008_005139 -1.1731 476.00 18.00 500.00 79.00 165.00 0
2008_005139 -1.1852 453.00 1.00 500.00 46.00 120.00 0
2008_005139 -1.0227 1.00 116.00 43.00 183.00 15.00 0
2008_005166 -2.0218 454.00 88.00 488.00 101.00 105.00 0
2008_005245 -0.7829 243.00 144.00 337.00 181.00 270.00 0
2008_005245 -0.7702 1.00 142.00 134.00 190.00 165.00 0
2008_005255 0.4318 68.00 182.00 157.00 215.00 285.00 0
2008_005277 -1.8813 197.00 373.00 219.00 395.00 15.00 0
2008_005316 -0.7000 244.00 233.00 312.00 279.00 165.00 0
2008_005316 0.0926 54.00 213.00 191.00 273.00 330.00 0
2008_005319 -0.8547 1.00 197.00 205.00 317.00 105.00 0
2008_005356 -0.9588 5.00 1.00 384.00 83.00 270.00 0
2008_005361 -1.5525 417.00 94.00 459.00 127.00 105.00 0
2008_005378 0.4092 144.00 143.00 427.00 270.00 300.00 0
2008_005404 0.0095 91.00 35.00 483.00 306.00 330.00 0
2008_005446 -1.7559 460.00 211.00 500.00 236.00 165.00 0
2008_005446 -1.9832 444.00 207.00 481.00 222.00 105.00 0
2008_005472 1.0207 376.00 141.00 489.00 180.00 75.00 0
2008_005548 -0.5500 148.00 97.00 411.00 257.00 345.00 0
2008_005612 0.0488 10.00 180.00 159.00 244.00 75.00 0
2008_005612 -1.0377 141.00 193.00 217.00 249.00 195.00 0
2008_005638 0.8860 45.00 135.00 451.00 298.00 285.00 0
2008_005663 -0.5106 44.00 69.00 425.00 435.00 345.00 0
2008_005686 1.0680 20.00 26.00 452.00 280.00 330.00 0
2008_005686 -0.7819 1.00 36.00 49.00 137.00 345.00 0
2008_005721 -1.6661 47.00 207.00 93.00 225.00 270.00 0
2008_005721 -1.8577 1.00 209.00 45.00 226.00 105.00 0
2008_005721 -2.0603 437.00 217.00 458.00 233.00 195.00 0
2008_005768 -0.1627 39.00 256.00 293.00 394.00 0.00 0
2008_005796 -1.0182 216.00 109.00 328.00 161.00 105.00 0
2008_005865 -0.9614 5.00 194.00 419.00 335.00 270.00 0
2008_005865 -0.9638 1.00 185.00 188.00 317.00 165.00 0
2008_005875 -0.5763 63.00 52.00 434.00 277.00 345.00 0
2008_005889 -0.1739 435.00 277.00 500.00 317.00 75.00 0
2008_005907 -0.1611 88.00 220.00 228.00 269.00 285.00 0
2008_005936 -0.0460 1.00 26.00 500.00 372.00 45.00 0
2008_005936 1.1874 264.00 1.00 472.00 82.00 285.00 0
2008_005936 -1.1242 197.00 1.00 300.00 45.00 120.00 0
2008_005989 -0.1004 75.00 118.00 392.00 260.00 330.00 0
2008_006017 -1.1226 1.00 1.00 81.00 93.00 345.00 0
2008_006037 -1.2866 83.00 178.00 141.00 210.00 165.00 0
2008_006071 -1.7169 437.00 142.00 485.00 160.00 270.00 0
2008_006071 -1.8246 311.00 133.00 359.00 152.00 105.00 0
2008_006071 -1.6765 189.00 123.00 240.00 142.00 15.00 0
2008_006082 -0.7526 1.00 321.00 105.00 375.00 285.00 0
2008_006082 -1.3245 374.00 321.00 433.00 351.00 165.00 0
2008_006087 -1.9785 424.00 170.00 453.00 187.00 105.00 0
2008_006087 -1.9635 387.00 168.00 413.00 188.00 105.00 0
2008_006087 -1.9399 354.00 172.00 381.00 189.00 15.00 0
2008_006087 -1.9702 319.00 167.00 356.00 187.00 105.00 0
2008_006087 -1.9256 264.00 163.00 302.00 178.00 105.00 0
2008_006222 -0.7002 258.00 215.00 456.00 348.00 345.00 0
2008_006222 -1.3123 1.00 231.00 103.00 270.00 105.00 0
2008_006222 -0.7771 391.00 233.00 500.00 375.00 165.00 0
2008_006222 -1.5213 419.00 241.00 471.00 266.00 345.00 0
2008_006240 -0.6318 1.00 1.00 458.00 375.00 345.00 0
2008_006254 -0.1134 26.00 164.00 358.00 416.00 0.00 0
2008_006275 -0.6361 78.00 149.00 115.00 219.00 0.00 0
2008_006310 -0.1840 176.00 134.00 230.00 182.00 0.00 0
2008_006316 -0.8012 376.00 196.00 494.00 259.00 195.00 0
2008_006316 -0.7416 321.00 190.00 448.00 264.00 345.00 0
2008_006316 -0.7538 239.00 183.00 403.00 269.00 270.00 0
2008_006316 -0.0683 136.00 186.00 345.00 279.00 330.00 0
2008_006316 0.8090 12.00 176.00 219.00 281.00 330.00 0
2008_006382 -0.5591 1.00 163.00 400.00 375.00 345.00 0
2008_006392 -0.4332 1.00 228.00 95.00 343.00 45.00 0
2008_006438 0.0796 88.00 20.00 404.00 286.00 0.00 0
2008_006438 -0.6738 438.00 53.00 500.00 207.00 165.00 0
2008_006438 -0.0855 363.00 16.00 476.00 84.00 0.00 0
2008_006438 -0.7125 97.00 8.00 187.00 82.00 0.00 0
2008_006438 -0.8182 1.00 1.00 52.00 80.00 195.00 0
2008_006526 -1.3191 204.00 141.00 248.00 179.00 165.00 0
2008_006526 -1.5223 87.00 128.00 137.00 155.00 270.00 0
2008_006600 -2.1698 1.00 172.00 13.00 193.00 15.00 0
2008_006600 -1.4941 416.00 173.00 463.00 200.00 105.00 0
2008_006642 0.5027 350.00 139.00 500.00 195.00 75.00 0
2008_006642 -0.2081 84.00 128.00 289.00 189.00 75.00 0
2008_006642 -0.3394 1.00 133.00 65.00 183.00 345.00 0
2008_006694 1.1785 3.00 51.00 495.00 399.00 15.00 0
2008_006714 0.1956 110.00 49.00 488.00 300.00 330.00 0
2008_006714 -0.6571 50.00 46.00 163.00 102.00 165.00 0
2008_006714 -1.1797 1.00 52.00 55.00 104.00 345.00 0
2008_006774 0.4236 34.00 104.00 458.00 304.00 60.00 0
2008_006800 0.4600 79.00 100.00 339.00 239.00 330.00 0
2008_006800 -1.9653 349.00 78.00 376.00 96.00 105.00 0
2008_006833 -0.8683 306.00 182.00 500.00 375.00 255.00 0
2008_006839 -0.2081 29.00 79.00 112.00 128.00 0.00 0
2008_006844 -0.7427 76.00 108.00 424.00 375.00 165.00 0
2008_006844 -0.5604 422.00 183.00 500.00 243.00 165.00 0
2008_006844 -0.5351 30.00 183.00 86.00 243.00 15.00 0
2008_006885 -0.8162 68.00 53.00 433.00 154.00 60.00 0
2008_006907 0.0104 121.00 210.00 221.00 253.00 330.00 0
2008_006907 -0.9669 1.00 191.00 89.00 255.00 345.00 0
2008_006959 0.5892 21.00 210.00 124.00 281.00 0.00 0
2008_006986 0.3201 42.00 98.00 447.00 289.00 330.00 0
2008_006989 0.2484 79.00 116.00 180.00 154.00 285.00 0
2008_006989 -1.7035 295.00 117.00 333.00 143.00 345.00 0
2008_007034 -0.9569 19.00 24.00 479.00 246.00 165.00 0
2008_007064 0.4635 1.00 24.00 494.00 310.00 15.00 0
2008_007064 -0.7388 407.00 4.00 500.00 125.00 15.00 0
2008_007119 -0.3132 1.00 24.00 474.00 375.00 285.00 0
2008_007133 0.0790 89.00 288.00 165.00 321.00 30.00 0
2008_007133 -1.6745 164.00 285.00 217.00 305.00 15.00 0
2008_007167 -0.2339 206.00 131.00 456.00 248.00 60.00 0
2008_007171 0.0854 77.00 118.00 363.00 297.00 0.00 0
2008_007181 -1.2861 395.00 296.00 478.00 346.00 165.00 0
2008_007195 -0.3359 1.00 288.00 72.00 359.00 195.00 0
2008_007214 -0.0661 12.00 75.00 307.00 235.00 75.00 0
2008_007225 -1.0952 1.00 317.00 75.00 346.00 330.00 0
2008_007227 -1.2615 201.00 210.00 262.00 249.00 165.00 0
2008_007241 -0.2856 147.00 1.00 500.00 280.00 330.00 0
2008_007264 -0.8126 196.00 33.00 441.00 156.00 165.00 0
2008_007295 -0.4266 47.00 200.00 141.00 249.00 45.00 0
2008_007311 -0.8877 306.00 1.00 500.00 115.00 270.00 0
2008_007314 -1.4700 271.00 303.00 315.00 338.00 165.00 0
2008_007314 -0.6497 130.00 293.00 211.00 345.00 0.00 0
2008_007314 -2.2017 216.00 304.00 233.00 320.00 105.00 0
2008_007314 -2.1545 241.00 304.00 257.00 318.00 15.00 0
2008_007323 -1.9850 269.00 141.00 298.00 156.00 105.00 0
2008_007352 -0.9891 14.00 201.00 134.00 235.00 270.00 0
2008_007352 0.4321 316.00 194.00 414.00 257.00 330.00 0
2008_007389 -0.0873 82.00 123.00 414.00 240.00 285.00 0
2008_007409 -0.8809 422.00 161.00 500.00 259.00 0.00 0
2008_007431 1.5440 119.00 173.00 253.00 232.00 285.00 0
2008_007431 -1.1941 288.00 176.00 343.00 207.00 165.00 0
2008_007466 0.2791 75.00 165.00 410.00 290.00 285.00 0
2008_007478 -1.2200 348.00 63.00 393.00 120.00 15.00 0
2008_007480 -0.9844 256.00 269.00 364.00 332.00 165.00 0
2008_007488 -0.8831 1.00 234.00 50.00 286.00 330.00 0
2008_007488 -1.3072 446.00 230.00 500.00 258.00 45.00 0
2008_007488 -1.2352 417.00 239.00 451.00 292.00 195.00 0
2008_007529 -0.7037 21.00 28.00 280.00 210.00 345.00 0
2008_007534 -1.2668 454.00 42.00 500.00 78.00 120.00 0
2008_007558 -1.1740 1.00 1.00 169.00 254.00 270.00 0
2008_007595 -1.0657 240.00 250.00 329.00 382.00 15.00 0
2008_007595 -0.7144 270.00 237.00 375.00 411.00 165.00 0
2008_007595 -1.7169 93.00 333.00 127.00 360.00 105.00 0
2008_007716 -0.6966 1.00 1.00 193.00 266.00 195.00 0
2008_007739 -0.8403 266.00 7.00 500.00 243.00 165.00 0
2008_007757 -0.4839 16.00 72.00 422.00 333.00 15.00 0
2008_007791 0.4878 41.00 134.00 237.00 235.00 330.00 0
2008_007791 0.4091 227.00 142.00 453.00 236.00 330.00 0
2008_007793 -0.4392 31.00 194.00 497.00 350.00 285.00 0
2008_007804 -0.8963 152.00 219.00 500.00 362.00 105.00 0
2008_007804 0.4973 188.00 198.00 292.00 240.00 285.00 0
2008_007804 -1.6480 160.00 201.00 195.00 229.00 105.00 0
2008_007804 -2.0815 293.00 200.00 318.00 213.00 270.00 0
2008_007804 -2.1486 271.00 200.00 295.00 212.00 15.00 0
2008_007804 -2.0555 317.00 201.00 336.00 214.00 15.00 0
2008_007804 -2.3407 137.00 199.00 149.00 212.00 105.00 0
2008_007804 -2.0910 69.00 193.00 88.00 215.00 15.00 0
2008_007804 -1.6623 216.00 187.00 271.00 206.00 270.00 0
2008_007872 -0.1479 1.00 281.00 271.00 375.00 75.00 0
2008_007981 0.6706 6.00 56.00 498.00 300.00 45.00 0
2008_008001 -0.2027 425.00 198.00 500.00 259.00 330.00 0
2008_008024 -0.6155 33.00 1.00 301.00 117.00 45.00 0
2008_008127 -1.8028 207.00 118.00 246.00 144.00 105.00 0
2008_008141 -0.5315 109.00 161.00 174.00 193.00 330.00 0
2008_008177 0.0760 405.00 125.00 500.00 174.00 30.00 0
2008_008210 -0.7518 355.00 139.00 459.00 178.00 75.00 0
2008_008210 -1.8637 34.00 152.00 67.00 174.00 15.00 0
2008_008210 -2.0208 58.00 151.00 85.00 169.00 345.00 0
2008_008210 -2.0847 86.00 151.00 111.00 165.00 15.00 0
2008_008210 -2.2210 111.00 150.00 135.00 163.00 15.00 0
2008_008246 -0.5802 1.00 123.00 222.00 245.00 0.00 0
2008_008357 -0.5577 234.00 115.00 344.00 205.00 165.00 0
2008_008501 -0.4114 154.00 160.00 275.00 232.00 0.00 0
2008_008659 -1.6343 144.00 248.00 198.00 275.00 105.00 0
2008_008662 -1.1702 34.00 29.00 92.00 56.00 165.00 0
2008_008679 -0.5664 406.00 243.00 500.00 365.00 15.00 0
2008_008679 -0.3929 350.00 256.00 436.00 318.00 15.00 0
2008_008679 -1.9081 295.00 261.00 327.00 284.00 105.00 0
2008_008679 -0.7691 1.00 243.00 116.00 321.00 30.00 0
2008_008679 -1.1382 111.00 256.00 160.00 297.00 15.00 0
2009_000060 -1.3963 479.00 184.00 500.00 233.00 15.00 0
2009_000078 -0.1064 95.00 117.00 404.00 225.00 285.00 0
2009_000089 0.0666 1.00 202.00 85.00 300.00 345.00 0
2009_000089 -1.0975 460.00 189.00 500.00 227.00 45.00 0
2009_000097 -0.5191 36.00 162.00 135.00 199.00 75.00 0
2009_000097 -1.3792 411.00 152.00 467.00 179.00 15.00 0
2009_000097 -1.6931 462.00 156.00 492.00 179.00 15.00 0
2009_000121 -0.1609 162.00 356.00 254.00 419.00 30.00 0
2009_000165 -0.0181 139.00 139.00 262.00 218.00 0.00 0
2009_000169 -1.3784 239.00 53.00 315.00 79.00 345.00 0
2009_000169 -1.9464 167.00 60.00 218.00 75.00 270.00 0
2009_000212 -1.0300 194.00 192.00 268.00 226.00 270.00 0
2009_000212 -1.5319 190.00 177.00 227.00 205.00 105.00 0
2009_000212 -1.5370 254.00 172.00 298.00 197.00 345.00 0
2009_000225 -1.2537 1.00 230.00 59.00 266.00 270.00 0
2009_000225 -1.3056 48.00 237.00 110.00 268.00 270.00 0
2009_000225 -1.2199 87.00 235.00 156.00 271.00 270.00 0
2009_000225 -1.4101 143.00 246.00 200.00 273.00 105.00 0
2009_000225 -1.3994 173.00 245.00 228.00 275.00 15.00 0
2009_000225 -2.0471 234.00 254.00 252.00 273.00 15.00 0
2009_000225 -1.6496 330.00 258.00 370.00 281.00 105.00 0
2009_000225 -2.3247 295.00 261.00 307.00 275.00 105.00 0
2009_000282 -1.8738 148.00 129.00 176.00 150.00 15.00 0
2009_000283 -1.5289 1.00 74.00 33.00 100.00 15.00 0
2009_000288 -0.0311 119.00 29.00 390.00 301.00 0.00 0
2009_000288 -1.1658 1.00 94.00 99.00 132.00 345.00 0
2009_000288 -1.1590 447.00 65.00 475.00 149.00 15.00 0
2009_000335 0.2280 411.00 184.00 500.00 254.00 0.00 0
2009_000397 0.3022 172.00 207.00 446.00 290.00 285.00 0
2009_000399 1.3348 115.00 104.00 454.00 256.00 75.00 0
2009_000402 -0.3996 3.00 1.00 500.00 237.00 345.00 0
2009_000457 -0.2452 332.00 128.00 500.00 209.00 45.00 0
2009_000461 -1.2235 375.00 144.00 458.00 176.00 270.00 0
2009_000461 -1.3469 134.00 147.00 220.00 178.00 15.00 0
2009_000523 0.5458 10.00 177.00 375.00 480.00 345.00 0
2009_000542 -0.7441 53.00 200.00 200.00 256.00 15.00 0
2009_000542 -0.4805 57.00 208.00 392.00 362.00 330.00 0
2009_000568 -1.9820 471.00 139.00 500.00 153.00 105.00 0
2009_000631 -0.6564 32.00 1.00 500.00 242.00 75.00 0
2009_000683 0.2386 201.00 95.00 435.00 256.00 0.00 0
2009_000683 -0.8924 74.00 194.00 141.00 235.00 15.00 0
2009_000726 1.2390 55.00 89.00 380.00 267.00 285.00 0
2009_000726 -0.9491 1.00 129.00 102.00 245.00 165.00 0
2009_000726 -0.9405 430.00 137.00 500.00 227.00 45.00 0
2009_000741 -0.7917 413.00 56.00 500.00 133.00 165.00 0
2009_000741 -0.5520 6.00 38.00 500.00 375.00 315.00 0
2009_000821 -0.9238 1.00 1.00 500.00 306.00 270.00 0
2009_000825 -0.2361 115.00 127.00 386.00 254.00 0.00 0
2009_000886 -0.0574 379.00 193.00 450.00 255.00 345.00 0
2009_000886 -0.9791 438.00 212.00 500.00 271.00 165.00 0
2009_000886 -2.0588 85.00 171.00 105.00 191.00 270.00 0
2009_000886 -1.9881 66.00 170.00 88.00 187.00 270.00 0
2009_000904 -2.0920 275.00 185.00 300.00 200.00 105.00 0
2009_000948 0.2568 133.00 124.00 448.00 237.00 60.00 0
2009_000948 -1.4642 273.00 97.00 323.00 124.00 270.00 0
2009_000954 -1.2228 260.00 289.00 296.00 333.00 15.00 0
2009_001026 -1.6776 474.00 121.00 500.00 145.00 15.00 0
2009_001026 -1.7662 407.00 125.00 433.00 144.00 15.00 0
2009_001026 -1.7876 45.00 115.00 78.00 135.00 105.00 0
2009_001083 -1.2260 319.00 163.00 361.00 214.00 195.00 0
2009_001083 -1.5181 347.00 169.00 379.00 213.00 165.00 0
2009_001097 -0.4848 227.00 1.00 312.00 30.00 75.00 0
2009_001097 -0.9566 56.00 13.00 219.00 68.00 270.00 0
2009_001097 0.2316 85.00 51.00 426.00 241.00 75.00 0
2009_001113 -2.1323 401.00 132.00 420.00 147.00 195.00 0
2009_001113 -2.3807 466.00 132.00 479.00 142.00 195.00 0
2009_001113 -2.3253 488.00 132.00 500.00 147.00 105.00 0
2009_001240 -0.2844 1.00 225.00 205.00 341.00 285.00 0
2009_001245 -2.3917 35.00 209.00 45.00 221.00 105.00 0
2009_001255 -0.6883 19.00 1.00 500.00 172.00 270.00 0
2009_001321 -2.3346 47.00 271.00 63.00 282.00 15.00 0
2009_001519 -2.0943 366.00 231.00 394.00 245.00 195.00 0
2009_001519 -2.4856 403.00 220.00 411.00 244.00 105.00 0
2009_001519 -0.7100 1.00 189.00 132.00 333.00 195.00 0
2009_001536 -0.9273 61.00 55.00 397.00 261.00 270.00 0
2009_001591 0.7783 14.00 285.00 327.00 446.00 30.00 0
2009_001675 -0.9317 1.00 165.00 74.00 331.00 195.00 0
2009_001767 -0.1365 143.00 112.00 322.00 213.00 330.00 0
2009_001811 -1.0414 1.00 271.00 42.00 364.00 195.00 0
2009_001811 -0.5786 1.00 187.00 102.00 282.00 30.00 0
2009_001811 -1.0597 1.00 172.00 97.00 231.00 345.00 0
2009_001811 -1.8782 94.00 178.00 120.00 195.00 105.00 0
2009_001820 -1.1315 199.00 160.00 303.00 189.00 270.00 0
2009_001945 -0.8408 20.00 156.00 332.00 500.00 105.00 0
2009_001945 -1.0512 52.00 134.00 143.00 179.00 270.00 0
2009_001984 -0.9071 367.00 1.00 500.00 168.00 270.00 0
2009_001984 -0.8596 68.00 1.00 369.00 101.00 270.00 0
2009_001988 0.0674 21.00 120.00 474.00 299.00 285.00 0
2009_002058 -0.8299 1.00 181.00 142.00 484.00 165.00 0
2009_002073 -0.1154 28.00 80.00 477.00 232.00 60.00 0
2009_002128 -1.0427 453.00 228.00 479.00 319.00 165.00 0
2009_002128 -0.9055 70.00 184.00 154.00 243.00 165.00 0
2009_002128 -1.3804 25.00 201.00 54.00 248.00 165.00 0
2009_002128 -1.4085 47.00 188.00 85.00 239.00 195.00 0
2009_002164 -0.1685 130.00 115.00 414.00 278.00 75.00 0
2009_002212 -1.2368 120.00 60.00 166.00 94.00 165.00 0
2009_002238 -0.8990 390.00 194.00 500.00 268.00 165.00 0
2009_002239 -0.9514 1.00 261.00 141.00 367.00 165.00 0
2009_002267 -0.3698 1.00 1.00 472.00 202.00 330.00 0
2009_002380 -0.5182 48.00 44.00 375.00 417.00 15.00 0
2009_002436 -2.0838 473.00 189.00 493.00 210.00 15.00 0
2009_002436 -2.0563 442.00 193.00 462.00 209.00 195.00 0
2009_002517 -0.6361 415.00 194.00 500.00 296.00 15.00 0
2009_002524 -0.5361 365.00 183.00 500.00 222.00 60.00 0
2009_002532 -1.6919 47.00 249.00 70.00 272.00 15.00 0
2009_002570 -0.7689 439.00 168.00 500.00 246.00 165.00 0
2009_002618 -0.9185 1.00 110.00 193.00 333.00 330.00 0
2009_002632 -0.2885 142.00 52.00 417.00 254.00 0.00 0
2009_002711 -0.4384 1.00 1.00 447.00 291.00 345.00 0
2009_002711 -0.9455 454.00 14.00 500.00 142.00 165.00 0
2009_002744 -0.6826 403.00 51.00 497.00 106.00 345.00 0
2009_002744 -0.7247 298.00 59.00 490.00 226.00 165.00 0
2009_002777 -0.0801 230.00 166.00 461.00 345.00 0.00 0
2009_002806 -0.9577 262.00 119.00 500.00 252.00 105.00 0
2009_002841 -2.1336 182.00 366.00 193.00 399.00 15.00 0
2009_002894 -0.9785 272.00 245.00 334.00 403.00 165.00 0
2009_002894 -1.0663 1.00 259.00 40.00 382.00 15.00 0
2009_002960 -0.5410 2.00 25.00 315.00 320.00 195.00 0
2009_002960 -0.8054 439.00 93.00 500.00 261.00 345.00 0
2009_002990 0.0724 28.00 89.00 465.00 258.00 60.00 0
2009_003003 -0.4348 13.00 20.00 356.00 255.00 330.00 0
2009_003020 -0.9506 146.00 162.00 276.00 256.00 165.00 0
2009_003031 1.2453 24.00 70.00 475.00 307.00 330.00 0
2009_003058 -0.3004 82.00 146.00 333.00 365.00 0.00 0
2009_003132 1.1736 58.00 346.00 253.00 431.00 285.00 0
2009_003132 -2.0015 219.00 347.00 256.00 360.00 105.00 0
2009_003183 0.3853 89.00 293.00 192.00 373.00 15.00 0
2009_003212 -1.5301 24.00 203.00 68.00 241.00 165.00 0
2009_003212 -0.5414 40.00 206.00 103.00 256.00 165.00 0
2009_003212 0.7784 71.00 209.00 197.00 279.00 330.00 0
2009_003212 0.9322 168.00 209.00 469.00 351.00 330.00 0
2009_003238 -0.7185 281.00 97.00 500.00 240.00 60.00 0
2009_003255 0.4071 32.00 21.00 481.00 306.00 345.00 0
2009_003255 -0.6554 261.00 15.00 500.00 191.00 165.00 0
2009_003255 -0.9380 35.00 19.00 328.00 84.00 285.00 0
2009_003255 -0.9065 234.00 3.00 309.00 49.00 105.00 0
2009_003255 -1.2027 128.00 9.00 224.00 48.00 270.00 0
2009_003269 -1.2019 207.00 189.00 267.00 273.00 195.00 0
2009_003376 -0.0319 13.00 35.00 495.00 316.00 345.00 0
2009_003376 -0.9033 279.00 45.00 500.00 206.00 15.00 0
2009_003387 -0.6188 1.00 114.00 500.00 332.00 240.00 0
2009_003387 -0.6750 2.00 96.00 94.00 188.00 195.00 0
2009_003406 0.1360 20.00 96.00 414.00 250.00 285.00 0
2009_003500 0.2602 45.00 2.00 415.00 333.00 345.00 0
2009_003549 0.6354 45.00 50.00 469.00 238.00 330.00 0
2009_003560 -1.5789 264.00 150.00 305.00 178.00 345.00 0
2009_003566 -2.1853 23.00 197.00 56.00 207.00 345.00 0
2009_003589 1.2416 31.00 92.00 469.00 312.00 330.00 0
2009_003592 -1.5760 468.00 206.00 500.00 239.00 15.00 0
2009_003633 -1.0745 393.00 84.00 500.00 136.00 120.00 0
2009_003725 -0.8036 130.00 262.00 266.00 293.00 105.00 0
2009_003725 -0.9989 241.00 255.00 387.00 290.00 270.00 0
2009_003725 -1.1252 368.00 240.00 469.00 289.00 345.00 0
2009_003781 -1.5134 378.00 170.00 429.00 196.00 120.00 0
2009_003781 -0.6480 429.00 170.00 500.00 200.00 75.00 0
2009_003802 -0.9127 401.00 57.00 500.00 375.00 255.00 0
2009_003814 0.4923 49.00 37.00 428.00 223.00 330.00 0
2009_003822 -0.7112 465.00 93.00 500.00 144.00 0.00 0
2009_003879 -0.6591 1.00 1.00 162.00 60.00 45.00 0
2009_003905 -0.6926 249.00 126.00 333.00 178.00 165.00 0
2009_003905 -2.1507 129.00 159.00 153.00 171.00 15.00 0
2009_003977 0.3492 106.00 67.00 429.00 319.00 330.00 0
2009_003977 -0.3806 375.00 163.00 479.00 223.00 285.00 0
2009_003977 -1.1775 437.00 168.00 499.00 207.00 270.00 0
2009_004102 0.5311 51.00 66.00 444.00 296.00 30.00 0
2009_004102 -0.7605 21.00 102.00 154.00 183.00 105.00 0
2009_004175 0.1840 250.00 157.00 330.00 208.00 0.00 0
2009_004197 -2.1066 477.00 228.00 500.00 248.00 195.00 0
2009_004224 -0.7190 360.00 136.00 500.00 271.00 45.00 0
2009_004224 1.3919 111.00 119.00 354.00 245.00 330.00 0
2009_004224 -0.6658 1.00 138.00 63.00 224.00 345.00 0
2009_004232 -0.7582 1.00 48.00 213.00 243.00 165.00 0
2009_004232 -0.3854 23.00 1.00 499.00 368.00 15.00 0
2009_004258 -1.6245 2.00 173.00 57.00 195.00 105.00 0
2009_004272 -0.1024 161.00 68.00 389.00 208.00 0.00 0
2009_004303 -1.3765 422.00 4.00 493.00 28.00 270.00 0
2009_004303 -1.2337 266.00 1.00 379.00 60.00 120.00 0
2009_004303 -0.4185 82.00 1.00 385.00 235.00 15.00 0
2009_004364 -0.7115 420.00 58.00 500.00 147.00 165.00 0
2009_004364 -1.4176 455.00 27.00 500.00 75.00 120.00 0
2009_004364 -0.6701 305.00 55.00 403.00 96.00 75.00 0
2009_004364 -1.0881 255.00 56.00 322.00 89.00 330.00 0
2009_004364 -1.8144 191.00 63.00 224.00 85.00 105.00 0
2009_004364 0.3126 129.00 61.00 211.00 111.00 345.00 0
2009_004436 -0.6693 1.00 85.00 491.00 374.00 330.00 0
2009_004440 -2.0999 13.00 173.00 25.00 212.00 15.00 0
2009_004455 -0.9301 1.00 74.00 90.00 146.00 120.00 0
2009_004455 0.0259 60.00 67.00 153.00 114.00 75.00 0
2009_004471 0.4102 41.00 109.00 463.00 286.00 345.00 0
2009_004471 -0.8787 398.00 135.00 500.00 174.00 15.00 0
2009_004471 -0.8677 441.00 141.00 500.00 224.00 15.00 0
2009_004494 -1.3681 262.00 1.00 323.00 66.00 15.00 0
2009_004494 -0.6279 395.00 6.00 474.00 37.00 285.00 0
2009_004518 -2.3055 325.00 57.00 340.00 68.00 15.00 0
2009_004518 -2.3794 290.00 56.00 306.00 65.00 15.00 0
2009_004518 -2.2427 127.00 61.00 153.00 71.00 15.00 0
2009_004518 -1.3207 53.00 94.00 103.00 129.00 345.00 0
2009_004532 -0.8129 385.00 81.00 459.00 124.00 270.00 0
2009_004532 -1.3280 380.00 90.00 429.00 129.00 105.00 0
2009_004556 -0.3172 2.00 93.00 500.00 296.00 15.00 0
2009_004567 -1.7615 1.00 184.00 30.00 215.00 15.00 0
2009_004567 -2.0856 28.00 191.00 47.00 210.00 15.00 0
2009_004567 -1.7852 120.00 185.00 145.00 208.00 15.00 0
2009_004594 0.3028 91.00 30.00 393.00 301.00 0.00 0
2009_004630 1.3441 48.00 252.00 179.00 302.00 75.00 0
2009_004630 -0.7197 16.00 253.00 100.00 294.00 75.00 0
2009_004630 -1.9611 2.00 262.00 22.00 288.00 15.00 0
2009_004630 -1.7938 1.00 249.00 39.00 268.00 105.00 0
2009_004630 -1.7548 187.00 253.00 227.00 276.00 105.00 0
2009_004630 -1.2347 211.00 245.00 276.00 279.00 30.00 0
2009_004630 -0.9735 236.00 253.00 305.00 280.00 45.00 0
2009_004630 -1.9531 278.00 248.00 316.00 265.00 105.00 0
2009_004630 -2.0593 302.00 254.00 334.00 269.00 105.00 0
2009_004630 -1.3555 310.00 250.00 370.00 283.00 165.00 0
2009_004630 -2.1625 363.00 253.00 398.00 264.00 105.00 0
2009_004630 -2.0740 483.00 253.00 500.00 274.00 270.00 0
2009_004630 -2.1059 417.00 252.00 456.00 263.00 270.00 0
2009_004630 -2.0685 444.00 247.00 471.00 265.00 165.00 0
2009_004748 -0.1832 57.00 106.00 475.00 316.00 30.00 0
2009_004748 -1.5931 1.00 165.00 61.00 191.00 270.00 0
2009_004822 -1.1015 1.00 1.00 144.00 89.00 165.00 0
2009_004822 -0.9618 166.00 1.00 500.00 70.00 285.00 0
2009_004872 -0.6402 176.00 166.00 252.00 197.00 330.00 0
2009_004913 -0.7687 9.00 186.00 493.00 316.00 270.00 0
2009_004933 -1.0680 1.00 1.00 106.00 117.00 240.00 0
2009_004933 -0.9421 92.00 1.00 264.00 120.00 195.00 0
2009_004933 -0.5725 285.00 25.00 397.00 124.00 0.00 0
2009_005025 0.5768 12.00 94.00 230.00 207.00 330.00 0
2009_005036 -1.0821 368.00 191.00 488.00 238.00 15.00 0
2009_005036 -1.7020 50.00 189.00 87.00 211.00 345.00 0
2009_005060 -1.3891 29.00 189.00 106.00 225.00 345.00 0
2009_005086 0.0563 385.00 163.00 500.00 242.00 45.00 0
2009_005104 0.3432 66.00 35.00 455.00 311.00 345.00 0
2009_005215 -1.7466 371.00 206.00 426.00 219.00 270.00 0
2009_005242 0.9169 23.00 34.00 500.00 333.00 15.00 0
2009_005279 -1.2236 425.00 247.00 500.00 278.00 105.00 0
2009_005294 -0.9576 77.00 210.00 187.00 266.00 15.00 0
2009_005294 -0.4956 318.00 220.00 444.00 296.00 45.00 0
2009_005294 0.8713 36.00 212.00 328.00 375.00 30.00 0
2010_000036 1.0612 33.00 93.00 450.00 318.00 330.00 0
2010_000160 -0.0677 17.00 24.00 482.00 368.00 15.00 0
2010_000194 -1.0473 355.00 117.00 413.00 155.00 15.00 0
2010_000194 -1.5769 192.00 117.00 229.00 146.00 270.00 0
2010_000211 -0.8914 9.00 12.00 500.00 323.00 15.00 0
2010_000246 0.0179 251.00 38.00 500.00 290.00 30.00 0
2010_000246 0.2996 24.00 33.00 369.00 235.00 45.00 0
2010_000246 -0.1842 1.00 1.00 261.00 187.00 165.00 0
2010_000279 -0.7720 32.00 1.00 500.00 439.00 30.00 0
2010_000336 -0.5395 1.00 1.00 500.00 375.00 0.00 0
2010_000372 -1.0321 306.00 133.00 432.00 205.00 240.00 0
2010_000372 0.6366 18.00 126.00 432.00 303.00 75.00 0
2010_000372 -1.1287 301.00 108.00 432.00 157.00 165.00 0
2010_000381 -0.1499 13.00 101.00 490.00 273.00 75.00 0
2010_000381 -0.8951 307.00 98.00 500.00 186.00 270.00 0
2010_000493 -0.4505 279.00 156.00 357.00 214.00 15.00 0
2010_000524 -1.1426 1.00 183.00 51.00 227.00 330.00 0
2010_000526 -0.4126 1.00 1.00 500.00 375.00 15.00 0
2010_000530 0.4098 157.00 242.00 376.00 349.00 285.00 0
2010_000530 -1.2788 168.00 203.00 237.00 230.00 105.00 0
2010_000582 -0.8163 1.00 41.00 459.00 375.00 195.00 0
2010_000590 -0.0499 59.00 102.00 239.00 290.00 75.00 0
2010_000590 -1.6842 246.00 180.00 290.00 205.00 105.00 0
2010_000590 -1.6654 227.00 182.00 258.00 211.00 345.00 0
2010_000604 -0.3178 14.00 28.00 109.00 125.00 315.00 0
2010_000604 0.6601 35.00 84.00 454.00 279.00 30.00 0
2010_000628 -0.0888 148.00 213.00 312.00 293.00 30.00 0
2010_000682 -1.7551 41.00 116.00 86.00 137.00 345.00 0
2010_000689 -0.9086 38.00 1.00 168.00 76.00 15.00 0
2010_000689 -1.0363 1.00 89.00 63.00 181.00 15.00 0
2010_000711 -1.0532 46.00 1.00 500.00 172.00 120.00 0
2010_000722 -0.7879 21.00 102.00 486.00 389.00 165.00 0
2010_000865 -1.9544 1.00 172.00 16.00 208.00 165.00 0
2010_000928 1.2116 204.00 175.00 333.00 225.00 75.00 0
2010_000947 -1.1330 460.00 221.00 500.00 257.00 315.00 0
2010_000952 0.9205 46.00 57.00 479.00 309.00 330.00 0
2010_001080 0.3012 44.00 121.00 490.00 375.00 30.00 0
2010_001117 0.0497 339.00 55.00 500.00 122.00 75.00 0
2010_001117 1.2496 58.00 74.00 411.00 276.00 330.00 0
2010_001117 -1.4610 1.00 55.00 45.00 88.00 15.00 0
2010_001117 -1.4604 102.00 64.00 155.00 91.00 270.00 0
2010_001117 -1.3197 63.00 60.00 119.00 91.00 330.00 0
2010_001163 -0.5115 208.00 154.00 500.00 376.00 15.00 0
2010_001163 -0.8880 1.00 280.00 259.00 376.00 165.00 0
2010_001220 -0.9803 1.00 1.00 500.00 375.00 165.00 0
2010_001246 -1.7163 418.00 218.00 458.00 247.00 120.00 0
2010_001315 -0.6411 99.00 79.00 424.00 215.00 15.00 0
2010_001321 -0.8957 417.00 190.00 500.00 244.00 165.00 0
2010_001321 -0.1904 310.00 192.00 424.00 252.00 345.00 0
2010_001321 -0.1413 184.00 183.00 343.00 258.00 330.00 0
2010_001394 -0.4702 2.00 16.00 496.00 318.00 330.00 0
2010_001403 -0.2593 1.00 204.00 111.00 304.00 0.00 0
2010_001449 0.5148 2.00 119.00 391.00 354.00 45.00 0
2010_001453 -1.7012 1.00 182.00 38.00 210.00 270.00 0
2010_001536 -0.3724 309.00 268.00 490.00 322.00 75.00 0
2010_001553 -0.9284 47.00 1.00 358.00 191.00 165.00 0
2010_001668 -0.4046 66.00 176.00 445.00 301.00 105.00 0
2010_001669 -0.9939 22.00 150.00 77.00 202.00 165.00 0
2010_001685 1.0397 18.00 22.00 485.00 333.00 330.00 0
2010_001685 -0.8662 340.00 1.00 500.00 114.00 165.00 0
2010_001685 -1.6118 227.00 1.00 298.00 20.00 270.00 0
2010_001685 -1.1565 130.00 1.00 219.00 30.00 270.00 0
2010_001685 -0.4292 1.00 1.00 134.00 55.00 30.00 0
2010_001757 -0.8075 163.00 172.00 500.00 375.00 345.00 0
2010_001767 -0.6305 1.00 34.00 215.00 142.00 0.00 0
2010_001821 0.8085 284.00 275.00 439.00 363.00 15.00 0
2010_001821 -1.7639 439.00 279.00 483.00 300.00 105.00 0
2010_001828 -0.7059 1.00 46.00 492.00 281.00 270.00 0
2010_001893 0.1441 96.00 119.00 410.00 241.00 60.00 0
2010_001954 0.3767 131.00 41.00 415.00 234.00 0.00 0
2010_001966 -1.5595 58.00 245.00 96.00 275.00 105.00 0
2010_001966 -2.0180 83.00 244.00 102.00 265.00 15.00 0
2010_001998 -0.3040 47.00 117.00 460.00 280.00 285.00 0
2010_001998 -1.4764 396.00 105.00 439.00 134.00 345.00 0
2010_001998 -0.5636 424.00 100.00 500.00 165.00 165.00 0
2010_002017 -0.6604 295.00 59.00 500.00 247.00 165.00 0
2010_002046 -0.0003 293.00 115.00 433.00 165.00 60.00 0
2010_002046 -0.1499 87.00 119.00 200.00 164.00 60.00 0
2010_002048 1.6308 104.00 108.00 460.00 263.00 285.00 0
2010_002175 0.1302 84.00 299.00 331.00 466.00 45.00 0
2010_002194 -1.0156 186.00 153.00 290.00 193.00 270.00 0
2010_002194 -0.2650 46.00 165.00 283.00 259.00 285.00 0
2010_002279 -0.4675 1.00 1.00 446.00 240.00 345.00 0
2010_002361 -0.7133 317.00 55.00 500.00 242.00 15.00 0
2010_002361 -0.2425 12.00 50.00 488.00 342.00 345.00 0
2010_002409 -0.6730 270.00 72.00 480.00 259.00 270.00 0
2010_002409 -0.7235 1.00 65.00 156.00 216.00 165.00 0
2010_002409 0.6531 88.00 94.00 405.00 311.00 345.00 0
2010_002516 -1.1059 439.00 101.00 500.00 141.00 45.00 0
2010_002516 -1.6295 200.00 92.00 255.00 112.00 345.00 0
2010_002516 -0.4566 82.00 87.00 205.00 156.00 15.00 0
2010_002516 -0.6115 1.00 88.00 88.00 183.00 15.00 0
2010_002516 -1.1387 280.00 94.00 387.00 145.00 210.00 0
2010_002516 0.4876 19.00 106.00 382.00 346.00 15.00 0
2010_002546 -1.1868 334.00 163.00 367.00 210.00 330.00 0
2010_002578 0.8334 107.00 105.00 479.00 266.00 285.00 0
2010_002579 -0.3275 389.00 259.00 497.00 320.00 45.00 0
2010_002598 0.1994 1.00 10.00 428.00 327.00 345.00 0
2010_002783 -0.8239 1.00 134.00 500.00 326.00 255.00 0
2010_002790 -0.9102 249.00 66.00 500.00 263.00 165.00 0
2010_002790 0.8742 52.00 55.00 406.00 340.00 345.00 0
2010_002807 -0.2863 420.00 47.00 491.00 103.00 0.00 0
2010_002902 -0.0146 62.00 35.00 395.00 290.00 0.00 0
2010_002902 -0.9950 1.00 73.00 70.00 220.00 195.00 0
2010_002929 0.5070 6.00 57.00 454.00 314.00 330.00 0
2010_002929 -1.0035 1.00 75.00 52.00 123.00 315.00 0
2010_002929 -1.3339 30.00 76.00 74.00 111.00 105.00 0
2010_002985 -1.9302 234.00 173.00 272.00 188.00 105.00 0
2010_002985 0.4661 222.00 186.00 394.00 273.00 330.00 0
2010_002988 0.3320 254.00 176.00 486.00 310.00 30.00 0
2010_002988 -0.4980 154.00 175.00 361.00 276.00 15.00 0
2010_002988 -0.5698 79.00 173.00 220.00 259.00 15.00 0
2010_003024 -0.8621 79.00 1.00 407.00 271.00 345.00 0
2010_003120 -0.8524 367.00 106.00 495.00 200.00 345.00 0
2010_003120 0.3992 14.00 63.00 312.00 296.00 0.00 0
2010_003120 -0.4522 234.00 97.00 475.00 240.00 345.00 0
2010_003123 -0.3100 213.00 6.00 271.00 59.00 0.00 0
2010_003123 -0.9386 291.00 1.00 346.00 50.00 345.00 0
2010_003129 -0.9074 6.00 234.00 83.00 295.00 105.00 0
2010_003129 -1.1330 135.00 231.00 228.00 280.00 345.00 0
2010_003129 0.1744 42.00 241.00 189.00 333.00 330.00 0
2010_003129 -0.8669 258.00 193.00 500.00 288.00 105.00 0
2010_003129 -0.4156 164.00 236.00 500.00 375.00 0.00 0
2010_003139 0.0186 42.00 66.00 426.00 258.00 30.00 0
2010_003200 -1.9124 39.00 86.00 63.00 105.00 15.00 0
2010_003212 -0.8785 111.00 225.00 347.00 268.00 270.00 0
2010_003219 -0.7373 9.00 175.00 368.00 437.00 345.00 0
2010_003231 0.0487 182.00 286.00 360.00 443.00 0.00 0
2010_003276 1.1784 30.00 46.00 441.00 327.00 15.00 0
2010_003276 -1.9697 89.00 45.00 134.00 60.00 105.00 0
2010_003381 -0.9751 1.00 93.00 500.00 342.00 105.00 0
2010_003385 -0.6918 1.00 1.00 488.00 314.00 285.00 0
2010_003446 -0.3327 16.00 105.00 121.00 182.00 345.00 0
2010_003446 -0.9876 96.00 103.00 243.00 173.00 165.00 0
2010_003446 -0.9412 203.00 104.00 277.00 161.00 195.00 0
2010_003450 -0.9957 1.00 1.00 500.00 240.00 270.00 0
2010_003453 0.5511 30.00 42.00 470.00 318.00 0.00 0
2010_003537 0.9074 10.00 34.00 458.00 333.00 30.00 0
2010_003561 0.0272 30.00 119.00 331.00 391.00 345.00 0
2010_003562 -1.6984 3.00 171.00 36.00 197.00 105.00 0
2010_003585 -0.1211 4.00 39.00 151.00 102.00 75.00 0
2010_003585 -0.0430 139.00 58.00 279.00 107.00 45.00 0
2010_003645 -0.6070 63.00 163.00 206.00 217.00 0.00 0
2010_003664 -1.3184 365.00 36.00 435.00 63.00 270.00 0
2010_003664 0.5877 198.00 44.00 344.00 96.00 285.00 0
2010_003664 0.1471 52.00 81.00 500.00 262.00 285.00 0
2010_003729 -0.1454 169.00 21.00 486.00 314.00 15.00 0
2010_003730 0.9550 29.00 94.00 448.00 266.00 285.00 0
2010_003746 -0.6601 1.00 85.00 143.00 179.00 165.00 0
2010_003768 -0.6217 152.00 163.00 334.00 208.00 75.00 0
2010_003768 -1.5619 1.00 76.00 40.00 100.00 270.00 0
2010_003807 -0.6494 12.00 154.00 333.00 472.00 330.00 0
2010_003813 -0.0318 33.00 130.00 480.00 336.00 60.00 0
2010_003854 -0.3090 1.00 33.00 403.00 333.00 345.00 0
2010_003981 -0.8857 1.00 41.00 152.00 187.00 45.00 0
2010_003981 0.3218 52.00 15.00 446.00 314.00 345.00 0
2010_004021 -0.7753 1.00 39.00 192.00 200.00 315.00 0
2010_004021 -1.0046 137.00 61.00 315.00 124.00 270.00 0
2010_004027 0.3752 204.00 254.00 311.00 344.00 0.00 0
2010_004096 -0.8605 129.00 140.00 500.00 324.00 240.00 0
2010_004139 -0.8088 5.00 36.00 499.00 346.00 0.00 0
2010_004228 -1.0760 1.00 1.00 84.00 31.00 270.00 0
2010_004263 -1.2204 70.00 141.00 133.00 173.00 120.00 0
2010_004291 0.4675 71.00 124.00 458.00 274.00 285.00 0
2010_004337 -1.7706 288.00 196.00 320.00 222.00 15.00 0
2010_004337 -2.1482 266.00 200.00 288.00 219.00 195.00 0
2010_004390 1.1734 3.00 105.00 495.00 349.00 330.00 0
2010_004422 -0.7332 309.00 1.00 500.00 203.00 285.00 0
2010_004484 0.1196 69.00 246.00 300.00 333.00 285.00 0
2010_004533 -0.6956 94.00 85.00 353.00 167.00 285.00 0
2010_004533 -0.5956 1.00 131.00 94.00 165.00 0.00 0
2010_004557 -1.8270 359.00 283.00 393.00 302.00 105.00 0
2010_004557 -1.8670 339.00 288.00 376.00 304.00 105.00 0
2010_004557 -1.3583 283.00 288.00 344.00 313.00 270.00 0
2010_004618 -0.9801 136.00 73.00 363.00 250.00 105.00 0
2010_004654 0.6952 33.00 100.00 462.00 281.00 75.00 0
2010_004661 -0.5317 12.00 171.00 385.00 482.00 345.00 0
2010_004661 -0.8518 248.00 140.00 308.00 183.00 345.00 0
2010_004661 -0.8848 299.00 218.00 374.00 258.00 330.00 0
2010_004661 -1.3857 177.00 165.00 235.00 203.00 165.00 0
2010_004686 -0.7001 291.00 348.00 355.00 480.00 165.00 0
2010_004692 -0.3687 200.00 11.00 319.00 47.00 285.00 0
2010_004692 -1.1705 25.00 7.00 92.00 37.00 0.00 0
2010_004692 -0.9894 1.00 85.00 457.00 374.00 105.00 0
2010_004692 -1.4930 88.00 11.00 123.00 38.00 105.00 0
2010_004692 -1.1856 263.00 13.00 332.00 44.00 105.00 0
2010_004747 1.1574 14.00 95.00 484.00 266.00 285.00 0
2010_004785 0.2587 83.00 91.00 433.00 309.00 15.00 0
2010_004785 -0.4812 1.00 84.00 123.00 163.00 60.00 0
2010_004785 -1.6996 94.00 52.00 123.00 79.00 345.00 0
2010_004785 -1.3826 63.00 52.00 96.00 77.00 105.00 0
2010_004854 0.6935 159.00 11.00 285.00 66.00 330.00 0
2010_004865 0.0542 35.00 72.00 311.00 224.00 30.00 0
2010_004877 -0.1238 47.00 116.00 413.00 307.00 30.00 0
2010_004877 -0.9785 1.00 110.00 169.00 267.00 0.00 0
2010_004930 -0.6561 108.00 102.00 354.00 278.00 105.00 0
2010_004946 -0.6570 37.00 165.00 331.00 423.00 45.00 0
2010_005013 -0.6021 342.00 10.00 493.00 70.00 60.00 0
2010_005075 -0.1404 1.00 87.00 307.00 352.00 330.00 0
2010_005075 -0.1367 109.00 66.00 500.00 300.00 315.00 0
2010_005087 -0.8773 1.00 1.00 500.00 375.00 345.00 0
2010_005167 -0.8676 1.00 323.00 118.00 375.00 105.00 0
2010_005226 -1.2781 83.00 150.00 144.00 184.00 15.00 0
2010_005226 -1.9854 210.00 141.00 230.00 159.00 15.00 0
2010_005284 -1.3334 423.00 163.00 464.00 203.00 15.00 0
2010_005323 -0.5154 9.00 190.00 490.00 326.00 45.00 0
2010_005414 -0.4932 111.00 63.00 439.00 294.00 30.00 0
2010_005432 -0.4732 36.00 71.00 487.00 319.00 0.00 0
2010_005474 0.1549 217.00 187.00 346.00 255.00 75.00 0
2010_005474 -1.7865 259.00 163.00 289.00 185.00 15.00 0
2010_005474 -1.7072 156.00 152.00 199.00 173.00 105.00 0
2010_005483 -0.8486 1.00 1.00 500.00 317.00 255.00 0
2010_005501 0.0690 137.00 1.00 500.00 206.00 285.00 0
2010_005502 -0.1215 211.00 164.00 273.00 214.00 345.00 0
2010_005587 0.7519 43.00 107.00 399.00 347.00 330.00 0
2010_005718 -0.9906 19.00 197.00 79.00 233.00 165.00 0
2010_005718 -1.7892 1.00 212.00 20.00 251.00 345.00 0
2010_005718 -1.3580 81.00 197.00 146.00 224.00 270.00 0
2010_005733 -0.2669 1.00 114.00 131.00 216.00 0.00 0
2010_005752 -0.7273 2.00 116.00 359.00 466.00 345.00 0
2010_005804 -0.7090 45.00 1.00 500.00 333.00 75.00 0
2010_005817 0.9512 45.00 115.00 473.00 264.00 285.00 0
2010_005860 0.8859 124.00 100.00 457.00 268.00 45.00 0
2010_005868 0.5041 49.00 79.00 425.00 302.00 15.00 0
2010_005907 -0.6111 14.00 10.00 479.00 309.00 345.00 0
2010_005997 -1.4662 273.00 119.00 307.00 151.00 345.00 0
2010_006003 -1.2260 162.00 199.00 220.00 248.00 270.00 0
2010_006033 -0.5175 1.00 1.00 500.00 306.00 345.00 0
2010_006070 -0.7598 1.00 1.00 153.00 105.00 195.00 0
2011_000007 -1.8980 64.00 198.00 87.00 224.00 165.00 0
2011_000034 -1.0256 466.00 151.00 500.00 230.00 165.00 0
2011_000076 -0.7793 11.00 129.00 240.00 491.00 165.00 0
2011_000086 0.2353 62.00 124.00 446.00 293.00 330.00 0
2011_000094 0.1406 89.00 59.00 455.00 289.00 345.00 0
2011_000094 -0.0549 331.00 60.00 500.00 168.00 30.00 0
2011_000094 -1.0877 240.00 63.00 391.00 106.00 270.00 0
2011_000128 -0.6645 244.00 45.00 366.00 78.00 75.00 0
2011_000239 -1.6495 2.00 177.00 52.00 199.00 105.00 0
2011_000248 -1.7841 260.00 94.00 299.00 111.00 105.00 0
2011_000432 0.4518 150.00 163.00 382.00 332.00 0.00 0
2011_000432 -1.1821 1.00 108.00 128.00 254.00 15.00 0
2011_000503 -1.7662 1.00 250.00 18.00 287.00 105.00 0
2011_000503 0.3357 12.00 237.00 103.00 313.00 0.00 0
2011_000503 -0.4177 395.00 243.00 491.00 289.00 345.00 0
2011_000503 -1.1314 459.00 272.00 499.00 362.00 105.00 0
2011_000503 -1.0307 262.00 251.00 400.00 306.00 105.00 0
2011_000503 -0.8450 170.00 277.00 495.00 374.00 15.00 0
2011_000559 -1.0490 67.00 153.00 98.00 205.00 165.00 0
2011_000569 -0.5479 1.00 191.00 119.00 296.00 345.00 0
2011_000658 -0.0830 367.00 303.00 499.00 353.00 285.00 0
2011_000658 -1.1906 196.00 312.00 227.00 350.00 165.00 0
2011_000724 -0.7612 118.00 147.00 419.00 266.00 165.00 0
2011_000785 -1.4028 234.00 81.00 292.00 103.00 270.00 0
2011_000853 -1.6576 1.00 280.00 16.00 340.00 15.00 0
2011_000853 -1.7767 12.00 300.00 34.00 326.00 15.00 0
2011_000853 -1.2296 58.00 296.00 99.00 331.00 345.00 0
2011_000853 -1.5556 135.00 298.00 175.00 332.00 165.00 0
2011_000887 -0.9505 159.00 145.00 310.00 205.00 270.00 0
2011_000887 -1.0168 45.00 120.00 120.00 190.00 165.00 0
2011_000897 -0.5810 355.00 206.00 499.00 301.00 15.00 0
2011_000900 -0.1672 176.00 94.00 475.00 311.00 0.00 0
2011_000900 -0.6157 438.00 77.00 500.00 126.00 15.00 0
2011_000900 -0.3897 1.00 57.00 162.00 294.00 195.00 0
2011_000900 -0.8980 1.00 26.00 160.00 109.00 345.00 0
2011_000900 -0.6398 137.00 46.00 252.00 140.00 330.00 0
2011_000900 -0.9513 184.00 51.00 359.00 98.00 270.00 0
2011_000900 -0.8568 264.00 52.00 401.00 101.00 270.00 0
2011_000900 -1.1214 324.00 54.00 423.00 104.00 270.00 0
2011_000900 -1.6783 464.00 48.00 500.00 74.00 105.00 0
2011_001105 -1.0735 438.00 131.00 500.00 168.00 165.00 0
2011_001110 0.4557 277.00 163.00 410.00 231.00 30.00 0
2011_001110 0.5045 1.00 159.00 233.00 314.00 285.00 0
2011_001110 0.9247 124.00 157.00 246.00 209.00 285.00 0
2011_001110 -1.2397 223.00 154.00 293.00 180.00 270.00 0
2011_001110 -1.5658 74.00 143.00 125.00 166.00 345.00 0
2011_001110 -1.0790 1.00 140.00 63.00 162.00 345.00 0
2011_001110 -1.6827 215.00 150.00 259.00 172.00 45.00 0
2011_001110 -1.8013 363.00 154.00 405.00 173.00 105.00 0
2011_001124 -0.7006 4.00 125.00 145.00 253.00 345.00 0
2011_001124 0.0153 103.00 134.00 253.00 236.00 330.00 0
2011_001124 -1.0430 357.00 141.00 431.00 193.00 345.00 0
2011_001190 -1.8669 68.00 266.00 91.00 288.00 15.00 0
2011_001260 -0.2661 1.00 118.00 103.00 316.00 345.00 0
2011_001260 0.0486 97.00 135.00 371.00 305.00 45.00 0
2011_001260 -0.5562 350.00 133.00 500.00 253.00 45.00 0
2011_001260 -0.6879 256.00 103.00 354.00 154.00 330.00 0
2011_001260 -1.0751 368.00 124.00 500.00 171.00 105.00 0
2011_001260 -0.9561 364.00 117.00 500.00 167.00 105.00 0
2011_001261 -0.6901 1.00 46.00 46.00 130.00 345.00 0
2011_001261 0.4099 39.00 62.00 460.00 291.00 330.00 0
2011_001271 -0.5365 1.00 182.00 183.00 274.00 45.00 0
2011_001271 -1.2766 273.00 179.00 320.00 213.00 345.00 0
2011_001271 -1.0253 164.00 187.00 229.00 235.00 165.00 0
2011_001271 0.3067 283.00 161.00 500.00 256.00 75.00 0
2011_001311 -0.9464 1.00 67.00 107.00 211.00 15.00 0
2011_001311 0.0556 128.00 83.00 360.00 262.00 0.00 0
2011_001313 -2.0253 230.00 363.00 292.00 375.00 105.00 0
2011_001313 -1.9253 95.00 361.00 150.00 375.00 105.00 0
2011_001406 -1.5663 1.00 364.00 41.00 399.00 165.00 0
2011_001406 -1.1651 1.00 432.00 38.00 500.00 345.00 0
2011_001524 -0.8700 274.00 1.00 382.00 51.00 15.00 0
2011_001524 -1.2135 193.00 1.00 274.00 41.00 15.00 0
2011_001524 -1.0225 119.00 1.00 185.00 39.00 330.00 0
2011_001535 -0.9190 137.00 87.00 176.00 143.00 195.00 0
2011_001535 -1.9187 203.00 90.00 225.00 108.00 15.00 0
2011_001596 -1.4355 328.00 168.00 385.00 196.00 270.00 0
2011_001596 -1.3404 23.00 163.00 79.00 193.00 345.00 0
2011_001596 -1.7236 401.00 178.00 444.00 197.00 105.00 0
2011_001641 -0.8852 1.00 95.00 345.00 413.00 15.00 0
2011_001669 -1.9237 331.00 240.00 359.00 259.00 345.00 0
2011_001747 -0.4180 23.00 160.00 103.00 204.00 45.00 0
2011_001801 0.1904 25.00 181.00 109.00 238.00 0.00 0
2011_001824 -1.2571 47.00 200.00 115.00 231.00 45.00 0
2011_001982 0.9875 43.00 117.00 449.00 303.00 30.00 0
2011_002002 -1.9227 431.00 69.00 472.00 88.00 105.00 0
2011_002021 -0.6926 389.00 138.00 500.00 219.00 15.00 0
2011_002033 -0.1974 1.00 187.00 373.00 341.00 285.00 0
2011_002064 -1.3607 76.00 86.00 121.00 124.00 15.00 0
2011_002064 -0.8660 133.00 80.00 256.00 130.00 105.00 0
2011_002064 -0.8869 378.00 67.00 500.00 139.00 105.00 0
2011_002174 -1.4417 340.00 322.00 383.00 359.00 15.00 0
2011_002174 -1.0799 228.00 302.00 321.00 367.00 195.00 0
2011_002174 -0.8167 314.00 314.00 349.00 367.00 195.00 0
2011_002174 -1.4812 365.00 318.00 407.00 351.00 345.00 0
2011_002215 -0.9542 1.00 267.00 177.00 374.00 195.00 0
2011_002215 -0.8796 134.00 287.00 270.00 374.00 270.00 0
2011_002215 -0.9450 222.00 277.00 292.00 311.00 345.00 0
2011_002234 -0.2839 15.00 67.00 500.00 333.00 330.00 0
2011_002322 -1.0245 1.00 1.00 339.00 125.00 105.00 0
2011_002366 -0.6818 56.00 48.00 341.00 141.00 195.00 0
2011_002384 -1.0772 305.00 217.00 494.00 316.00 15.00 0
2011_002384 -1.2229 433.00 208.00 500.00 249.00 270.00 0
2011_002536 -0.1193 270.00 270.00 352.00 309.00 330.00 0
2011_002592 0.0582 45.00 21.00 473.00 342.00 15.00 0
2011_002629 -1.4632 472.00 194.00 500.00 245.00 165.00 0
2011_002725 -0.6619 59.00 159.00 290.00 312.00 285.00 0
2011_002796 0.1149 79.00 68.00 167.00 137.00 0.00 0
2011_002796 -1.6437 202.00 69.00 237.00 92.00 15.00 0
2011_002812 0.4103 1.00 159.00 123.00 223.00 30.00 0
2011_002925 -1.6294 271.00 277.00 317.00 299.00 105.00 0
2011_002925 -0.8518 302.00 356.00 375.00 467.00 330.00 0
2011_002962 -0.9367 422.00 152.00 500.00 238.00 165.00 0
2011_002978 -1.1999 2.00 185.00 104.00 236.00 0.00 0
2011_002978 -1.0967 19.00 196.00 103.00 237.00 120.00 0
2011_003019 -0.5832 116.00 1.00 341.00 61.00 330.00 0
2011_003029 -0.3606 19.00 50.00 500.00 375.00 165.00 0
2011_003055 -0.3458 41.00 54.00 493.00 371.00 45.00 0
2011_003114 -1.1563 373.00 172.00 402.00 234.00 195.00 0
2011_003176 -2.0339 285.00 214.00 307.00 229.00 15.00 0
2011_003185 -0.9156 1.00 65.00 500.00 367.00 45.00 0
2011_003269 0.5400 19.00 347.00 309.00 461.00 60.00 0
