2008_000002 -1.0100 34.00 11.00 448.00 293.00 0.00 0
2008_000016 -0.6895 91.00 15.00 392.00 353.00 120.00 0
2008_000145 -0.3693 91.00 59.00 449.00 297.00 0.00 0
2008_000244 -1.0954 55.00 1.00 457.00 375.00 0.00 0
2008_000305 -0.5857 308.00 89.00 429.00 160.00 0.00 0
2008_000383 -0.9525 8.00 66.00 106.00 146.00 30.00 0
2008_000566 -0.9774 225.00 218.00 347.00 334.00 315.00 0
2008_000566 -1.1384 408.00 117.00 500.00 206.00 120.00 0
2008_000566 -1.3616 280.00 247.00 401.00 360.00 75.00 0
2008_000904 -0.1687 281.00 10.00 415.00 120.00 0.00 0
2008_001401 -1.0767 370.00 127.00 500.00 240.00 345.00 0
2008_001428 0.1324 39.00 1.00 463.00 356.00 0.00 0
2008_001481 -0.8897 296.00 138.00 375.00 259.00 255.00 0
2008_001481 -0.8052 1.00 134.00 97.00 259.00 345.00 0
2008_001688 -1.1754 193.00 111.00 364.00 222.00 330.00 0
2008_001772 -1.6972 416.00 173.00 451.00 211.00 30.00 0
2008_001815 -0.7978 1.00 5.00 214.00 206.00 330.00 0
2008_001920 -1.0861 143.00 58.00 288.00 189.00 60.00 0
2008_001920 -0.7704 297.00 48.00 480.00 208.00 0.00 0
2008_002082 -0.0116 356.00 88.00 429.00 143.00 0.00 0
2008_002140 -0.9625 1.00 1.00 304.00 317.00 255.00 0
2008_002328 -1.1962 1.00 255.00 235.00 375.00 60.00 0
2008_002464 -0.6864 154.00 78.00 494.00 334.00 0.00 0
2008_002481 -1.3208 271.00 234.00 320.00 278.00 0.00 0
2008_002680 -0.6745 37.00 34.00 290.00 237.00 0.00 0
2008_002817 -0.9738 154.00 1.00 404.00 216.00 0.00 0
2008_002826 -1.0254 340.00 107.00 500.00 250.00 0.00 0
2008_002831 -0.8727 1.00 1.00 375.00 237.00 0.00 0
2008_003003 -1.1902 111.00 73.00 247.00 164.00 180.00 0
2008_003026 -1.1873 353.00 163.00 500.00 375.00 60.00 0
2008_003202 -1.2964 455.00 109.00 498.00 156.00 30.00 0
2008_003280 -1.3793 233.00 180.00 277.00 262.00 30.00 0
2008_003280 -1.1647 275.00 181.00 310.00 274.00 60.00 0
2008_003348 -0.1386 201.00 117.00 293.00 215.00 0.00 0
2008_003432 0.0052 44.00 100.00 141.00 189.00 345.00 0
2008_003432 -0.3608 146.00 91.00 234.00 175.00 0.00 0
2008_003432 -0.8508 221.00 84.00 308.00 171.00 0.00 0
2008_003432 -0.4076 306.00 85.00 391.00 164.00 0.00 0
2008_003432 -1.3606 198.00 38.00 279.00 93.00 180.00 0
2008_003466 -0.0316 128.00 73.00 357.00 287.00 0.00 0
2008_003609 -1.1223 255.00 15.00 409.00 139.00 180.00 0
2008_003753 -1.2276 322.00 186.00 376.00 236.00 0.00 0
2008_003825 -1.1025 1.00 345.00 269.00 417.00 0.00 0
2008_003885 -0.3988 129.00 47.00 444.00 308.00 0.00 0
2008_003948 -1.0825 48.00 149.00 279.00 310.00 0.00 0
2008_003948 -1.2039 269.00 125.00 465.00 275.00 180.00 0
2008_004006 -1.1114 1.00 1.00 451.00 145.00 180.00 0
2008_004093 -0.8142 73.00 113.00 349.00 324.00 345.00 0
2008_004279 -1.1383 130.00 10.00 379.00 183.00 180.00 0
2008_004297 -0.9981 273.00 19.00 445.00 167.00 0.00 0
2008_004330 0.1273 230.00 52.00 329.00 143.00 0.00 0
2008_004333 -1.0338 310.00 103.00 500.00 285.00 120.00 0
2008_004501 -0.7483 1.00 119.00 88.00 276.00 285.00 0
2008_004526 -1.1365 1.00 147.00 325.00 500.00 30.00 0
2008_004541 -1.1013 157.00 141.00 294.00 255.00 30.00 0
2008_004550 -0.9753 60.00 111.00 140.00 229.00 315.00 0
2008_004606 -1.1242 1.00 1.00 126.00 137.00 270.00 0
2008_004665 -1.5382 50.00 170.00 102.00 211.00 30.00 0
2008_004720 -0.2957 246.00 84.00 327.00 169.00 0.00 0
2008_004720 -0.8706 171.00 86.00 251.00 186.00 0.00 0
2008_004754 -0.4556 127.00 1.00 354.00 192.00 0.00 0
2008_004881 -0.8387 368.00 50.00 500.00 229.00 75.00 0
2008_004898 -0.7353 61.00 9.00 176.00 100.00 345.00 0
2008_004910 -0.1771 237.00 158.00 350.00 256.00 0.00 0
2008_004930 -0.9050 24.00 4.00 476.00 373.00 0.00 0
2008_005008 -0.4073 219.00 106.00 389.00 250.00 0.00 0
2008_005037 -0.7254 347.00 29.00 429.00 132.00 30.00 0
2008_005089 -0.7273 155.00 149.00 299.00 276.00 330.00 0
2008_005183 -1.1520 270.00 183.00 384.00 294.00 180.00 0
2008_005191 -1.2073 203.00 186.00 275.00 232.00 0.00 0
2008_005254 -0.3521 106.00 37.00 452.00 286.00 30.00 0
2008_005255 -0.4480 157.00 63.00 490.00 294.00 0.00 0
2008_005257 -1.0152 243.00 125.00 306.00 172.00 0.00 0
2008_005393 -0.7912 168.00 131.00 335.00 261.00 0.00 0
2008_005439 -1.0784 17.00 114.00 289.00 483.00 75.00 0
2008_005445 -1.1589 58.00 149.00 147.00 248.00 300.00 0
2008_005660 -0.8144 4.00 95.00 263.00 329.00 0.00 0
2008_005660 -1.0659 259.00 105.00 472.00 294.00 0.00 0
2008_005732 -0.5825 1.00 114.00 54.00 172.00 345.00 0
2008_005732 -1.3882 455.00 98.00 500.00 138.00 30.00 0
2008_005877 -0.5447 8.00 80.00 262.00 285.00 0.00 0
2008_005918 -0.6554 160.00 117.00 356.00 279.00 0.00 0
2008_005957 -1.0643 342.00 97.00 500.00 253.00 345.00 0
2008_005962 -0.9327 80.00 43.00 390.00 283.00 180.00 0
2008_006031 -0.2170 128.00 93.00 354.00 273.00 0.00 0
2008_006047 -1.2333 262.00 60.00 368.00 128.00 0.00 0
2008_006147 -0.8713 242.00 6.00 471.00 372.00 0.00 0
2008_006147 -0.0452 2.00 6.00 245.00 382.00 0.00 0
2008_006159 -1.0170 303.00 172.00 444.00 313.00 30.00 0
2008_006233 -0.2643 64.00 1.00 226.00 144.00 0.00 0
2008_006267 -1.0815 19.00 291.00 204.00 375.00 30.00 0
2008_006267 -0.6003 1.00 164.00 57.00 261.00 315.00 0
2008_006267 -1.2375 45.00 148.00 142.00 225.00 180.00 0
2008_006288 -1.1263 43.00 16.00 201.00 226.00 180.00 0
2008_006366 -0.2509 263.00 310.00 349.00 386.00 0.00 0
2008_006409 -0.3144 58.00 70.00 329.00 282.00 15.00 0
2008_006591 -1.1300 190.00 1.00 393.00 71.00 180.00 0
2008_006591 -1.2627 388.00 1.00 500.00 85.00 180.00 0
2008_006605 -0.9372 253.00 123.00 331.00 227.00 75.00 0
2008_006605 -1.0118 361.00 150.00 445.00 234.00 30.00 0
2008_006617 -0.7199 107.00 82.00 379.00 298.00 0.00 0
2008_006662 -0.2937 51.00 90.00 180.00 221.00 0.00 0
2008_006662 -1.0766 1.00 110.00 54.00 220.00 345.00 0
2008_006710 -1.1186 1.00 299.00 99.00 375.00 285.00 0
2008_006710 -1.1876 1.00 243.00 76.00 326.00 180.00 0
2008_006773 -0.9633 241.00 198.00 316.00 245.00 0.00 0
2008_006887 -1.4263 1.00 132.00 48.00 187.00 90.00 0
2008_006948 -1.0171 352.00 109.00 417.00 161.00 15.00 0
2008_007010 -0.4291 248.00 135.00 363.00 214.00 0.00 0
2008_007114 -0.5327 45.00 210.00 301.00 484.00 0.00 0
2008_007196 -1.1568 1.00 185.00 180.00 447.00 180.00 0
2008_007196 -0.7090 203.00 1.00 375.00 179.00 45.00 0
2008_007196 -1.0729 176.00 133.00 355.00 288.00 75.00 0
2008_007282 -1.3887 64.00 232.00 121.00 280.00 30.00 0
2008_007324 -1.0434 128.00 2.00 310.00 188.00 0.00 0
2008_007332 -1.2325 1.00 51.00 158.00 303.00 330.00 0
2008_007446 -0.9693 175.00 91.00 344.00 280.00 120.00 0
2008_007446 -0.8250 1.00 118.00 187.00 375.00 330.00 0
2008_007476 -0.9136 1.00 177.00 119.00 319.00 285.00 0
2008_007527 -0.6638 177.00 123.00 293.00 226.00 0.00 0
2008_007536 -0.8091 31.00 35.00 345.00 329.00 15.00 0
2008_007561 -0.0499 274.00 35.00 381.00 152.00 0.00 0
2008_007567 -1.1344 223.00 16.00 388.00 152.00 60.00 0
2008_007685 -1.2228 1.00 141.00 112.00 375.00 330.00 0
2008_007685 -0.6104 154.00 272.00 244.00 363.00 15.00 0
2008_007798 -0.7288 96.00 41.00 288.00 218.00 45.00 0
2008_007828 -1.3259 185.00 192.00 233.00 248.00 30.00 0
2008_007828 -1.0598 434.00 187.00 500.00 296.00 60.00 0
2008_007933 -0.8513 17.00 1.00 266.00 225.00 0.00 0
2008_007933 -0.7910 268.00 1.00 408.00 229.00 0.00 0
2008_007933 -1.0739 17.00 238.00 267.00 308.00 30.00 0
2008_007933 -1.2991 271.00 247.00 408.00 308.00 180.00 0
2008_008269 -0.2513 138.00 54.00 365.00 263.00 0.00 0
2008_008429 0.3787 53.00 78.00 295.00 258.00 0.00 0
2008_008439 -0.7674 379.00 157.00 489.00 253.00 30.00 0
2008_008524 -0.7929 429.00 124.00 500.00 246.00 45.00 0
2009_000041 -1.1412 192.00 28.00 452.00 235.00 15.00 0
2009_000041 -0.7815 25.00 95.00 214.00 326.00 285.00 0
2009_000136 -0.1457 1.00 109.00 88.00 240.00 315.00 0
2009_000157 -0.9267 60.00 256.00 129.00 323.00 30.00 0
2009_000157 -1.4202 286.00 258.00 333.00 337.00 45.00 0
2009_000214 -1.2191 179.00 109.00 228.00 173.00 0.00 0
2009_000216 -1.0052 8.00 12.00 280.00 265.00 180.00 0
2009_000391 -0.6520 80.00 18.00 249.00 202.00 0.00 0
2009_000398 -1.0912 89.00 338.00 275.00 500.00 345.00 0
2009_000398 -1.6735 182.00 307.00 225.00 325.00 30.00 0
2009_000398 -1.4192 142.00 324.00 231.00 349.00 180.00 0
2009_000488 -1.0293 21.00 1.00 193.00 95.00 0.00 0
2009_000549 -1.0608 392.00 85.00 482.00 215.00 30.00 0
2009_000552 -1.3009 1.00 1.00 72.00 109.00 180.00 0
2009_000704 -0.9550 1.00 162.00 60.00 227.00 345.00 0
2009_000704 -1.3678 308.00 162.00 358.00 212.00 30.00 0
2009_000791 -0.4470 82.00 1.00 322.00 198.00 0.00 0
2009_000939 -1.6162 201.00 158.00 254.00 198.00 180.00 0
2009_001000 -1.5675 84.00 39.00 124.00 69.00 30.00 0
2009_001069 -0.3381 142.00 25.00 403.00 265.00 0.00 0
2009_001106 -0.4297 206.00 228.00 282.00 328.00 0.00 0
2009_001106 -1.2756 158.00 230.00 204.00 330.00 180.00 0
2009_001155 -1.1331 1.00 74.00 163.00 333.00 180.00 0
2009_001343 -1.4148 229.00 70.00 275.00 112.00 345.00 0
2009_001363 -1.2144 180.00 6.00 342.00 97.00 180.00 0
2009_001393 -0.6840 86.00 1.00 467.00 375.00 45.00 0
2009_001526 -1.1472 122.00 2.00 478.00 203.00 75.00 0
2009_001644 -0.3511 288.00 131.00 386.00 193.00 0.00 0
2009_001682 -1.2299 165.00 126.00 352.00 250.00 270.00 0
2009_001839 -0.4321 90.00 105.00 245.00 231.00 0.00 0
2009_001839 -0.9866 368.00 102.00 461.00 222.00 120.00 0
2009_001839 -1.4840 482.00 102.00 500.00 215.00 330.00 0
2009_001852 -0.6856 12.00 58.00 450.00 350.00 0.00 0
2009_001864 -1.1346 89.00 122.00 211.00 213.00 180.00 0
2009_002094 -1.1659 259.00 1.00 439.00 112.00 0.00 0
2009_002094 -1.1335 51.00 1.00 161.00 67.00 330.00 0
2009_002110 -1.0989 1.00 1.00 258.00 375.00 75.00 0
2009_002110 -1.0885 227.00 94.00 289.00 190.00 75.00 0
2009_002110 -1.4886 281.00 78.00 311.00 144.00 30.00 0
2009_002139 -0.5202 145.00 147.00 267.00 241.00 0.00 0
2009_002232 -0.2659 23.00 10.00 461.00 375.00 0.00 0
2009_002366 -1.0008 196.00 1.00 408.00 191.00 15.00 0
2009_002537 -0.9956 406.00 211.00 500.00 375.00 0.00 0
2009_002562 -0.4986 1.00 115.00 375.00 415.00 0.00 0
2009_002573 -0.7538 160.00 194.00 272.00 294.00 15.00 0
2009_002663 -1.1505 236.00 1.00 310.00 86.00 45.00 0
2009_002733 -0.4711 8.00 27.00 237.00 294.00 330.00 0
2009_002733 -0.6678 226.00 12.00 395.00 225.00 0.00 0
2009_002755 -1.1563 327.00 3.00 479.00 83.00 180.00 0
2009_002967 -0.7897 96.00 5.00 372.00 329.00 15.00 0
2009_002995 -1.1061 44.00 1.00 358.00 280.00 30.00 0
2009_003140 -1.1312 99.00 32.00 261.00 206.00 300.00 0
2009_003191 -0.9187 29.00 194.00 101.00 264.00 0.00 0
2009_003204 0.0293 86.00 19.00 230.00 154.00 0.00 0
2009_003214 -1.0442 217.00 84.00 383.00 225.00 0.00 0
2009_003214 -0.8841 36.00 74.00 219.00 228.00 0.00 0
2009_003373 -1.4361 196.00 110.00 225.00 179.00 30.00 0
2009_003387 -1.4032 114.00 54.00 164.00 91.00 180.00 0
2009_003387 -1.5019 37.00 57.00 90.00 91.00 180.00 0
2009_003523 -1.0104 111.00 108.00 448.00 350.00 0.00 0
2009_003537 -0.6618 47.00 111.00 195.00 244.00 15.00 0
2009_003551 -0.5491 187.00 155.00 481.00 439.00 45.00 0
2009_003551 -0.6209 1.00 1.00 166.00 500.00 330.00 0
2009_003554 -0.2925 134.00 122.00 216.00 202.00 0.00 0
2009_003857 -0.8019 136.00 82.00 282.00 187.00 0.00 0
2009_003895 -0.6379 8.00 111.00 163.00 255.00 330.00 0
2009_003895 -0.4565 157.00 115.00 336.00 289.00 0.00 0
2009_003895 -1.1670 151.00 1.00 264.00 38.00 180.00 0
2009_004062 -0.8896 1.00 74.00 59.00 153.00 45.00 0
2009_004062 -1.2742 45.00 74.00 117.00 146.00 30.00 0
2009_004062 -1.0520 112.00 82.00 184.00 151.00 15.00 0
2009_004062 -0.8980 181.00 71.00 254.00 145.00 45.00 0
2009_004062 -1.0939 253.00 85.00 316.00 147.00 345.00 0
2009_004062 -1.0851 319.00 67.00 401.00 142.00 0.00 0
2009_004062 -1.1346 399.00 62.00 478.00 135.00 15.00 0
2009_004062 -1.7394 483.00 65.00 500.00 145.00 30.00 0
2009_004062 -1.3783 1.00 138.00 52.00 198.00 30.00 0
2009_004062 -1.2020 46.00 143.00 118.00 213.00 345.00 0
2009_004062 -1.3844 116.00 149.00 182.00 202.00 180.00 0
2009_004062 -1.3072 181.00 139.00 254.00 203.00 180.00 0
2009_004062 -1.3248 252.00 147.00 315.00 213.00 90.00 0
2009_004062 -1.0461 311.00 139.00 387.00 212.00 300.00 0
2009_004062 -1.1299 387.00 134.00 459.00 201.00 345.00 0
2009_004062 -1.5488 472.00 143.00 500.00 215.00 75.00 0
2009_004062 -1.4836 1.00 190.00 36.00 258.00 60.00 0
2009_004062 -1.2233 34.00 195.00 106.00 264.00 345.00 0
2009_004062 -1.1509 108.00 200.00 174.00 272.00 270.00 0
2009_004062 -1.0520 170.00 194.00 245.00 265.00 45.00 0
2009_004062 -0.9842 244.00 200.00 318.00 266.00 0.00 0
2009_004062 -1.0991 319.00 198.00 398.00 272.00 330.00 0
2009_004062 -0.9339 396.00 189.00 464.00 264.00 345.00 0
2009_004062 -1.4937 478.00 199.00 500.00 277.00 345.00 0
2009_004062 -1.2295 1.00 260.00 55.00 333.00 30.00 0
2009_004062 -1.2163 47.00 260.00 138.00 325.00 30.00 0
2009_004062 -1.0459 152.00 242.00 237.00 325.00 180.00 0
2009_004062 -1.0092 236.00 255.00 305.00 326.00 0.00 0
2009_004062 -0.9310 313.00 262.00 384.00 331.00 0.00 0
2009_004062 -1.3342 382.00 262.00 464.00 317.00 0.00 0
2009_004062 -1.4512 465.00 270.00 500.00 330.00 30.00 0
2009_004062 -1.6237 1.00 329.00 42.00 351.00 30.00 0
2009_004062 -1.2162 42.00 318.00 128.00 358.00 0.00 0
2009_004062 -1.2871 134.00 321.00 219.00 362.00 30.00 0
2009_004062 -1.0385 226.00 324.00 311.00 375.00 0.00 0
2009_004062 -1.1727 310.00 337.00 403.00 375.00 30.00 0
2009_004062 -1.3510 322.00 323.00 387.00 367.00 30.00 0
2009_004062 -1.4446 403.00 339.00 464.00 375.00 180.00 0
2009_004062 -1.7710 468.00 328.00 500.00 343.00 30.00 0
2009_004128 -0.8300 60.00 209.00 186.00 346.00 0.00 0
2009_004138 -0.8050 50.00 137.00 164.00 210.00 0.00 0
2009_004243 -1.4914 218.00 120.00 267.00 160.00 180.00 0
2009_004243 -1.4723 153.00 141.00 192.00 167.00 30.00 0
2009_004359 -0.6864 309.00 14.00 500.00 253.00 45.00 0
2009_004478 -0.3907 18.00 4.00 340.00 370.00 0.00 0
2009_004763 -0.6580 188.00 87.00 352.00 280.00 45.00 0
2009_004902 -0.9588 88.00 1.00 423.00 166.00 180.00 0
2009_004922 -1.1872 278.00 99.00 339.00 184.00 30.00 0
2009_004993 -0.8541 1.00 152.00 122.00 353.00 180.00 0
2009_005062 -1.1091 83.00 46.00 183.00 137.00 345.00 0
2009_005221 -1.1092 89.00 47.00 273.00 248.00 30.00 0
2009_005288 -1.3053 361.00 140.00 419.00 231.00 30.00 0
2009_005310 -0.7291 124.00 214.00 192.00 279.00 330.00 0
2010_000053 -1.0350 61.00 57.00 498.00 320.00 180.00 0
2010_000178 -1.5064 389.00 220.00 423.00 248.00 30.00 0
2010_000291 -0.9665 227.00 1.00 500.00 277.00 0.00 0
2010_000291 -0.9977 1.00 1.00 229.00 308.00 0.00 0
2010_000318 -0.3433 336.00 64.00 500.00 249.00 30.00 0
2010_000318 -1.0848 1.00 99.00 142.00 245.00 180.00 0
2010_000375 0.1535 324.00 164.00 402.00 236.00 15.00 0
2010_000379 -0.9739 232.00 37.00 411.00 305.00 0.00 0
2010_000435 -0.0910 259.00 95.00 323.00 153.00 0.00 0
2010_000442 -1.0516 31.00 165.00 354.00 375.00 0.00 0
2010_000449 -1.0150 57.00 139.00 120.00 221.00 345.00 0
2010_000669 0.0531 200.00 124.00 271.00 176.00 0.00 0
2010_000705 -0.5210 115.00 190.00 202.00 250.00 0.00 0
2010_000738 -1.0023 367.00 119.00 434.00 189.00 45.00 0
2010_000738 -1.3922 307.00 120.00 368.00 170.00 30.00 0
2010_000931 -1.0556 237.00 70.00 340.00 176.00 0.00 0
2010_000931 -0.2795 128.00 63.00 239.00 170.00 0.00 0
2010_000944 -1.1705 218.00 105.00 351.00 221.00 0.00 0
2010_001099 -0.9364 7.00 60.00 500.00 336.00 0.00 0
2010_001127 -0.9552 1.00 52.00 42.00 142.00 330.00 0
2010_001270 -0.9377 241.00 47.00 351.00 171.00 0.00 0
2010_001367 -1.2077 1.00 50.00 144.00 283.00 0.00 0
2010_001690 -0.4217 1.00 1.00 489.00 418.00 0.00 0
2010_001752 0.2976 128.00 25.00 371.00 191.00 15.00 0
2010_001862 -1.0640 1.00 112.00 88.00 235.00 330.00 0
2010_001918 -0.5764 45.00 46.00 244.00 235.00 0.00 0
2010_002002 -0.5290 280.00 76.00 363.00 152.00 0.00 0
2010_002094 -0.9345 9.00 8.00 499.00 316.00 180.00 0
2010_002167 -0.6900 57.00 96.00 363.00 424.00 0.00 0
2010_002245 -0.7715 178.00 117.00 331.00 249.00 345.00 0
2010_002247 -0.4046 106.00 31.00 286.00 221.00 0.00 0
2010_002247 -0.7309 401.00 31.00 500.00 145.00 0.00 0
2010_002402 0.1945 343.00 161.00 409.00 223.00 0.00 0
2010_002427 -1.0655 70.00 1.00 500.00 332.00 180.00 0
2010_002526 -1.2401 63.00 190.00 118.00 238.00 0.00 0
2010_002526 -1.2391 288.00 169.00 329.00 228.00 270.00 0
2010_002561 -0.2248 219.00 64.00 367.00 225.00 0.00 0
2010_002586 -0.7913 153.00 34.00 260.00 116.00 345.00 0
2010_002652 -1.0836 68.00 134.00 183.00 248.00 0.00 0
2010_002770 -0.8429 1.00 1.00 500.00 375.00 15.00 0
2010_002791 -0.9648 38.00 160.00 336.00 460.00 270.00 0
2010_002921 -0.7592 258.00 175.00 354.00 272.00 0.00 0
2010_002921 -0.5965 126.00 169.00 250.00 276.00 345.00 0
2010_002921 -0.4092 48.00 184.00 129.00 271.00 15.00 0
2010_003103 -0.1207 332.00 168.00 437.00 253.00 0.00 0
2010_003236 -0.3103 66.00 14.00 351.00 279.00 0.00 0
2010_003287 -1.1131 363.00 163.00 500.00 300.00 75.00 0
2010_003461 -0.7891 226.00 117.00 401.00 299.00 315.00 0
2010_003688 -0.7085 125.00 4.00 399.00 202.00 345.00 0
2010_003728 -0.4712 197.00 95.00 288.00 179.00 0.00 0
2010_003857 -0.4752 40.00 21.00 470.00 360.00 0.00 0
2010_003942 -0.7288 165.00 37.00 457.00 237.00 0.00 0
2010_003942 -0.7830 1.00 44.00 160.00 229.00 0.00 0
2010_004050 -1.1532 67.00 105.00 151.00 182.00 345.00 0
2010_004095 -0.9745 74.00 153.00 136.00 219.00 330.00 0
2010_004102 -1.5355 1.00 145.00 28.00 204.00 30.00 0
2010_004102 -1.4522 1.00 226.00 27.00 285.00 30.00 0
2010_004102 -1.1543 181.00 188.00 291.00 289.00 180.00 0
2010_004102 -0.4312 69.00 188.00 180.00 293.00 0.00 0
2010_004125 -0.7346 271.00 139.00 324.00 179.00 0.00 0
2010_004137 -0.5237 190.00 34.00 350.00 123.00 0.00 0
2010_004254 -0.7093 337.00 151.00 500.00 346.00 30.00 0
2010_004460 -0.2932 108.00 170.00 314.00 349.00 0.00 0
2010_004479 -0.6898 1.00 9.00 139.00 278.00 315.00 0
2010_004503 -0.7688 17.00 40.00 324.00 263.00 30.00 0
2010_004545 -0.9292 120.00 61.00 309.00 252.00 30.00 0
2010_004586 -0.7911 356.00 79.00 441.00 161.00 45.00 0
2010_004836 -0.2862 111.00 70.00 372.00 267.00 0.00 0
2010_004857 -0.4587 142.00 61.00 265.00 180.00 0.00 0
2010_004857 -0.8979 5.00 85.00 85.00 228.00 300.00 0
2010_004982 -1.2025 38.00 37.00 136.00 142.00 180.00 0
2010_005049 -1.1562 431.00 48.00 500.00 144.00 60.00 0
2010_005158 -0.5990 59.00 103.00 420.00 333.00 0.00 0
2010_005180 -0.6179 157.00 168.00 221.00 218.00 0.00 0
2010_005239 -0.6237 100.00 324.00 297.00 456.00 0.00 0
2010_005239 -1.0274 121.00 192.00 309.00 330.00 345.00 0
2010_005243 0.0379 397.00 91.00 456.00 140.00 0.00 0
2010_005305 -1.1221 1.00 1.00 199.00 76.00 180.00 0
2010_005345 -0.6374 86.00 40.00 358.00 297.00 0.00 0
2010_005372 -0.8640 157.00 236.00 242.00 318.00 0.00 0
2010_005410 -0.9974 375.00 133.00 437.00 182.00 0.00 0
2010_005676 0.1203 241.00 170.00 362.00 289.00 0.00 0
2010_005827 -0.9512 1.00 1.00 500.00 286.00 180.00 0
2010_005884 -1.5298 414.00 1.00 474.00 29.00 345.00 0
2011_000009 -0.5225 95.00 37.00 215.00 182.00 300.00 0
2011_000036 -0.8292 130.00 90.00 285.00 230.00 0.00 0
2011_000037 -1.3603 226.00 166.00 288.00 217.00 15.00 0
2011_000037 -1.5752 12.00 187.00 40.00 251.00 300.00 0
2011_000038 -0.1076 204.00 25.00 337.00 127.00 0.00 0
2011_000061 -0.0799 321.00 2.00 447.00 109.00 0.00 0
2011_000061 -0.5660 31.00 29.00 125.00 113.00 0.00 0
2011_000061 -0.1776 279.00 169.00 428.00 298.00 30.00 0
2011_000071 -0.6725 224.00 130.00 345.00 243.00 0.00 0
2011_000077 -0.4884 75.00 4.00 315.00 244.00 0.00 0
2011_000253 -0.3890 391.00 188.00 456.00 245.00 0.00 0
2011_000253 -1.7520 203.00 161.00 221.00 182.00 30.00 0
2011_000288 -0.1148 209.00 88.00 345.00 227.00 15.00 0
2011_000364 -0.4686 394.00 92.00 494.00 185.00 15.00 0
2011_000607 -1.2040 367.00 162.00 425.00 226.00 30.00 0
2011_000608 -1.2160 347.00 142.00 450.00 226.00 180.00 0
2011_000685 -0.8569 49.00 26.00 437.00 359.00 330.00 0
2011_000965 -0.8726 271.00 136.00 369.00 237.00 30.00 0
2011_001149 -0.9099 400.00 46.00 500.00 171.00 315.00 0
2011_001223 -1.3664 116.00 184.00 164.00 226.00 30.00 0
2011_001223 -1.5472 179.00 186.00 234.00 232.00 30.00 0
2011_001304 -1.2189 3.00 104.00 64.00 171.00 300.00 0
2011_001370 -1.3267 48.00 111.00 139.00 183.00 180.00 0
2011_001387 -0.9516 36.00 117.00 291.00 368.00 0.00 0
2011_001404 -0.0719 214.00 53.00 293.00 124.00 0.00 0
2011_001404 -1.2186 306.00 37.00 352.00 81.00 330.00 0
2011_001507 -0.9983 1.00 94.00 233.00 258.00 180.00 0
2011_001507 -0.9128 265.00 96.00 499.00 263.00 0.00 0
2011_001573 -0.2051 264.00 103.00 335.00 174.00 30.00 0
2011_001573 -0.8202 320.00 135.00 374.00 203.00 45.00 0
2011_001705 -0.0392 148.00 82.00 297.00 228.00 0.00 0
2011_001726 -0.4892 155.00 132.00 233.00 199.00 0.00 0
2011_001837 -0.8661 75.00 82.00 141.00 138.00 0.00 0
2011_001856 -0.1335 89.00 143.00 154.00 199.00 345.00 0
2011_001910 -1.0627 235.00 173.00 326.00 316.00 60.00 0
2011_001946 -1.4220 103.00 196.00 148.00 238.00 30.00 0
2011_002154 -0.4469 301.00 161.00 436.00 298.00 15.00 0
2011_002292 -0.3541 33.00 26.00 214.00 218.00 0.00 0
2011_002507 -1.5372 188.00 42.00 236.00 83.00 30.00 0
2011_002509 -1.1447 359.00 139.00 416.00 170.00 0.00 0
2011_002532 -0.3282 251.00 41.00 426.00 176.00 0.00 0
2011_002532 -0.5179 17.00 41.00 193.00 181.00 0.00 0
2011_002610 -0.2532 39.00 96.00 105.00 149.00 0.00 0
2011_002644 -0.7727 154.00 150.00 223.00 221.00 330.00 0
2011_002750 -1.2471 262.00 128.00 320.00 184.00 90.00 0
2011_002802 -1.0852 1.00 76.00 136.00 197.00 315.00 0
2011_002810 -0.3963 28.00 201.00 91.00 259.00 0.00 0
2011_002879 -0.5516 171.00 125.00 330.00 239.00 0.00 0
2011_002970 -0.7999 63.00 15.00 376.00 347.00 0.00 0
2011_003079 -0.7668 220.00 182.00 298.00 260.00 0.00 0
2011_003254 -0.5740 147.00 199.00 281.00 309.00 0.00 0
